/*--------------------------------*- C++ -*----------------------------------*\
| =========                 |                                                 |
| \\      /  F ield         | OpenFOAM: The Open Source CFD Toolbox           |
|  \\    /   O peration     | Version:  5.x                                   |
|   \\  /    A nd           | Web:      www.OpenFOAM.org                      |
|    \\/     M anipulation  |                                                 |
\*---------------------------------------------------------------------------*/
FoamFile
{
    version     2.0;
    format      ascii;
    class       surfaceScalarField;
    location    "0.5";
    object      phi;
}
// * * * * * * * * * * * * * * * * * * * * * * * * * * * * * * * * * * * * * //

dimensions      [0 3 -1 0 0 0 0];

internalField   nonuniform List<scalar> 
7860
(
0.00283465
0.00216536
0.00262147
0.000213172
0.00260885
1.26143e-05
0.00260608
2.77482e-06
0.00260855
-2.46306e-06
0.00260704
1.5037e-06
0.00260573
1.31225e-06
0.00260396
1.76395e-06
0.00260258
1.38869e-06
0.00260136
1.21705e-06
0.0026004
9.56871e-07
0.00259963
7.72451e-07
0.00259903
5.97254e-07
0.00259857
4.59609e-07
0.00259823
3.43836e-07
0.00259798
2.52328e-07
0.0025978
1.81577e-07
0.00259767
1.28139e-07
0.00259758
8.92308e-08
0.00259752
6.13875e-08
0.00259748
4.09545e-08
0.00259745
2.68173e-08
0.00259743
1.69046e-08
0.00259742
1.12213e-08
0.00259741
7.73265e-09
0.00259741
4.73058e-09
0.00259741
2.35436e-09
0.0025974
1.9861e-09
0.0025974
1.98522e-09
0.0025974
1.28484e-09
0.0025974
2.72729e-10
0.0025974
2.35884e-10
0.0025974
3.6201e-10
0.0025974
7.2893e-10
0.0025974
3.44379e-10
0.0025974
6.15899e-11
0.0025974
-3.16732e-10
0.0025974
1.29526e-11
0.0025974
3.75506e-10
0.0025974
3.23032e-10
0.0025974
-8.40085e-11
0.0025974
-4.74308e-12
0.0025974
2.24251e-10
0.0025974
3.08808e-10
0.0025974
1.03455e-10
0.0025974
-1.42878e-10
0.0025974
-6.60116e-12
0.0025974
2.28974e-10
0.0025974
1.74968e-10
0.0025974
7.76558e-11
0.0025974
-3.73929e-11
0.0025974
4.20749e-11
0.0025974
8.33358e-11
0.0025974
-5.17916e-11
0.0025974
-2.80593e-10
0.0025974
-4.31447e-11
0.0025974
2.00401e-10
0.0025974
4.52339e-11
0.0025974
-2.90115e-10
0.0025974
-1.36391e-10
0.0025974
1.46519e-10
0.0025974
1.12538e-10
0.0025974
7.98958e-11
0.0025974
2.86615e-11
0.0025974
-2.05002e-10
0.0025974
-3.00435e-10
0.0025974
-2.01401e-10
0.0025974
-2.22767e-10
0.0025974
-3.27141e-10
0.0025974
-8.10372e-11
0.0025974
1.52829e-10
0.0025974
2.20327e-10
0.0025974
2.06999e-10
0.0025974
2.15329e-10
0.0025974
1.7708e-10
0.0025974
1.83628e-10
0.0025974
1.76161e-10
0.0025974
6.76545e-11
0.0025974
1.4437e-11
0.0025974
7.1615e-11
0.0025974
1.85777e-10
0.0025974
2.76588e-10
0.0025974
3.22436e-10
0.0025974
4.89305e-10
0.0025974
1.04122e-09
0.00259739
1.97066e-09
0.00259739
3.21502e-09
0.00259739
4.85456e-09
0.00259738
7.53931e-09
0.00259737
1.15028e-08
0.00259735
1.71066e-08
0.00259733
2.3874e-08
0.00259729
3.16461e-08
0.00259726
3.63306e-08
0.00259722
3.36359e-08
0.0025972
2.45932e-08
0.00259709
1.0636e-07
0.00259639
7.04105e-07
0.00259377
2.61681e-06
-1.17721e-06
0.00456831
0.00259705
0.00437578
0.000405701
0.00434658
4.18126e-05
0.00434245
6.90747e-06
0.00434511
-5.12084e-06
0.00434326
3.35149e-06
0.00434133
3.23738e-06
0.00433885
4.24872e-06
0.00433681
3.4274e-06
0.00433502
3.00134e-06
0.0043336
2.38185e-06
0.00433244
1.92718e-06
0.00433154
1.50025e-06
0.00433084
1.1596e-06
0.00433031
8.71665e-07
0.00432992
6.43486e-07
0.00432963
4.64744e-07
0.00432943
3.29215e-07
0.00432929
2.3084e-07
0.00432919
1.60225e-07
0.00432913
1.07199e-07
0.00432908
7.11074e-08
0.00432905
4.69077e-08
0.00432903
3.1155e-08
0.00432902
2.00516e-08
0.00432901
1.27887e-08
0.00432901
7.89338e-09
0.004329
5.76936e-09
0.004329
4.16712e-09
0.004329
2.92636e-09
0.004329
1.37446e-09
0.004329
1.01146e-09
0.004329
7.2593e-10
0.004329
7.19575e-10
0.004329
-7.18925e-11
0.004329
-4.361e-11
0.004329
-4.0257e-10
0.004329
-3.27326e-10
0.004329
3.1634e-11
0.004329
4.40812e-10
0.004329
1.51007e-10
0.004329
2.57718e-10
0.004329
4.12366e-10
0.004329
5.41259e-10
0.004329
3.71622e-10
0.004329
1.02426e-10
0.004329
1.67642e-10
0.004329
4.78969e-10
0.004329
2.40848e-10
0.004329
1.8132e-10
0.004329
9.83367e-11
0.004329
9.02763e-11
0.004329
-4.49163e-11
0.004329
-1.0069e-10
0.004329
-2.97358e-10
0.004329
-7.04676e-11
0.004329
1.64443e-10
0.004329
1.51065e-10
0.004329
-1.79065e-10
0.004329
-2.18745e-11
0.004329
1.94193e-10
0.004329
4.14771e-11
0.004329
-7.56945e-11
0.004329
-4.6778e-11
0.004329
-3.8154e-10
0.004329
-6.19454e-10
0.004329
-5.02986e-10
0.004329
-3.68198e-10
0.004329
-5.20093e-10
0.004329
-2.76563e-10
0.004329
2.04497e-11
0.004329
1.98459e-10
0.004329
2.35743e-10
0.004329
3.37148e-10
0.004329
3.03074e-10
0.004329
3.06348e-10
0.004329
2.9744e-10
0.004329
1.98421e-10
0.004329
1.48437e-10
0.004329
2.49558e-10
0.004329
3.96776e-10
0.004329
6.65128e-10
0.004329
9.74279e-10
0.00432899
1.6471e-09
0.00432899
2.96425e-09
0.00432899
5.1228e-09
0.00432898
8.21509e-09
0.00432898
1.2649e-08
0.00432896
1.95387e-08
0.00432895
2.94992e-08
0.00432892
4.35209e-08
0.00432888
6.10436e-08
0.00432883
8.21969e-08
0.00432877
9.80843e-08
0.0043287
1.06008e-07
0.00432861
1.16525e-07
0.00432828
4.29352e-07
0.00432694
2.04837e-06
0.00432234
7.21723e-06
7.94088e-06
0.0050727
0.00252434
0.00495583
0.000522572
0.00492279
7.4858e-05
0.00492021
9.48231e-06
0.00492173
-6.64231e-06
0.0049203
4.7823e-06
0.00491835
5.18288e-06
0.00491601
6.58517e-06
0.00491401
5.43019e-06
0.00491227
4.74174e-06
0.00491086
3.79566e-06
0.00490971
3.07662e-06
0.0049088
2.40744e-06
0.00490809
1.86642e-06
0.00490756
1.40895e-06
0.00490716
1.0448e-06
0.00490686
7.57924e-07
0.00490666
5.38428e-07
0.00490651
3.7816e-07
0.0049064
2.63574e-07
0.00490633
1.77803e-07
0.00490629
1.18108e-07
0.00490626
7.8101e-08
0.00490624
5.21473e-08
0.00490622
3.35981e-08
0.00490621
2.12967e-08
0.00490621
1.36692e-08
0.0049062
9.94431e-09
0.0049062
6.51908e-09
0.0049062
4.43303e-09
0.0049062
2.42188e-09
0.0049062
1.64485e-09
0.0049062
1.19413e-09
0.0049062
9.15398e-10
0.0049062
-3.91765e-10
0.0049062
-3.36622e-10
0.0049062
-4.16767e-10
0.0049062
-3.7645e-10
0.0049062
-1.78875e-10
0.0049062
4.70378e-10
0.0049062
3.7979e-10
0.0049062
5.58587e-10
0.0049062
6.9959e-10
0.0049062
7.19405e-10
0.0049062
5.43889e-10
0.0049062
3.63759e-10
0.0049062
3.87324e-10
0.0049062
7.30425e-10
0.0049062
2.84208e-10
0.0049062
1.24091e-10
0.0049062
1.5117e-10
0.0049062
2.31212e-10
0.0049062
-6.9216e-11
0.0049062
-2.17378e-10
0.0049062
-3.43565e-10
0.0049062
-4.60313e-11
0.0049062
2.18002e-10
0.0049062
2.94537e-10
0.0049062
-3.99177e-12
0.0049062
1.28275e-10
0.0049062
3.16382e-10
0.0049062
8.86129e-11
0.0049062
-2.27888e-10
0.0049062
-2.73301e-10
0.0049062
-5.8021e-10
0.0049062
-8.62546e-10
0.0049062
-8.11887e-10
0.0049062
-5.96103e-10
0.0049062
-6.92041e-10
0.0049062
-4.71459e-10
0.0049062
-1.67791e-10
0.0049062
9.33485e-11
0.0049062
2.04796e-10
0.0049062
3.49811e-10
0.0049062
3.26684e-10
0.0049062
3.59792e-10
0.0049062
3.99425e-10
0.0049062
3.12357e-10
0.0049062
2.70908e-10
0.0049062
4.16756e-10
0.0049062
6.64532e-10
0.0049062
1.15259e-09
0.00490619
1.7212e-09
0.00490619
2.90565e-09
0.00490619
5.09056e-09
0.00490619
8.59717e-09
0.00490618
1.35932e-08
0.00490618
2.08686e-08
0.00490616
3.20328e-08
0.00490614
4.81649e-08
0.00490612
7.09084e-08
0.00490608
9.9736e-08
0.00490602
1.36121e-07
0.00490595
1.681e-07
0.00490586
2.03685e-07
0.00490571
2.65847e-07
0.00490522
9.10803e-07
0.00490359
3.68027e-06
0.00489773
1.30798e-05
2.27865e-05
0.00521047
0.00231387
0.00513989
0.000593156
0.00511251
0.000102233
0.00511112
1.08754e-05
0.00511198
-7.50311e-06
0.00511092
5.83812e-06
0.00510923
6.87277e-06
0.00510727
8.55201e-06
0.00510553
7.16169e-06
0.00510403
6.24806e-06
0.00510279
5.03563e-06
0.00510177
4.08967e-06
0.00510097
3.21323e-06
0.00510033
2.50035e-06
0.00509985
1.89333e-06
0.00509949
1.40914e-06
0.00509922
1.02591e-06
0.00509903
7.31181e-07
0.00509889
5.14781e-07
0.00509879
3.59785e-07
0.00509873
2.44523e-07
0.00509868
1.62939e-07
0.00509865
1.07298e-07
0.00509863
7.14299e-08
0.00509862
4.68755e-08
0.00509861
3.00359e-08
0.00509861
1.89661e-08
0.0050986
1.32834e-08
0.0050986
8.53946e-09
0.0050986
5.86802e-09
0.0050986
3.54339e-09
0.0050986
2.11161e-09
0.0050986
1.33898e-09
0.0050986
1.08287e-09
0.0050986
-4.80859e-10
0.0050986
-6.49515e-10
0.0050986
-6.23696e-10
0.0050986
-4.7758e-10
0.0050986
-2.81193e-10
0.0050986
5.41854e-10
0.0050986
6.20212e-10
0.0050986
8.08453e-10
0.0050986
9.91359e-10
0.0050986
9.7693e-10
0.0050986
8.29725e-10
0.0050986
6.23144e-10
0.0050986
4.78522e-10
0.0050986
8.73893e-10
0.0050986
4.71616e-10
0.0050986
2.07156e-10
0.0050986
1.43144e-10
0.0050986
2.56593e-10
0.0050986
1.41411e-11
0.0050986
-1.86175e-10
0.0050986
-3.96162e-10
0.0050986
-1.10871e-10
0.0050986
2.93901e-10
0.0050986
5.17497e-10
0.0050986
2.02572e-10
0.0050986
1.91687e-10
0.0050986
3.63493e-10
0.0050986
1.41073e-10
0.0050986
-2.97718e-10
0.0050986
-4.89094e-10
0.0050986
-8.02197e-10
0.0050986
-1.11486e-09
0.0050986
-1.0912e-09
0.0050986
-8.16723e-10
0.0050986
-8.73557e-10
0.0050986
-7.12839e-10
0.0050986
-4.06567e-10
0.0050986
-5.43696e-11
0.0050986
1.9982e-10
0.0050986
3.87149e-10
0.0050986
3.56365e-10
0.0050986
3.74621e-10
0.0050986
5.16321e-10
0.0050986
4.98306e-10
0.0050986
4.80707e-10
0.0050986
6.02708e-10
0.0050986
8.97162e-10
0.00509859
1.61524e-09
0.00509859
2.51871e-09
0.00509859
4.17473e-09
0.00509859
7.09855e-09
0.00509859
1.18285e-08
0.00509858
1.86641e-08
0.00509858
2.85669e-08
0.00509856
4.35825e-08
0.00509855
6.52517e-08
0.00509852
9.60433e-08
0.00509849
1.35671e-07
0.00509843
1.87867e-07
0.00509836
2.39761e-07
0.00509825
3.16857e-07
0.00509806
4.54505e-07
0.00509749
1.48525e-06
0.00509582
5.3438e-06
0.00508954
1.93611e-05
3.78768e-05
0.00523372
0.00208015
0.00519443
0.000632452
0.00517355
0.000123116
0.00517303
1.13866e-05
0.0051735
-7.96632e-06
0.00517281
6.52801e-06
0.00517145
8.22852e-06
0.0051699
1.01004e-05
0.00516851
8.55766e-06
0.00516729
7.4683e-06
0.00516627
6.05251e-06
0.00516543
4.92742e-06
0.00516476
3.88566e-06
0.00516423
3.02903e-06
0.00516382
2.30363e-06
0.00516351
1.71973e-06
0.00516328
1.25611e-06
0.00516311
8.98433e-07
0.00516299
6.34434e-07
0.0051629
4.4441e-07
0.00516285
3.03075e-07
0.00516281
2.02702e-07
0.00516278
1.33603e-07
0.00516276
8.85738e-08
0.00516275
5.8634e-08
0.00516274
3.80701e-08
0.00516274
2.37941e-08
0.00516274
1.60617e-08
0.00516273
1.02491e-08
0.00516273
7.14022e-09
0.00516273
4.58453e-09
0.00516273
2.52043e-09
0.00516273
1.25038e-09
0.00516273
1.06568e-09
0.00516273
-5.09388e-10
0.00516273
-8.77048e-10
0.00516273
-9.05875e-10
0.00516273
-6.45348e-10
0.00516273
-3.37198e-10
0.00516273
6.81551e-10
0.00516273
8.75288e-10
0.00516273
1.03079e-09
0.00516273
1.26886e-09
0.00516273
1.25684e-09
0.00516273
1.16067e-09
0.00516273
9.10707e-10
0.00516273
5.57208e-10
0.00516273
9.41122e-10
0.00516273
6.66294e-10
0.00516273
3.81464e-10
0.00516273
1.68539e-10
0.00516273
2.23892e-10
0.00516273
7.50595e-11
0.00516273
-8.14715e-11
0.00516273
-3.69834e-10
0.00516273
-1.80929e-10
0.00516273
3.05371e-10
0.00516273
7.00005e-10
0.00516273
4.10654e-10
0.00516273
2.42723e-10
0.00516273
3.5596e-10
0.00516273
1.56891e-10
0.00516273
-3.14534e-10
0.00516273
-6.26043e-10
0.00516273
-9.92964e-10
0.00516273
-1.37666e-09
0.00516273
-1.38161e-09
0.00516273
-1.04255e-09
0.00516273
-1.04567e-09
0.00516273
-9.45848e-10
0.00516273
-6.52139e-10
0.00516273
-2.08388e-10
0.00516273
2.17154e-10
0.00516273
4.84489e-10
0.00516273
4.39378e-10
0.00516273
3.92097e-10
0.00516273
6.14126e-10
0.00516273
7.04381e-10
0.00516273
7.52316e-10
0.00516273
8.3633e-10
0.00516273
1.12675e-09
0.00516273
2.01741e-09
0.00516273
3.27375e-09
0.00516273
5.37912e-09
0.00516273
8.92017e-09
0.00516272
1.46569e-08
0.00516272
2.31057e-08
0.00516271
3.52898e-08
0.0051627
5.36177e-08
0.00516269
8.00014e-08
0.00516266
1.17787e-07
0.00516263
1.67205e-07
0.00516259
2.34992e-07
0.00516252
3.09348e-07
0.0051624
4.37111e-07
0.00516218
6.65025e-07
0.00516159
2.07508e-06
0.00516002
6.91926e-06
0.00515412
2.52593e-05
5.102e-05
0.00522291
0.00185723
0.00520675
0.000648611
0.00519187
0.000138001
0.00519196
1.12906e-05
0.0051922
-8.20291e-06
0.00519184
6.89221e-06
0.00519083
9.23602e-06
0.0051897
1.12332e-05
0.00518864
9.61083e-06
0.00518772
8.3942e-06
0.00518693
6.83587e-06
0.00518628
5.57902e-06
0.00518575
4.41483e-06
0.00518533
3.44945e-06
0.005185
2.63224e-06
0.00518475
1.9707e-06
0.00518456
1.44385e-06
0.00518443
1.03638e-06
0.00518433
7.34272e-07
0.00518426
5.14739e-07
0.00518421
3.51533e-07
0.00518417
2.35981e-07
0.00518415
1.56113e-07
0.00518414
1.03359e-07
0.00518413
6.84827e-08
0.00518412
4.48516e-08
0.00518412
2.80788e-08
0.00518411
1.85942e-08
0.00518411
1.18069e-08
0.00518411
8.21178e-09
0.00518411
5.4377e-09
0.00518411
2.92446e-09
0.00518411
1.14814e-09
0.00518411
9.96019e-10
0.00518411
-4.9801e-10
0.00518411
-9.95258e-10
0.00518411
-1.1523e-09
0.00518411
-8.21247e-10
0.00518411
-3.58169e-10
0.00518411
8.82304e-10
0.00518411
1.12201e-09
0.00518411
1.20946e-09
0.00518411
1.51034e-09
0.00518411
1.52844e-09
0.00518411
1.46891e-09
0.00518411
1.18665e-09
0.00518411
6.45689e-10
0.00518411
9.67433e-10
0.00518411
7.97276e-10
0.00518411
5.52497e-10
0.00518411
2.29996e-10
0.00518411
2.06069e-10
0.00518411
9.45935e-11
0.00518411
-1.69768e-12
0.00518411
-2.9973e-10
0.00518411
-1.82772e-10
0.00518411
2.93943e-10
0.00518411
8.18207e-10
0.00518411
5.99497e-10
0.00518411
3.23676e-10
0.00518411
3.48628e-10
0.00518411
1.42362e-10
0.00518411
-3.42033e-10
0.00518411
-7.28612e-10
0.00518411
-1.14458e-09
0.00518411
-1.61058e-09
0.00518411
-1.67046e-09
0.00518411
-1.26862e-09
0.00518411
-1.18801e-09
0.00518411
-1.11348e-09
0.00518411
-8.57088e-10
0.00518411
-3.48821e-10
0.00518411
2.32403e-10
0.00518411
6.04599e-10
0.00518411
5.66073e-10
0.00518411
4.33302e-10
0.00518411
6.84313e-10
0.00518411
8.87167e-10
0.00518411
1.03825e-09
0.00518411
1.11588e-09
0.00518411
1.3743e-09
0.00518411
2.36846e-09
0.00518411
3.92691e-09
0.00518411
6.43925e-09
0.0051841
1.05004e-08
0.0051841
1.7031e-08
0.0051841
2.68012e-08
0.00518409
4.08201e-08
0.00518408
6.18516e-08
0.00518407
9.20908e-08
0.00518405
1.35688e-07
0.00518403
1.9361e-07
0.00518399
2.7613e-07
0.00518392
3.73236e-07
0.0051838
5.56321e-07
0.00518359
8.78489e-07
0.00518301
2.65002e-06
0.00518163
8.30499e-06
0.00517657
3.03152e-05
6.16624e-05
0.00520416
0.00165307
0.00520564
0.000647134
0.00519614
0.0001475
0.00519664
1.079e-05
0.00519675
-8.30515e-06
0.00519666
6.97813e-06
0.00519599
9.90728e-06
0.00519525
1.19757e-05
0.00519453
1.03327e-05
0.00519389
9.03485e-06
0.00519333
7.38972e-06
0.00519286
6.04581e-06
0.00519248
4.79958e-06
0.00519217
3.75935e-06
0.00519192
2.87697e-06
0.00519173
2.15947e-06
0.00519159
1.58653e-06
0.00519149
1.14241e-06
0.00519141
8.11732e-07
0.00519135
5.69952e-07
0.00519131
3.89596e-07
0.00519129
2.62113e-07
0.00519127
1.7421e-07
0.00519126
1.15538e-07
0.00519125
7.63984e-08
0.00519125
5.03211e-08
0.00519124
3.167e-08
0.00519124
2.09092e-08
0.00519124
1.31836e-08
0.00519124
9.01697e-09
0.00519124
6.07232e-09
0.00519124
3.34281e-09
0.00519124
1.10913e-09
0.00519124
8.94143e-10
0.00519124
-4.99598e-10
0.00519124
-1.03369e-09
0.00519124
-1.30881e-09
0.00519124
-9.756e-10
0.00519124
-3.88705e-10
0.00519124
1.08643e-09
0.00519124
1.36177e-09
0.00519124
1.35694e-09
0.00519124
1.70079e-09
0.00519124
1.76192e-09
0.00519124
1.73081e-09
0.00519124
1.44339e-09
0.00519124
7.53048e-10
0.00519124
9.60375e-10
0.00519124
8.47811e-10
0.00519124
6.95535e-10
0.00519123
3.26824e-10
0.00519123
2.21783e-10
0.00519123
9.02715e-11
0.00519123
4.2765e-11
0.00519123
-2.02197e-10
0.00519123
-1.05323e-10
0.00519123
2.95833e-10
0.00519123
8.86222e-10
0.00519123
7.61744e-10
0.00519123
4.34621e-10
0.00519123
3.58634e-10
0.00519123
1.0029e-10
0.00519123
-4.12328e-10
0.00519123
-8.33678e-10
0.00519123
-1.25629e-09
0.00519123
-1.78405e-09
0.00519123
-1.92521e-09
0.00519123
-1.49076e-09
0.00519123
-1.30988e-09
0.00519123
-1.21376e-09
0.00519123
-1.01223e-09
0.00519123
-4.8951e-10
0.00519123
2.08115e-10
0.00519123
7.03163e-10
0.00519123
7.08307e-10
0.00519123
4.95753e-10
0.00519123
7.3017e-10
0.00519123
1.02989e-09
0.00519123
1.31029e-09
0.00519123
1.42439e-09
0.00519123
1.6366e-09
0.00519123
2.6677e-09
0.00519123
4.45407e-09
0.00519123
7.31726e-09
0.00519123
1.17948e-08
0.00519123
1.89125e-08
0.00519123
2.95755e-08
0.00519122
4.50851e-08
0.00519122
6.81657e-08
0.00519121
1.01378e-07
0.00519119
1.49537e-07
0.00519117
2.14488e-07
0.00519114
3.10214e-07
0.00519108
4.29535e-07
0.00519097
6.67613e-07
0.00519077
1.08105e-06
0.00519024
3.17097e-06
0.00518911
9.44277e-06
0.0051851
3.43191e-05
6.97065e-05
0.0051855
0.00146757
0.00520066
0.000631968
0.00519593
0.000152233
0.00519669
1.00364e-05
0.00519669
-8.311e-06
0.00519683
6.83593e-06
0.00519648
1.02648e-05
0.0051961
1.23591e-05
0.00519569
1.07426e-05
0.00519532
9.4053e-06
0.00519498
7.72314e-06
0.00519469
6.33351e-06
0.00519445
5.04268e-06
0.00519425
3.9592e-06
0.00519409
3.03793e-06
0.00519396
2.28559e-06
0.00519386
1.68339e-06
0.00519379
1.21568e-06
0.00519374
8.66057e-07
0.0051937
6.09104e-07
0.00519367
4.16916e-07
0.00519365
2.80912e-07
0.00519364
1.87489e-07
0.00519363
1.24831e-07
0.00519362
8.24335e-08
0.00519362
5.43512e-08
0.00519362
3.44601e-08
0.00519361
2.28394e-08
0.00519361
1.42804e-08
0.00519361
9.50261e-09
0.00519361
6.44159e-09
0.00519361
3.71458e-09
0.00519361
1.10748e-09
0.00519361
7.3996e-10
0.00519361
-5.59547e-10
0.00519361
-1.0479e-09
0.00519361
-1.37227e-09
0.00519361
-1.08174e-09
0.00519361
-4.32393e-10
0.00519361
1.25298e-09
0.00519361
1.59542e-09
0.00519361
1.49812e-09
0.00519361
1.84776e-09
0.00519361
1.94584e-09
0.00519361
1.93637e-09
0.00519361
1.66812e-09
0.00519361
8.86269e-10
0.00519361
9.40364e-10
0.00519361
8.35895e-10
0.00519361
8.07089e-10
0.00519361
4.59988e-10
0.00519361
2.84744e-10
0.00519361
9.19617e-11
0.00519361
6.44675e-11
0.00519361
-9.16364e-11
0.00519361
3.55108e-11
0.00519361
3.28705e-10
0.00519361
9.16378e-10
0.00519361
8.84146e-10
0.00519361
5.45867e-10
0.00519361
3.86208e-10
0.00519361
5.22445e-11
0.00519361
-5.16387e-10
0.00519361
-9.64448e-10
0.00519361
-1.34628e-09
0.00519361
-1.88862e-09
0.00519361
-2.12398e-09
0.00519361
-1.71703e-09
0.00519361
-1.44584e-09
0.00519361
-1.28178e-09
0.00519361
-1.12173e-09
0.00519361
-6.28842e-10
0.00519361
1.31177e-10
0.00519361
7.48203e-10
0.00519361
8.43879e-10
0.00519361
5.80877e-10
0.00519361
7.72429e-10
0.00519361
1.13419e-09
0.00519361
1.55025e-09
0.00519361
1.73817e-09
0.00519361
1.90762e-09
0.00519361
2.91455e-09
0.00519361
4.84598e-09
0.00519361
7.98423e-09
0.00519361
1.27618e-08
0.00519361
2.02642e-08
0.0051936
3.14571e-08
0.0051936
4.79186e-08
0.0051936
7.25265e-08
0.00519359
1.07809e-07
0.00519358
1.59241e-07
0.00519357
2.29587e-07
0.00519354
3.3645e-07
0.00519349
4.75956e-07
0.0051934
7.6462e-07
0.00519322
1.25955e-06
0.00519278
3.60668e-06
0.00519192
1.02999e-05
0.00518906
3.71838e-05
7.51792e-05
0.00516898
0.0012986
0.00519496
0.000605983
0.00519442
0.000152775
0.00519532
9.14355e-06
0.00519523
-8.22751e-06
0.00519555
6.51534e-06
0.00519548
1.03355e-05
0.00519543
1.24158e-05
0.00519531
1.0863e-05
0.00519519
9.52327e-06
0.00519506
7.84806e-06
0.00519495
6.45036e-06
0.00519484
5.1491e-06
0.00519475
4.0517e-06
0.00519467
3.11664e-06
0.0051946
2.34967e-06
0.00519455
1.73444e-06
0.00519451
1.2558e-06
0.00519448
8.96891e-07
0.00519446
6.31867e-07
0.00519444
4.33223e-07
0.00519443
2.92291e-07
0.00519442
1.95728e-07
0.00519442
1.30958e-07
0.00519441
8.6497e-08
0.00519441
5.70353e-08
0.00519441
3.63427e-08
0.00519441
2.41121e-08
0.00519441
1.50075e-08
0.0051944
9.68292e-09
0.0051944
6.51192e-09
0.0051944
3.94959e-09
0.0051944
1.09027e-09
0.0051944
5.23198e-10
0.0051944
-6.86819e-10
0.0051944
-1.08135e-09
0.00519441
-1.37653e-09
0.00519441
-1.1289e-09
0.00519441
-4.72868e-10
0.00519441
1.35939e-09
0.00519441
1.80601e-09
0.00519441
1.63958e-09
0.00519441
1.963e-09
0.00519441
2.08022e-09
0.0051944
2.0866e-09
0.0051944
1.84945e-09
0.0051944
1.04506e-09
0.0051944
9.3591e-10
0.0051944
7.90311e-10
0.0051944
8.8884e-10
0.0051944
6.20414e-10
0.0051944
4.01115e-10
0.0051944
1.30086e-10
0.0051944
8.41665e-11
0.0051944
1.89918e-11
0.0051944
2.10404e-10
0.0051944
3.9681e-10
0.0051944
9.22307e-10
0.0051944
9.65412e-10
0.0051944
6.26782e-10
0.0051944
4.18007e-10
0.0051944
1.98508e-11
0.0051944
-6.25747e-10
0.0051944
-1.12505e-09
0.0051944
-1.43831e-09
0.0051944
-1.93411e-09
0.0051944
-2.24902e-09
0.0051944
-1.93802e-09
0.0051944
-1.61604e-09
0.0051944
-1.35515e-09
0.0051944
-1.19405e-09
0.0051944
-7.53107e-10
0.0051944
1.41606e-11
0.0051944
7.21941e-10
0.0051944
9.53442e-10
0.0051944
6.8738e-10
0.0051944
8.31992e-10
0.0051944
1.21297e-09
0.0051944
1.74869e-09
0.0051944
2.03213e-09
0.0051944
2.18043e-09
0.0051944
3.10988e-09
0.0051944
5.10087e-09
0.0051944
8.41553e-09
0.0051944
1.33809e-08
0.0051944
2.10202e-08
0.0051944
3.24702e-08
0.0051944
4.94326e-08
0.0051944
7.48939e-08
0.00519439
1.11353e-07
0.00519439
1.64749e-07
0.00519438
2.38724e-07
0.00519436
3.54125e-07
0.00519432
5.10414e-07
0.00519425
8.41779e-07
0.0051941
1.40304e-06
0.00519377
3.93517e-06
0.00519322
1.08578e-05
0.00519151
3.88866e-05
7.8176e-05
0.00515488
0.00114372
0.00518952
0.000571337
0.00519266
0.000149637
0.00519362
8.19106e-06
0.00519344
-8.04688e-06
0.00519389
6.06256e-06
0.00519408
1.01484e-05
0.00519432
1.21779e-05
0.00519446
1.07178e-05
0.00519457
9.40809e-06
0.00519464
7.7781e-06
0.00519469
6.40628e-06
0.00519471
5.12573e-06
0.00519472
4.04133e-06
0.00519472
3.11588e-06
0.00519472
2.35346e-06
0.00519471
1.74061e-06
0.0051947
1.26324e-06
0.00519469
9.04481e-07
0.00519469
6.38321e-07
0.00519468
4.38372e-07
0.00519468
2.96176e-07
0.00519468
1.98862e-07
0.00519467
1.33725e-07
0.00519467
8.84887e-08
0.00519467
5.83218e-08
0.00519467
3.72285e-08
0.00519467
2.46794e-08
0.00519467
1.53472e-08
0.00519467
9.56587e-09
0.00519467
6.31905e-09
0.00519467
4.00456e-09
0.00519467
1.03662e-09
0.00519467
2.69321e-10
0.00519467
-8.83945e-10
0.00519467
-1.14096e-09
0.00519467
-1.33726e-09
0.00519467
-1.11239e-09
0.00519467
-4.92297e-10
0.00519467
1.3931e-09
0.00519467
1.98121e-09
0.00519467
1.78203e-09
0.00519467
2.05821e-09
0.00519467
2.1765e-09
0.00519467
2.18249e-09
0.00519467
1.98097e-09
0.00519467
1.19956e-09
0.00519467
9.57843e-10
0.00519467
7.37728e-10
0.00519467
9.39622e-10
0.00519467
7.93145e-10
0.00519467
5.59426e-10
0.00519467
2.21149e-10
0.00519467
1.22962e-10
0.00519467
1.1915e-10
0.00519467
3.88511e-10
0.00519467
5.01564e-10
0.00519467
9.19519e-10
0.00519467
9.96462e-10
0.00519467
6.63676e-10
0.00519467
4.39309e-10
0.00519467
6.4778e-12
0.00519467
-7.08198e-10
0.00519467
-1.30125e-09
0.00519467
-1.55459e-09
0.00519467
-1.95312e-09
0.00519467
-2.30665e-09
0.00519467
-2.14129e-09
0.00519467
-1.83244e-09
0.00519467
-1.48471e-09
0.00519467
-1.25368e-09
0.00519467
-8.60311e-10
0.00519467
-1.19689e-10
0.00519467
6.28746e-10
0.00519467
1.00818e-09
0.00519467
8.00355e-10
0.00519467
9.21428e-10
0.00519467
1.28486e-09
0.00519467
1.90285e-09
0.00519467
2.28315e-09
0.00519467
2.4436e-09
0.00519467
3.25881e-09
0.00519467
5.20368e-09
0.00519467
8.59933e-09
0.00519467
1.36352e-08
0.00519467
2.12362e-08
0.00519467
3.26408e-08
0.00519467
4.96374e-08
0.00519467
7.52857e-08
0.00519467
1.12023e-07
0.00519466
1.66069e-07
0.00519466
2.41804e-07
0.00519465
3.62678e-07
0.00519463
5.31248e-07
0.00519458
8.94658e-07
0.00519448
1.50329e-06
0.00519427
4.1418e-06
0.00519402
1.11078e-05
0.00519346
3.9446e-05
7.88374e-05
0.00514299
0.00100072
0.00518462
0.000529705
0.00519099
0.000143272
0.00519195
7.23036e-06
0.00519166
-7.75645e-06
0.0051922
5.51822e-06
0.00519262
9.73294e-06
0.00519312
1.16769e-05
0.00519351
1.03314e-05
0.00519383
9.07997e-06
0.00519408
7.5282e-06
0.00519428
6.21247e-06
0.00519442
4.98086e-06
0.00519453
3.93399e-06
0.0051946
3.03958e-06
0.00519466
2.29966e-06
0.00519469
1.70364e-06
0.00519472
1.23901e-06
0.00519473
8.89417e-07
0.00519474
6.28799e-07
0.00519475
4.32405e-07
0.00519475
2.92545e-07
0.00519476
1.96917e-07
0.00519476
1.3306e-07
0.00519476
8.83045e-08
0.00519476
5.81678e-08
0.00519476
3.71141e-08
0.00519476
2.4536e-08
0.00519476
1.527e-08
0.00519476
9.25113e-09
0.00519476
5.90902e-09
0.00519476
3.87396e-09
0.00519476
9.61808e-10
0.00519476
1.20958e-11
0.00519476
-1.09704e-09
0.00519476
-1.22874e-09
0.00519476
-1.28402e-09
0.00519476
-1.04258e-09
0.00519476
-4.83823e-10
0.00519476
1.35921e-09
0.00519476
2.08436e-09
0.00519476
1.9045e-09
0.00519476
2.1358e-09
0.00519476
2.23225e-09
0.00519476
2.241e-09
0.00519476
2.04976e-09
0.00519476
1.33934e-09
0.00519476
1.00582e-09
0.00519476
7.03775e-10
0.00519476
9.64099e-10
0.00519476
9.52821e-10
0.00519476
7.5168e-10
0.00519476
3.6477e-10
0.00519476
1.86452e-10
0.00519476
2.02775e-10
0.00519476
5.52989e-10
0.00519476
6.34491e-10
0.00519476
9.17781e-10
0.00519476
1.00423e-09
0.00519476
6.52425e-10
0.00519476
4.32951e-10
0.00519476
1.63888e-12
0.00519476
-7.53482e-10
0.00519476
-1.46718e-09
0.00519476
-1.69947e-09
0.00519476
-1.97108e-09
0.00519476
-2.29597e-09
0.00519476
-2.29414e-09
0.00519476
-2.06858e-09
0.00519476
-1.66556e-09
0.00519476
-1.32161e-09
0.00519476
-9.34478e-10
0.00519476
-2.44203e-10
0.00519476
4.78438e-10
0.00519476
1.00302e-09
0.00519476
9.01739e-10
0.00519476
1.0448e-09
0.00519476
1.36784e-09
0.00519476
2.01769e-09
0.00519476
2.47246e-09
0.00519476
2.67901e-09
0.00519476
3.36413e-09
0.00519476
5.18379e-09
0.00519476
8.53039e-09
0.00519476
1.35118e-08
0.00519476
2.09144e-08
0.00519476
3.19922e-08
0.00519476
4.85695e-08
0.00519476
7.37539e-08
0.00519476
1.09884e-07
0.00519477
1.63271e-07
0.00519477
2.38821e-07
0.00519477
3.61762e-07
0.00519476
5.37287e-07
0.00519474
9.20093e-07
0.00519469
1.55474e-06
0.00519461
4.21823e-06
0.00519467
1.10498e-05
0.0051952
3.89093e-05
7.73322e-05
0.00513303
0.000867697
0.00518031
0.000482424
0.00518949
0.000134087
0.00519043
6.2916e-06
0.00519002
-7.34454e-06
0.00519062
4.91626e-06
0.00519124
9.11783e-06
0.00519197
1.09433e-05
0.00519257
9.72829e-06
0.00519309
8.5596e-06
0.00519351
7.11429e-06
0.00519384
5.88126e-06
0.0051941
4.72383e-06
0.00519429
3.73668e-06
0.00519444
2.89267e-06
0.00519455
2.19175e-06
0.00519462
1.62597e-06
0.00519468
1.18463e-06
0.00519472
8.52572e-07
0.00519474
6.03859e-07
0.00519476
4.15602e-07
0.00519477
2.81511e-07
0.00519478
1.89988e-07
0.00519478
1.29007e-07
0.00519478
8.59138e-08
0.00519479
5.65792e-08
0.00519479
3.60449e-08
0.00519479
2.37261e-08
0.00519479
1.48036e-08
0.00519479
8.76585e-09
0.00519479
5.33402e-09
0.00519479
3.57694e-09
0.00519479
8.67578e-10
0.00519479
-1.82722e-10
0.00519479
-1.29731e-09
0.00519479
-1.33684e-09
0.00519479
-1.23586e-09
0.00519479
-9.36374e-10
0.00519479
-4.39678e-10
0.00519479
1.26582e-09
0.00519479
2.10478e-09
0.00519479
1.99041e-09
0.00519479
2.18497e-09
0.00519479
2.25721e-09
0.00519479
2.25565e-09
0.00519479
2.07464e-09
0.00519479
1.44481e-09
0.00519479
1.0734e-09
0.00519479
6.98765e-10
0.00519479
9.67917e-10
0.00519479
1.08983e-09
0.00519479
9.52408e-10
0.00519479
5.50788e-10
0.00519479
2.79566e-10
0.00519479
2.70005e-10
0.00519479
6.86536e-10
0.00519479
7.79197e-10
0.00519479
9.35837e-10
0.00519479
9.98454e-10
0.00519479
6.10262e-10
0.00519479
3.88586e-10
0.00519479
-1.54054e-11
0.00519479
-7.69209e-10
0.00519479
-1.60585e-09
0.00519479
-1.87006e-09
0.00519479
-2.00985e-09
0.00519479
-2.24695e-09
0.00519479
-2.37806e-09
0.00519479
-2.28624e-09
0.00519479
-1.89337e-09
0.00519479
-1.41244e-09
0.00519479
-9.85626e-10
0.00519479
-3.461e-10
0.00519479
3.09189e-10
0.00519479
9.32955e-10
0.00519479
9.74782e-10
0.00519479
1.19252e-09
0.00519479
1.47857e-09
0.00519479
2.10391e-09
0.00519479
2.59145e-09
0.00519479
2.86094e-09
0.00519479
3.4243e-09
0.00519479
5.04872e-09
0.00519479
8.21818e-09
0.00519479
1.30114e-08
0.00519479
2.00569e-08
0.00519479
3.05577e-08
0.00519479
4.62991e-08
0.0051948
7.03879e-08
0.0051948
1.05045e-07
0.00519481
1.56489e-07
0.00519482
2.29886e-07
0.00519483
3.51281e-07
0.00519484
5.27899e-07
0.00519484
9.16226e-07
0.00519484
1.55428e-06
0.0051949
4.16176e-06
0.00519526
1.06919e-05
0.00519682
3.73454e-05
7.38467e-05
0.00512472
0.000742977
0.00517657
0.000430575
0.0051882
0.00012246
0.0051891
5.38975e-06
0.00518856
-6.8037e-06
0.00518919
4.28367e-06
0.00518998
8.33067e-06
0.00519091
1.00065e-05
0.00519171
8.9327e-06
0.0051924
7.86779e-06
0.00519296
6.55306e-06
0.00519342
5.42585e-06
0.00519378
4.36486e-06
0.00519405
3.45729e-06
0.00519427
2.68089e-06
0.00519442
2.03389e-06
0.00519454
1.51059e-06
0.00519462
1.10215e-06
0.00519468
7.95215e-07
0.00519472
5.6434e-07
0.00519475
3.88512e-07
0.00519477
2.63373e-07
0.00519478
1.78259e-07
0.00519479
1.217e-07
0.00519479
8.13713e-08
0.00519479
5.35921e-08
0.0051948
3.40667e-08
0.0051948
2.23005e-08
0.0051948
1.39418e-08
0.0051948
8.11403e-09
0.0051948
4.64508e-09
0.0051948
3.14504e-09
0.0051948
7.49494e-10
0.0051948
-3.25496e-10
0.0051948
-1.4643e-09
0.0051948
-1.45649e-09
0.0051948
-1.21178e-09
0.0051948
-8.21888e-10
0.0051948
-3.79349e-10
0.0051948
1.13321e-09
0.0051948
2.03937e-09
0.0051948
2.03197e-09
0.0051948
2.21349e-09
0.0051948
2.26289e-09
0.0051948
2.25099e-09
0.0051948
2.06326e-09
0.0051948
1.51374e-09
0.0051948
1.14707e-09
0.0051948
7.28728e-10
0.0051948
9.74215e-10
0.0051948
1.18701e-09
0.0051948
1.14129e-09
0.0051948
7.6168e-10
0.0051948
4.07607e-10
0.0051948
3.27816e-10
0.0051948
7.88642e-10
0.0051948
9.24125e-10
0.0051948
9.66367e-10
0.0051948
9.95419e-10
0.0051948
5.59833e-10
0.0051948
3.1146e-10
0.0051948
-5.90218e-11
0.0051948
-7.621e-10
0.0051948
-1.68899e-09
0.0051948
-2.02854e-09
0.0051948
-2.06739e-09
0.0051948
-2.17454e-09
0.0051948
-2.38261e-09
0.0051948
-2.45539e-09
0.0051948
-2.13852e-09
0.0051948
-1.54393e-09
0.0051948
-1.02801e-09
0.0051948
-4.07873e-10
0.0051948
1.46746e-10
0.0051948
8.11591e-10
0.0051948
1.00504e-09
0.0051948
1.3479e-09
0.0051948
1.62444e-09
0.0051948
2.17905e-09
0.0051948
2.64246e-09
0.0051948
2.96389e-09
0.0051948
3.43099e-09
0.0051948
4.81374e-09
0.0051948
7.68547e-09
0.0051948
1.21466e-08
0.0051948
1.86815e-08
0.0051948
2.8382e-08
0.00519481
4.29186e-08
0.00519481
6.53159e-08
0.00519482
9.76666e-08
0.00519483
1.45924e-07
0.00519485
2.1523e-07
0.00519487
3.3141e-07
0.00519489
5.03016e-07
0.00519492
8.82493e-07
0.00519498
1.50119e-06
0.00519516
3.97475e-06
0.00519581
1.00494e-05
0.00519831
3.48389e-05
6.858e-05
0.00511785
0.000625132
0.00517337
0.000375049
0.00518709
0.000108738
0.00518795
4.52961e-06
0.00518728
-6.13229e-06
0.00518792
3.64068e-06
0.00518886
7.39751e-06
0.00518997
8.89457e-06
0.00519093
7.96886e-06
0.00519178
7.02548e-06
0.00519247
5.86174e-06
0.00519303
4.8602e-06
0.00519348
3.91488e-06
0.00519383
3.10442e-06
0.0051941
2.41077e-06
0.00519431
1.83086e-06
0.00519446
1.36103e-06
0.00519457
9.94075e-07
0.00519464
7.19028e-07
0.0051947
5.11377e-07
0.00519473
3.51936e-07
0.00519476
2.38621e-07
0.00519477
1.62022e-07
0.00519478
1.11337e-07
0.00519479
7.47988e-08
0.0051948
4.9276e-08
0.0051948
3.12165e-08
0.0051948
2.03027e-08
0.0051948
1.2687e-08
0.0051948
7.28844e-09
0.0051948
3.87852e-09
0.0051948
2.59691e-09
0.0051948
5.8424e-10
0.0051948
-4.19319e-10
0.0051948
-1.58999e-09
0.00519481
-1.58559e-09
0.00519481
-1.22412e-09
0.00519481
-7.1656e-10
0.00519481
-3.07339e-10
0.00519481
9.82315e-10
0.00519481
1.89928e-09
0.00519481
2.02191e-09
0.00519481
2.22312e-09
0.00519481
2.25361e-09
0.00519481
2.23544e-09
0.00519481
2.03134e-09
0.0051948
1.54898e-09
0.0051948
1.21944e-09
0.0051948
7.91207e-10
0.0051948
9.96796e-10
0.0051948
1.25457e-09
0.0051948
1.29598e-09
0.0051948
9.72336e-10
0.0051948
5.66466e-10
0.0051948
3.8706e-10
0.0051948
8.55178e-10
0.0051948
1.05008e-09
0.0051948
1.00859e-09
0.0051948
1.00193e-09
0.0051948
5.23512e-10
0.0051948
2.1738e-10
0.0051948
-1.41402e-10
0.0051948
-7.58413e-10
0.0051948
-1.72195e-09
0.0051948
-2.15355e-09
0.0051948
-2.14633e-09
0.0051948
-2.11965e-09
0.0051948
-2.33477e-09
0.0051948
-2.56331e-09
0.0051948
-2.37206e-09
0.0051948
-1.71424e-09
0.0051948
-1.08241e-09
0.0051948
-4.37344e-10
0.0051948
1.70951e-11
0.0051948
6.6628e-10
0.0051948
9.88086e-10
0.0051948
1.48884e-09
0.0051948
1.79937e-09
0.0051948
2.25978e-09
0.0051948
2.63941e-09
0.0051948
2.97324e-09
0.0051948
3.36839e-09
0.0051948
4.48989e-09
0.00519481
6.96287e-09
0.00519481
1.09464e-08
0.00519481
1.6821e-08
0.00519481
2.55216e-08
0.00519482
3.85362e-08
0.00519482
5.8702e-08
0.00519483
8.79614e-08
0.00519485
1.31855e-07
0.00519487
1.95218e-07
0.00519489
3.02604e-07
0.00519493
4.63134e-07
0.005195
8.19583e-07
0.0051951
1.39694e-06
0.00519541
3.66405e-06
0.00519632
9.14364e-06
0.00519967
3.14869e-05
6.17401e-05
0.00511223
0.000512903
0.00517069
0.000316591
0.00518617
9.32506e-05
0.00518699
3.7096e-06
0.00518619
-5.33492e-06
0.00518683
3.00123e-06
0.00518789
6.34279e-06
0.00518915
7.63454e-06
0.00519025
6.86093e-06
0.00519123
6.05379e-06
0.00519203
5.05809e-06
0.00519269
4.19891e-06
0.00519322
3.38555e-06
0.00519364
2.6873e-06
0.00519396
2.08947e-06
0.0051942
1.58805e-06
0.00519438
1.18127e-06
0.00519451
8.63385e-07
0.00519461
6.26082e-07
0.00519467
4.46381e-07
0.00519472
3.06895e-07
0.00519475
2.0792e-07
0.00519477
1.41687e-07
0.00519478
9.81845e-08
0.00519479
6.63753e-08
0.0051948
4.37425e-08
0.0051948
2.75487e-08
0.0051948
1.77753e-08
0.0051948
1.10641e-08
0.0051948
6.28772e-09
0.00519481
3.06151e-09
0.00519481
1.96034e-09
0.00519481
3.44035e-10
0.00519481
-4.90217e-10
0.00519481
-1.6728e-09
0.00519481
-1.72302e-09
0.00519481
-1.27798e-09
0.00519481
-6.40226e-10
0.00519481
-2.34805e-10
0.00519481
8.28751e-10
0.00519481
1.7003e-09
0.00519481
1.95471e-09
0.00519481
2.21152e-09
0.00519481
2.23775e-09
0.00519481
2.21934e-09
0.00519481
1.99463e-09
0.00519481
1.55927e-09
0.00519481
1.28244e-09
0.00519481
8.80423e-10
0.00519481
1.04664e-09
0.00519481
1.3039e-09
0.00519481
1.40764e-09
0.00519481
1.15779e-09
0.00519481
7.44809e-10
0.00519481
4.62275e-10
0.00519481
8.89121e-10
0.00519481
1.14671e-09
0.00519481
1.05666e-09
0.00519481
1.01687e-09
0.00519481
5.10699e-10
0.00519481
1.27715e-10
0.00519481
-2.57516e-10
0.00519481
-7.82528e-10
0.00519481
-1.71868e-09
0.00519481
-2.22838e-09
0.00519481
-2.23406e-09
0.00519481
-2.10356e-09
0.00519481
-2.27051e-09
0.00519481
-2.60883e-09
0.00519481
-2.56534e-09
0.00519481
-1.90839e-09
0.00519481
-1.16401e-09
0.00519481
-4.48253e-10
0.00519481
-6.50197e-11
0.00519481
5.27631e-10
0.00519481
9.30519e-10
0.00519481
1.59481e-09
0.00519481
1.98508e-09
0.00519481
2.35642e-09
0.00519481
2.60242e-09
0.00519481
2.88828e-09
0.00519481
3.21938e-09
0.00519481
4.08262e-09
0.00519481
6.08478e-09
0.00519481
9.45597e-09
0.00519481
1.45234e-08
0.00519482
2.20452e-08
0.00519482
3.32708e-08
0.00519483
5.07376e-08
0.00519484
7.61925e-08
0.00519486
1.14635e-07
0.00519488
1.70341e-07
0.00519492
2.65579e-07
0.00519497
4.09285e-07
0.00519506
7.29342e-07
0.00519521
1.24497e-06
0.00519564
3.24036e-06
0.00519678
8.00198e-06
0.00520087
2.73958e-05
5.35424e-05
0.00510773
0.000405173
0.00516849
0.000255834
0.00518542
7.6313e-05
0.00518621
2.92464e-06
0.00518529
-4.42226e-06
0.00518592
2.37373e-06
0.00518707
5.18951e-06
0.00518846
6.25254e-06
0.00518968
5.63309e-06
0.00519076
4.97402e-06
0.00519166
4.16026e-06
0.0051924
3.45716e-06
0.005193
2.7892e-06
0.00519347
2.21572e-06
0.00519383
1.72473e-06
0.00519411
1.31132e-06
0.00519432
9.75699e-07
0.00519447
7.13381e-07
0.00519457
5.18764e-07
0.00519465
3.70996e-07
0.0051947
2.54573e-07
0.00519474
1.72084e-07
0.00519476
1.17772e-07
0.00519478
8.25751e-08
0.00519479
5.63269e-08
0.0051948
3.71464e-08
0.0051948
2.31566e-08
0.0051948
1.47792e-08
0.00519481
9.12604e-09
0.00519481
5.12844e-09
0.00519481
2.21745e-09
0.00519481
1.26577e-09
0.00519481
8.39372e-12
0.00519481
-5.70494e-10
0.00519481
-1.71578e-09
0.00519481
-1.86407e-09
0.00519481
-1.37503e-09
0.00519481
-6.1035e-10
0.00519481
-1.7642e-10
0.00519481
6.84527e-10
0.00519481
1.46332e-09
0.00519481
1.82929e-09
0.00519481
2.17333e-09
0.00519481
2.22057e-09
0.00519481
2.21244e-09
0.00519481
1.96446e-09
0.00519481
1.55372e-09
0.00519481
1.33051e-09
0.00519481
9.83757e-10
0.00519481
1.12558e-09
0.00519481
1.34653e-09
0.00519481
1.47513e-09
0.00519481
1.30315e-09
0.00519481
9.28337e-10
0.00519481
5.58343e-10
0.00519481
9.00312e-10
0.00519481
1.21111e-09
0.00519481
1.1045e-09
0.00519481
1.04055e-09
0.00519481
5.2324e-10
0.00519481
6.08663e-11
0.00519481
-3.92947e-10
0.00519481
-8.45179e-10
0.00519481
-1.69975e-09
0.00519481
-2.24645e-09
0.00519481
-2.30994e-09
0.00519481
-2.12956e-09
0.00519481
-2.22201e-09
0.00519481
-2.60586e-09
0.00519481
-2.69797e-09
0.00519481
-2.09807e-09
0.00519481
-1.27348e-09
0.00519481
-4.5798e-10
0.00519481
-1.00895e-10
0.00519481
4.21075e-10
0.00519481
8.49101e-10
0.00519481
1.65319e-09
0.00519481
2.15611e-09
0.00519481
2.46837e-09
0.00519481
2.55194e-09
0.00519481
2.72264e-09
0.00519481
2.97282e-09
0.00519481
3.59201e-09
0.00519481
5.08475e-09
0.00519481
7.73127e-09
0.00519481
1.18517e-08
0.00519482
1.80341e-08
0.00519482
2.72492e-08
0.00519483
4.16319e-08
0.00519485
6.26631e-08
0.00519487
9.46844e-08
0.0051949
1.41206e-07
0.00519494
2.21295e-07
0.00519501
3.42989e-07
0.00519512
6.14654e-07
0.00519532
1.05048e-06
0.00519584
2.71762e-06
0.00519718
6.65639e-06
0.0052019
2.26793e-05
4.42069e-05
0.00510425
0.000300926
0.00516675
0.000193329
0.00518484
5.82272e-05
0.00518559
2.16799e-06
0.00518458
-3.41034e-06
0.00518519
1.76178e-06
0.00518642
3.95929e-06
0.0051879
4.77399e-06
0.00518922
4.30949e-06
0.00519039
3.80764e-06
0.00519136
3.18679e-06
0.00519217
2.65058e-06
0.00519282
2.13871e-06
0.00519333
1.69996e-06
0.00519373
1.32472e-06
0.00519404
1.00698e-06
0.00519426
7.49038e-07
0.00519443
5.47628e-07
0.00519455
3.99701e-07
0.00519463
2.87049e-07
0.00519469
1.96267e-07
0.00519473
1.32038e-07
0.00519476
9.08849e-08
0.00519478
6.48977e-08
0.00519479
4.49121e-08
0.0051948
2.9677e-08
0.0051948
1.81732e-08
0.0051948
1.14024e-08
0.00519481
6.94605e-09
0.00519481
3.8432e-09
0.00519481
1.36794e-09
0.00519481
5.48785e-10
0.00519481
-4.20956e-10
0.00519481
-6.9144e-10
0.00519481
-1.72755e-09
0.00519481
-1.99917e-09
0.00519481
-1.51206e-09
0.00519481
-6.38697e-10
0.00519481
-1.4754e-10
0.00519481
5.55301e-10
0.00519481
1.21379e-09
0.00519481
1.65295e-09
0.00519481
2.10198e-09
0.00519481
2.20187e-09
0.00519481
2.22051e-09
0.00519481
1.94865e-09
0.00519481
1.54179e-09
0.00519481
1.35892e-09
0.00519481
1.08775e-09
0.00519481
1.22765e-09
0.00519481
1.39293e-09
0.00519481
1.50567e-09
0.00519481
1.39906e-09
0.00519481
1.09838e-09
0.00519481
6.7544e-10
0.00519481
9.02391e-10
0.00519481
1.24579e-09
0.00519481
1.14734e-09
0.00519481
1.07228e-09
0.00519481
5.57352e-10
0.00519481
2.73492e-11
0.00519481
-5.27241e-10
0.00519481
-9.43807e-10
0.00519481
-1.68558e-09
0.00519481
-2.21429e-09
0.00519481
-2.3565e-09
0.00519481
-2.18536e-09
0.00519481
-2.2111e-09
0.00519481
-2.5782e-09
0.00519481
-2.76204e-09
0.00519481
-2.25269e-09
0.00519481
-1.3991e-09
0.00519481
-4.81431e-10
0.00519481
-1.0415e-10
0.00519481
3.60329e-10
0.00519481
7.65746e-10
0.00519481
1.66208e-09
0.00519481
2.28702e-09
0.00519481
2.58335e-09
0.00519481
2.50308e-09
0.00519481
2.50005e-09
0.00519481
2.62891e-09
0.00519481
3.01528e-09
0.00519481
3.99115e-09
0.00519481
5.83284e-09
0.00519482
8.88037e-09
0.00519482
1.35814e-08
0.00519483
2.06042e-08
0.00519484
3.16024e-08
0.00519485
4.77054e-08
0.00519487
7.24787e-08
0.00519491
1.08526e-07
0.00519496
1.70922e-07
0.00519503
2.66196e-07
0.00519517
4.793e-07
0.0051954
8.20144e-07
0.005196
2.11248e-06
0.00519752
5.14289e-06
0.00520274
1.74568e-05
3.39575e-05
0.0051017
0.000199229
0.00516546
0.000129563
0.0051844
3.92874e-05
0.00518514
1.43244e-06
0.00518404
-2.31974e-06
0.00518464
1.16511e-06
0.00518593
2.67256e-06
0.00518748
3.2237e-06
0.00518887
2.91426e-06
0.0051901
2.57627e-06
0.00519113
2.15643e-06
0.00519199
1.79517e-06
0.00519268
1.44738e-06
0.00519323
1.15075e-06
0.00519365
8.97988e-07
0.00519398
6.81654e-07
0.00519422
5.06279e-07
0.0051944
3.69878e-07
0.00519453
2.71683e-07
0.00519462
1.965e-07
0.00519468
1.33347e-07
0.00519473
8.87714e-08
0.00519475
6.17001e-08
0.00519477
4.55831e-08
0.00519479
3.24036e-08
0.0051948
2.15394e-08
0.0051948
1.27569e-08
0.0051948
7.75129e-09
0.00519481
4.60084e-09
0.00519481
2.46763e-09
0.00519481
5.29502e-10
0.00519481
-1.55901e-10
0.00519481
-9.24076e-10
0.00519481
-8.75566e-10
0.00519481
-1.72679e-09
0.00519481
-2.11897e-09
0.00519481
-1.68017e-09
0.00519481
-7.29012e-10
0.00519481
-1.61616e-10
0.00519481
4.38749e-10
0.00519481
9.77179e-10
0.00519481
1.44132e-09
0.00519481
1.99229e-09
0.00519481
2.17684e-09
0.00519481
2.24363e-09
0.00519481
1.95267e-09
0.00519481
1.53161e-09
0.00519481
1.36649e-09
0.00519481
1.17948e-09
0.00519481
1.34106e-09
0.00519481
1.44678e-09
0.00519481
1.50794e-09
0.00519481
1.44082e-09
0.00519481
1.23643e-09
0.00519481
8.08422e-10
0.00519481
9.09398e-10
0.00519481
1.25697e-09
0.00519481
1.18241e-09
0.00519481
1.10973e-09
0.00519481
6.05665e-10
0.00519481
2.7926e-11
0.00519481
-6.41513e-10
0.00519481
-1.06723e-09
0.00519481
-1.69127e-09
0.00519481
-2.14862e-09
0.00519481
-2.36242e-09
0.00519481
-2.2508e-09
0.00519481
-2.24354e-09
0.00519481
-2.55013e-09
0.00519481
-2.76285e-09
0.00519481
-2.34742e-09
0.00519481
-1.52052e-09
0.00519481
-5.25365e-10
0.00519481
-9.36094e-11
0.00519481
3.45261e-10
0.00519481
7.00739e-10
0.00519481
1.62951e-09
0.00519481
2.35898e-09
0.00519481
2.68072e-09
0.00519481
2.46152e-09
0.00519481
2.24764e-09
0.00519481
2.20082e-09
0.00519481
2.35115e-09
0.00519481
2.82551e-09
0.00519481
3.82011e-09
0.00519482
5.69187e-09
0.00519482
8.7909e-09
0.00519483
1.34753e-08
0.00519484
2.08715e-08
0.00519486
3.16712e-08
0.00519488
4.8542e-08
0.00519492
7.31009e-08
0.00519497
1.15807e-07
0.00519506
1.81208e-07
0.00519521
3.27795e-07
0.00519547
5.61851e-07
0.00519613
1.4437e-06
0.00519778
3.50069e-06
0.00520338
1.18514e-05
2.30207e-05
0.00510003
9.92013e-05
0.00516461
6.49803e-05
0.00518411
1.97816e-05
0.00518484
7.10827e-07
0.00518369
-1.17455e-06
0.00518427
5.80436e-07
0.0051856
1.34873e-06
0.00518719
1.626e-06
0.00518864
1.47144e-06
0.00518991
1.30157e-06
0.00519098
1.08808e-06
0.00519187
9.07142e-07
0.00519259
7.288e-07
0.00519316
5.79094e-07
0.0051936
4.53301e-07
0.00519394
3.4221e-07
0.00519419
2.52625e-07
0.00519438
1.84018e-07
0.00519451
1.3761e-07
0.00519461
1.01418e-07
0.00519468
6.72374e-08
0.00519472
4.33108e-08
0.00519475
3.09337e-08
0.00519477
2.50952e-08
0.00519479
1.90799e-08
0.0051948
1.29345e-08
0.0051948
7.06913e-09
0.0051948
3.93478e-09
0.00519481
2.15655e-09
0.00519481
1.02898e-09
0.00519481
-2.92433e-10
0.00519481
-8.16805e-10
0.00519481
-1.46832e-09
0.00519481
-1.13418e-09
0.00519481
-1.74134e-09
0.00519481
-2.22008e-09
0.00519481
-1.86602e-09
0.00519481
-8.75655e-10
0.00519481
-2.2789e-10
0.00519481
3.2598e-10
0.00519481
7.72277e-10
0.00519481
1.21805e-09
0.00519481
1.84495e-09
0.00519481
2.1376e-09
0.00519481
2.27512e-09
0.00519481
1.97931e-09
0.00519481
1.53171e-09
0.00519481
1.35649e-09
0.00519481
1.24716e-09
0.00519481
1.45074e-09
0.00519481
1.5047e-09
0.00519481
1.49045e-09
0.00519481
1.43015e-09
0.00519481
1.32791e-09
0.00519481
9.46459e-10
0.00519481
9.33057e-10
0.00519481
1.25415e-09
0.00519481
1.20926e-09
0.00519481
1.15039e-09
0.00519481
6.60218e-10
0.00519481
5.51366e-11
0.00519481
-7.24626e-10
0.00519481
-1.20068e-09
0.00519481
-1.72381e-09
0.00519481
-2.07188e-09
0.00519481
-2.32736e-09
0.00519481
-2.30537e-09
0.00519481
-2.31029e-09
0.00519481
-2.53914e-09
0.00519481
-2.71635e-09
0.00519481
-2.36898e-09
0.00519481
-1.61416e-09
0.00519481
-5.87064e-10
0.00519481
-8.75856e-11
0.00519481
3.63472e-10
0.00519481
6.66636e-10
0.00519481
1.56987e-09
0.00519481
2.36368e-09
0.00519481
2.73731e-09
0.00519481
2.42254e-09
0.00519481
1.98913e-09
0.00519481
1.71275e-09
0.00519481
1.60502e-09
0.00519481
1.60347e-09
0.00519482
1.7477e-09
0.00519482
2.37259e-09
0.00519482
3.77545e-09
0.00519483
6.01038e-09
0.00519484
9.66547e-09
0.00519486
1.4924e-08
0.00519488
2.34351e-08
0.00519492
3.58031e-08
0.00519498
5.74413e-08
0.00519507
9.06046e-08
0.00519523
1.65218e-07
0.00519551
2.84414e-07
0.00519622
7.31617e-07
0.00519795
1.77138e-06
0.00520381
5.9893e-06
1.16247e-05
0.0050992
-1.00733e-10
0.00516418
-3.82532e-09
0.00518397
-6.04718e-09
0.00518469
-3.77516e-09
0.00518351
-1.31723e-09
0.00518409
2.39395e-09
0.00518543
6.50305e-09
0.00518705
4.82036e-09
0.00518852
4.93231e-09
0.00518981
5.23743e-09
0.0051909
7.11515e-10
0.00519181
2.80344e-09
0.00519254
-3.3099e-09
0.00519312
-3.80467e-09
0.00519358
-3.97212e-10
0.00519392
-4.34338e-09
0.00519418
-6.56117e-09
0.00519437
-5.96058e-09
0.00519451
4.56689e-10
0.0051946
3.95185e-09
0.00519467
-5.81897e-10
0.00519472
-3.29638e-09
0.00519475
-6.7081e-10
0.00519477
3.93012e-09
0.00519479
5.23193e-09
0.00519479
4.05081e-09
0.0051948
1.25843e-09
0.0051948
5.37044e-11
0.00519481
-3.34225e-10
0.00519481
-4.55827e-10
0.00519481
-1.10287e-09
0.00519481
-1.41615e-09
0.00519481
-2.01523e-09
0.00519481
-1.46628e-09
0.00519481
-1.80166e-09
0.00519481
-2.30766e-09
0.00519481
-2.05502e-09
0.00519481
-1.06468e-09
0.00519481
-3.49489e-10
0.00519481
2.02459e-10
0.00519481
6.07819e-10
0.00519481
1.01014e-09
0.00519481
1.66995e-09
0.00519481
2.0763e-09
0.00519481
2.30303e-09
0.00519481
2.02655e-09
0.00519481
1.55038e-09
0.00519481
1.33655e-09
0.00519481
1.28177e-09
0.00519481
1.54014e-09
0.00519481
1.55883e-09
0.00519481
1.46056e-09
0.00519481
1.37516e-09
0.00519481
1.36481e-09
0.00519481
1.07563e-09
0.00519481
9.80904e-10
0.00519481
1.25009e-09
0.00519481
1.23057e-09
0.00519481
1.19264e-09
0.00519481
7.14138e-10
0.00519481
9.72274e-11
0.00519481
-7.7434e-10
0.00519481
-1.32914e-09
0.00519481
-1.78173e-09
0.00519481
-2.00477e-09
0.00519481
-2.26103e-09
0.00519481
-2.33359e-09
0.00519481
-2.39231e-09
0.00519481
-2.55148e-09
0.00519481
-2.64338e-09
0.00519481
-2.31818e-09
0.00519481
-1.65988e-09
0.00519481
-6.56055e-10
0.00519481
-9.96377e-11
0.00519481
3.94883e-10
0.00519481
6.64896e-10
0.00519481
1.49912e-09
0.00519481
2.30413e-09
0.00519481
2.73406e-09
0.00519481
2.37345e-09
0.00519481
1.74031e-09
0.00519481
1.19508e-09
0.00519481
7.93009e-10
0.00519481
3.38435e-10
0.00519482
-3.36606e-10
0.00519482
-9.89665e-10
0.00519482
-1.34503e-09
0.00519483
-1.63193e-09
0.00519484
-1.78354e-09
0.00519486
-2.16611e-09
0.00519489
-2.25405e-09
0.00519492
-2.44502e-09
0.00519498
-2.58209e-09
0.00519508
-2.84582e-09
0.00519525
-2.97105e-09
0.00519553
-2.73609e-09
0.00519627
-2.36463e-09
0.00519804
-1.85687e-09
0.00520403
-1.58728e-09
-1.1665e-09
0.0050992
-9.92013e-05
0.00516418
-6.49878e-05
0.00518397
-1.97935e-05
0.00518469
-7.18165e-07
0.00518351
1.17215e-06
0.00518409
-5.75465e-07
0.00518543
-1.33578e-06
0.00518705
-1.61617e-06
0.00518852
-1.46147e-06
0.00518981
-1.29109e-06
0.0051909
-1.0867e-06
0.00519181
-9.01518e-07
0.00519254
-7.35208e-07
0.00519312
-5.86647e-07
0.00519358
-4.54084e-07
0.00519392
-3.50911e-07
0.00519418
-2.65818e-07
0.00519437
-1.95986e-07
0.00519451
-1.36749e-07
0.00519461
-9.36778e-08
0.00519467
-6.85647e-08
0.00519472
-4.99748e-08
0.00519475
-3.23475e-08
0.00519477
-1.73793e-08
0.00519479
-8.81684e-09
0.00519479
-4.92632e-09
0.0051948
-4.542e-09
0.0051948
-3.79919e-09
0.00519481
-2.82408e-09
0.00519481
-1.97192e-09
0.00519481
-1.91293e-09
0.00519481
-1.9483e-09
0.00519481
-2.52637e-09
0.00519481
-1.85668e-09
0.00519481
-1.93027e-09
0.00519481
-2.39285e-09
0.00519481
-2.23399e-09
0.00519481
-1.27621e-09
0.00519481
-5.20284e-10
0.00519481
5.45715e-11
0.00519481
4.80814e-10
0.00519481
8.40663e-10
0.00519481
1.48649e-09
0.00519481
1.98891e-09
0.00519481
2.3132e-09
0.00519481
2.08613e-09
0.00519481
1.59349e-09
0.00519481
1.31754e-09
0.00519481
1.27943e-09
0.00519481
1.59327e-09
0.00519481
1.59866e-09
0.00519481
1.42323e-09
0.00519481
1.28868e-09
0.00519481
1.3472e-09
0.00519481
1.18287e-09
0.00519481
1.05493e-09
0.00519481
1.25885e-09
0.00519481
1.25228e-09
0.00519481
1.23655e-09
0.00519481
7.6287e-10
0.00519481
1.4208e-10
0.00519481
-7.95495e-10
0.00519481
-1.43983e-09
0.00519481
-1.85691e-09
0.00519481
-1.96102e-09
0.00519481
-2.17921e-09
0.00519481
-2.32839e-09
0.00519481
-2.46732e-09
0.00519481
-2.5817e-09
0.00519481
-2.56334e-09
0.00519481
-2.20852e-09
0.00519481
-1.64647e-09
0.00519481
-7.1769e-10
0.00519481
-1.3613e-10
0.00519481
4.17608e-10
0.00519481
6.86263e-10
0.00519481
1.43049e-09
0.00519481
2.193e-09
0.00519481
2.66126e-09
0.00519481
2.29859e-09
0.00519481
1.50771e-09
0.00519481
6.7873e-10
0.00519481
-5.70145e-11
0.00519481
-9.52942e-10
0.00519482
-2.39234e-09
0.00519482
-4.30892e-09
0.00519482
-6.44622e-09
0.00519483
-9.28351e-09
0.00519484
-1.32365e-08
0.00519486
-1.92279e-08
0.00519489
-2.79238e-08
0.00519492
-4.06923e-08
0.00519498
-6.26131e-08
0.00519508
-9.62788e-08
0.00519525
-1.71121e-07
0.00519553
-2.89859e-07
0.00519627
-7.36327e-07
0.00519804
-1.77508e-06
0.00520403
-5.99245e-06
-1.1627e-05
0.00510003
-0.000199228
0.00516461
-0.00012957
0.00518411
-3.92985e-05
0.00518483
-1.43918e-06
0.00518369
2.31797e-06
0.00518427
-1.15965e-06
0.0051856
-2.65979e-06
0.00518719
-3.21334e-06
0.00518864
-2.90403e-06
0.00518991
-2.5658e-06
0.00519098
-2.15517e-06
0.00519187
-1.78954e-06
0.00519259
-1.45322e-06
0.00519316
-1.15814e-06
0.0051936
-8.98725e-07
0.00519394
-6.90386e-07
0.0051942
-5.19648e-07
0.00519438
-3.81938e-07
0.00519451
-2.70946e-07
0.00519461
-1.89208e-07
0.00519468
-1.35106e-07
0.00519472
-9.5612e-08
0.00519475
-6.33076e-08
0.00519477
-3.82652e-08
0.00519479
-2.26957e-08
0.0051948
-1.37947e-08
0.0051948
-1.02047e-08
0.0051948
-7.53228e-09
0.00519481
-5.25862e-09
0.00519481
-3.49601e-09
0.00519481
-2.72892e-09
0.00519481
-2.41852e-09
0.00519481
-2.9677e-09
0.00519481
-2.27498e-09
0.00519481
-2.13184e-09
0.00519481
-2.48654e-09
0.00519481
-2.39212e-09
0.00519481
-1.4868e-09
0.00519481
-7.24046e-10
0.00519481
-1.24144e-10
0.00519481
3.78883e-10
0.00519481
7.22098e-10
0.00519481
1.31899e-09
0.00519481
1.87905e-09
0.00519481
2.29343e-09
0.00519481
2.14444e-09
0.00519481
1.66185e-09
0.00519481
1.31166e-09
0.00519481
1.243e-09
0.00519481
1.59721e-09
0.00519481
1.61226e-09
0.00519481
1.38021e-09
0.00519481
1.18579e-09
0.00519481
1.28317e-09
0.00519481
1.25902e-09
0.00519481
1.15123e-09
0.00519481
1.29198e-09
0.00519481
1.28215e-09
0.00519481
1.28348e-09
0.00519481
8.04477e-10
0.00519481
1.79529e-10
0.00519481
-7.97387e-10
0.00519481
-1.52403e-09
0.00519481
-1.93737e-09
0.00519481
-1.94587e-09
0.00519481
-2.0989e-09
0.00519481
-2.29189e-09
0.00519481
-2.51588e-09
0.00519481
-2.6156e-09
0.00519481
-2.48913e-09
0.00519481
-2.06163e-09
0.00519481
-1.57423e-09
0.00519481
-7.57287e-10
0.00519481
-1.95364e-10
0.00519481
4.13684e-10
0.00519481
7.14194e-10
0.00519481
1.37159e-09
0.00519481
2.0491e-09
0.00519481
2.52101e-09
0.00519481
2.18492e-09
0.00519481
1.29015e-09
0.00519481
1.90229e-10
0.00519481
-9.08025e-10
0.00519481
-2.24617e-09
0.00519482
-4.38454e-09
0.00519482
-7.50459e-09
0.00519482
-1.14032e-08
0.00519483
-1.67699e-08
0.00519484
-2.4449e-08
0.00519486
-3.5893e-08
0.00519488
-5.29733e-08
0.00519492
-7.79843e-08
0.00519498
-1.20996e-07
0.00519507
-1.86829e-07
0.00519523
-3.33586e-07
0.00519551
-5.67215e-07
0.00519622
-1.44835e-06
0.00519795
-3.50432e-06
0.00520381
-1.18545e-05
-2.30229e-05
0.0051017
-0.000300925
0.00516546
-0.000193335
0.0051844
-5.82372e-05
0.00518513
-2.1739e-06
0.00518404
3.40948e-06
0.00518464
-1.7557e-06
0.00518593
-3.94684e-06
0.00518748
-4.76294e-06
0.00518887
-4.29897e-06
0.0051901
-3.79731e-06
0.00519113
-3.18569e-06
0.00519199
-2.64503e-06
0.00519268
-2.14379e-06
0.00519323
-1.70709e-06
0.00519366
-1.32535e-06
0.00519398
-1.01572e-06
0.00519422
-7.62598e-07
0.0051944
-5.59704e-07
0.00519453
-3.99078e-07
0.00519462
-2.80373e-07
0.00519468
-1.98573e-07
0.00519472
-1.39072e-07
0.00519475
-9.27515e-08
0.00519477
-5.81411e-08
0.00519479
-3.59916e-08
0.0051948
-2.23222e-08
0.0051948
-1.55971e-08
0.0051948
-1.10498e-08
0.00519481
-7.5685e-09
0.00519481
-4.98605e-09
0.00519481
-3.54662e-09
0.00519481
-2.83841e-09
0.00519481
-3.31505e-09
0.00519481
-2.67938e-09
0.00519481
-2.38926e-09
0.00519481
-2.59342e-09
0.00519481
-2.52108e-09
0.00519481
-1.67263e-09
0.00519481
-9.35999e-10
0.00519481
-3.28474e-10
0.00519481
2.86005e-10
0.00519481
6.53629e-10
0.00519481
1.19043e-09
0.00519481
1.75971e-09
0.00519481
2.23784e-09
0.00519481
2.18528e-09
0.00519481
1.74916e-09
0.00519481
1.32935e-09
0.00519481
1.1822e-09
0.00519481
1.5453e-09
0.00519481
1.58788e-09
0.00519481
1.3299e-09
0.00519481
1.08093e-09
0.00519481
1.18712e-09
0.00519481
1.30002e-09
0.00519481
1.26038e-09
0.00519481
1.35409e-09
0.00519481
1.32653e-09
0.00519481
1.33446e-09
0.00519481
8.3901e-10
0.00519481
2.02231e-10
0.00519481
-7.91416e-10
0.00519481
-1.5782e-09
0.00519481
-2.01021e-09
0.00519481
-1.95686e-09
0.00519481
-2.03416e-09
0.00519481
-2.23331e-09
0.00519481
-2.52529e-09
0.00519481
-2.63479e-09
0.00519481
-2.42427e-09
0.00519481
-1.90123e-09
0.00519481
-1.45404e-09
0.00519481
-7.63349e-10
0.00519481
-2.68097e-10
0.00519481
3.73139e-10
0.00519481
7.29445e-10
0.00519481
1.323e-09
0.00519481
1.89273e-09
0.00519481
2.32634e-09
0.00519481
2.0262e-09
0.00519481
1.08194e-09
0.00519481
-2.51288e-10
0.00519481
-1.71944e-09
0.00519481
-3.50674e-09
0.00519481
-6.28085e-09
0.00519482
-1.05051e-08
0.00519482
-1.60949e-08
0.00519483
-2.39153e-08
0.00519484
-3.51742e-08
0.00519486
-5.18003e-08
0.00519488
-7.68185e-08
0.00519492
-1.1339e-07
0.00519497
-1.7612e-07
0.00519506
-2.71726e-07
0.00519521
-4.84914e-07
0.00519546
-8.25379e-07
0.00519613
-2.11703e-06
0.00519778
-5.14642e-06
0.00520338
-1.74598e-05
-3.39596e-05
0.00510425
-0.000405171
0.00516675
-0.000255839
0.00518483
-7.63216e-05
0.00518559
-2.92966e-06
0.00518458
4.4224e-06
0.00518519
-2.36708e-06
0.00518642
-5.17751e-06
0.0051879
-6.24082e-06
0.00518922
-5.62243e-06
0.00519039
-4.96403e-06
0.00519136
-4.15935e-06
0.00519217
-3.45187e-06
0.00519282
-2.79352e-06
0.00519333
-2.22249e-06
0.00519373
-1.72515e-06
0.00519404
-1.32e-06
0.00519426
-9.8934e-07
0.00519443
-7.2526e-07
0.00519455
-5.1816e-07
0.00519463
-3.64969e-07
0.00519469
-2.57376e-07
0.00519473
-1.79239e-07
0.00519476
-1.19902e-07
0.00519478
-7.64382e-08
0.00519479
-4.82811e-08
0.0051948
-3.02548e-08
0.0051948
-2.05792e-08
0.0051948
-1.42549e-08
0.00519481
-9.67608e-09
0.00519481
-6.3845e-09
0.00519481
-4.34928e-09
0.00519481
-3.22151e-09
0.00519481
-3.56075e-09
0.00519481
-3.02718e-09
0.00519481
-2.66826e-09
0.00519481
-2.70989e-09
0.00519481
-2.61567e-09
0.00519481
-1.81372e-09
0.00519481
-1.12717e-09
0.00519481
-5.40739e-10
0.00519481
1.89519e-10
0.00519481
6.23083e-10
0.00519481
1.11523e-09
0.00519481
1.65009e-09
0.00519481
2.14863e-09
0.00519481
2.19407e-09
0.00519481
1.84202e-09
0.00519481
1.37626e-09
0.00519481
1.11212e-09
0.00519481
1.43981e-09
0.00519481
1.51638e-09
0.00519481
1.26803e-09
0.00519481
9.85006e-10
0.00519481
1.07646e-09
0.00519481
1.30635e-09
0.00519481
1.36858e-09
0.00519481
1.44021e-09
0.00519481
1.38703e-09
0.00519481
1.38876e-09
0.00519481
8.67626e-10
0.00519481
2.06385e-10
0.00519481
-7.88778e-10
0.00519481
-1.60381e-09
0.00519481
-2.06362e-09
0.00519481
-1.98544e-09
0.00519481
-1.993e-09
0.00519481
-2.1651e-09
0.00519481
-2.49081e-09
0.00519481
-2.62129e-09
0.00519481
-2.36277e-09
0.00519481
-1.74654e-09
0.00519481
-1.303e-09
0.00519481
-7.30225e-10
0.00519481
-3.40335e-10
0.00519481
2.95623e-10
0.00519481
7.14198e-10
0.00519481
1.27816e-09
0.00519481
1.74074e-09
0.00519481
2.09777e-09
0.00519481
1.82442e-09
0.00519481
8.76073e-10
0.00519481
-6.35097e-10
0.00519481
-2.45334e-09
0.00519481
-4.69229e-09
0.00519481
-8.04786e-09
0.00519482
-1.32499e-08
0.00519482
-2.04092e-08
0.00519483
-3.05482e-08
0.00519484
-4.51695e-08
0.00519485
-6.65999e-08
0.00519487
-9.89056e-08
0.00519491
-1.46026e-07
0.00519496
-2.26472e-07
0.00519503
-3.48389e-07
0.00519517
-6.20039e-07
0.0051954
-1.05554e-06
0.005196
-2.72203e-06
0.00519752
-6.65979e-06
0.00520274
-2.26822e-05
-4.42089e-05
0.00510773
-0.000512901
0.00516848
-0.000316594
0.00518542
-9.32578e-05
0.00518621
-3.71385e-06
0.00518529
5.33596e-06
0.00518592
-2.99426e-06
0.00518707
-6.33145e-06
0.00518846
-7.62232e-06
0.00518968
-6.85043e-06
0.00519077
-6.04439e-06
0.00519166
-5.05732e-06
0.00519241
-4.19406e-06
0.005193
-3.38922e-06
0.00519347
-2.69359e-06
0.00519384
-2.08954e-06
0.00519411
-1.59654e-06
0.00519432
-1.19476e-06
0.00519447
-8.7477e-07
0.00519458
-6.25366e-07
0.00519465
-4.4093e-07
0.0051947
-3.10034e-07
0.00519474
-2.15079e-07
0.00519476
-1.44051e-07
0.00519478
-9.26519e-08
0.00519479
-5.91771e-08
0.0051948
-3.73436e-08
0.0051948
-2.50145e-08
0.0051948
-1.70602e-08
0.00519481
-1.15086e-08
0.00519481
-7.6284e-09
0.00519481
-5.1106e-09
0.00519481
-3.57978e-09
0.00519481
-3.71751e-09
0.00519481
-3.28843e-09
0.00519481
-2.92908e-09
0.00519481
-2.82637e-09
0.00519481
-2.6756e-09
0.00519481
-1.89881e-09
0.00519481
-1.27087e-09
0.00519481
-7.34515e-10
0.00519481
8.54231e-11
0.00519481
6.12016e-10
0.00519481
1.0924e-09
0.00519481
1.57066e-09
0.00519481
2.03686e-09
0.00519481
2.16184e-09
0.00519481
1.92275e-09
0.00519481
1.45097e-09
0.00519481
1.04982e-09
0.00519481
1.29262e-09
0.00519481
1.39409e-09
0.00519481
1.18858e-09
0.00519481
9.02762e-10
0.00519481
9.66775e-10
0.00519481
1.28136e-09
0.00519481
1.4598e-09
0.00519481
1.53711e-09
0.00519481
1.45918e-09
0.00519481
1.44371e-09
0.00519481
8.91992e-10
0.00519481
1.92698e-10
0.00519481
-7.97662e-10
0.00519481
-1.60564e-09
0.00519481
-2.08764e-09
0.00519481
-2.01794e-09
0.00519481
-1.97555e-09
0.00519481
-2.09858e-09
0.00519481
-2.4149e-09
0.00519481
-2.56131e-09
0.00519481
-2.29125e-09
0.00519481
-1.60696e-09
0.00519481
-1.14044e-09
0.00519481
-6.58999e-10
0.00519481
-3.98006e-10
0.00519481
1.8919e-10
0.00519481
6.55462e-10
0.00519481
1.2249e-09
0.00519481
1.60253e-09
0.00519481
1.85824e-09
0.00519481
1.58891e-09
0.00519481
6.66475e-10
0.00519481
-9.58719e-10
0.00519481
-3.0805e-09
0.00519481
-5.75781e-09
0.00519481
-9.64834e-09
0.00519481
-1.56895e-08
0.00519482
-2.42463e-08
0.00519482
-3.65062e-08
0.00519483
-5.42008e-08
0.00519485
-7.9958e-08
0.00519487
-1.18721e-07
0.0051949
-1.75082e-07
0.00519494
-2.70684e-07
0.00519501
-4.14513e-07
0.00519512
-7.34463e-07
0.00519531
-1.24982e-06
0.00519584
-3.24457e-06
0.00519718
-8.00522e-06
0.0052019
-2.73984e-05
-5.35442e-05
0.00511223
-0.000625128
0.00517068
-0.000375052
0.00518617
-0.000108743
0.00518699
-4.53331e-06
0.00518619
6.13395e-06
0.00518683
-3.63371e-06
0.00518789
-7.38707e-06
0.00518915
-8.88208e-06
0.00519026
-7.95884e-06
0.00519123
-7.01684e-06
0.00519203
-5.86102e-06
0.0051927
-4.85589e-06
0.00519322
-3.91804e-06
0.00519364
-3.11003e-06
0.00519396
-2.41033e-06
0.0051942
-1.83899e-06
0.00519438
-1.37407e-06
0.00519451
-1.00468e-06
0.00519461
-7.18112e-07
0.00519467
-5.064e-07
0.00519472
-3.55248e-07
0.00519475
-2.45702e-07
0.00519477
-1.64604e-07
0.00519478
-1.06378e-07
0.00519479
-6.83711e-08
0.0051948
-4.33758e-08
0.0051948
-2.87844e-08
0.0051948
-1.9397e-08
0.0051948
-1.30095e-08
0.00519481
-8.66043e-09
0.00519481
-5.79753e-09
0.00519481
-3.91904e-09
0.00519481
-3.81411e-09
0.00519481
-3.45534e-09
0.00519481
-3.13935e-09
0.00519481
-2.93168e-09
0.00519481
-2.70681e-09
0.00519481
-1.92918e-09
0.00519481
-1.34987e-09
0.00519481
-8.82133e-10
0.00519481
-2.04103e-11
0.00519481
5.9997e-10
0.00519481
1.10607e-09
0.00519481
1.53209e-09
0.00519481
1.91965e-09
0.00519481
2.08654e-09
0.00519481
1.97235e-09
0.00519481
1.54231e-09
0.00519481
1.00829e-09
0.00519481
1.12037e-09
0.00519481
1.22406e-09
0.00519481
1.08502e-09
0.00519481
8.32005e-10
0.00519481
8.68157e-10
0.00519481
1.23097e-09
0.00519481
1.52053e-09
0.00519481
1.62895e-09
0.00519481
1.53377e-09
0.00519481
1.49523e-09
0.00519481
9.13716e-10
0.00519481
1.66573e-10
0.00519481
-8.20385e-10
0.00519481
-1.58953e-09
0.00519481
-2.07566e-09
0.00519481
-2.03831e-09
0.00519481
-1.97429e-09
0.00519481
-2.04115e-09
0.00519481
-2.30593e-09
0.00519481
-2.44813e-09
0.00519481
-2.19356e-09
0.00519481
-1.48154e-09
0.00519481
-9.84534e-10
0.00519481
-5.5883e-10
0.00519481
-4.30675e-10
0.00519481
6.77802e-11
0.00519481
5.48287e-10
0.00519481
1.14862e-09
0.00519481
1.47825e-09
0.00519481
1.62788e-09
0.00519481
1.33406e-09
0.00519481
4.49246e-10
0.00519481
-1.22684e-09
0.00519481
-3.58342e-09
0.00519481
-6.66216e-09
0.00519481
-1.10408e-08
0.00519481
-1.77818e-08
0.00519482
-2.75224e-08
0.00519482
-4.16402e-08
0.00519483
-6.20481e-08
0.00519484
-9.15615e-08
0.00519486
-1.35802e-07
0.00519488
-1.99841e-07
0.00519492
-3.0757e-07
0.00519497
-4.68154e-07
0.00519506
-8.24421e-07
0.00519521
-1.40152e-06
0.00519564
-3.66802e-06
0.00519678
-9.14669e-06
0.00520087
-3.14893e-05
-6.17418e-05
0.00511785
-0.000742974
0.00517337
-0.000430577
0.00518709
-0.000122464
0.00518795
-5.39315e-06
0.00518728
6.80558e-06
0.00518792
-4.27703e-06
0.00518886
-8.32136e-06
0.00518997
-9.99397e-06
0.00519094
-8.92347e-06
0.00519178
-7.85992e-06
0.00519247
-6.55222e-06
0.00519304
-5.42206e-06
0.00519349
-4.36754e-06
0.00519384
-3.46195e-06
0.00519411
-2.67977e-06
0.00519431
-2.04143e-06
0.00519446
-1.52286e-06
0.00519457
-1.11179e-06
0.00519464
-7.94115e-07
0.0051947
-5.59769e-07
0.00519473
-3.91917e-07
0.00519476
-2.70376e-07
0.00519477
-1.8109e-07
0.00519479
-1.17319e-07
0.00519479
-7.56474e-08
0.0051948
-4.8191e-08
0.0051948
-3.17958e-08
0.0051948
-2.12165e-08
0.0051948
-1.414e-08
0.0051948
-9.4352e-09
0.0051948
-6.36939e-09
0.00519481
-4.23185e-09
0.00519481
-3.88111e-09
0.00519481
-3.5406e-09
0.00519481
-3.2809e-09
0.00519481
-3.01492e-09
0.0051948
-2.71898e-09
0.0051948
-1.91775e-09
0.0051948
-1.35957e-09
0.0051948
-9.61775e-10
0.0051948
-1.13298e-10
0.0051948
5.70731e-10
0.0051948
1.12632e-09
0.0051948
1.52858e-09
0.0051948
1.81527e-09
0.0051948
1.97253e-09
0.0051948
1.97326e-09
0.0051948
1.63008e-09
0.0051948
9.94748e-10
0.0051948
9.42968e-10
0.0051948
1.01604e-09
0.0051948
9.52862e-10
0.0051948
7.65803e-10
0.0051948
7.86624e-10
0.0051948
1.1657e-09
0.0051948
1.54553e-09
0.0051948
1.70291e-09
0.0051948
1.59924e-09
0.0051948
1.53671e-09
0.0051948
9.3384e-10
0.0051948
1.36205e-10
0.0051948
-8.52963e-10
0.0051948
-1.56166e-09
0.0051948
-2.0249e-09
0.0051948
-2.03023e-09
0.0051948
-1.97387e-09
0.0051948
-1.99363e-09
0.0051948
-2.17539e-09
0.0051948
-2.28321e-09
0.0051948
-2.05616e-09
0.0051948
-1.36373e-09
0.0051948
-8.47862e-10
0.0051948
-4.45358e-10
0.0051948
-4.32897e-10
0.0051948
-5.28858e-11
0.0051948
3.97973e-10
0.0051948
1.03647e-09
0.0051948
1.36024e-09
0.0051948
1.42023e-09
0.0051948
1.07696e-09
0.0051948
2.24081e-10
0.0051948
-1.44883e-09
0.00519481
-3.95679e-09
0.00519481
-7.37309e-09
0.00519481
-1.21808e-08
0.00519481
-1.94882e-08
0.00519481
-3.01695e-08
0.00519482
-4.5819e-08
0.00519482
-6.85083e-08
0.00519483
-1.01122e-07
0.00519485
-1.49736e-07
0.00519487
-2.19691e-07
0.00519489
-3.36167e-07
0.00519493
-5.07791e-07
0.005195
-8.8704e-07
0.0051951
-1.50547e-06
0.00519541
-3.97842e-06
0.00519632
-1.00522e-05
0.00519967
-3.48411e-05
-6.85815e-05
0.00512472
-0.000867693
0.00517657
-0.000482425
0.00518819
-0.00013409
0.0051891
-6.29482e-06
0.00518856
7.34622e-06
0.00518919
-4.91025e-06
0.00518998
-9.10982e-06
0.00519092
-1.0931e-05
0.00519171
-9.7201e-06
0.0051924
-8.55238e-06
0.00519297
-7.1132e-06
0.00519342
-5.87788e-06
0.00519378
-4.72593e-06
0.00519406
-3.74009e-06
0.00519427
-2.89076e-06
0.00519443
-2.1985e-06
0.00519454
-1.63718e-06
0.00519462
-1.19329e-06
0.00519468
-8.51411e-07
0.00519472
-5.99674e-07
0.00519475
-4.19123e-07
0.00519477
-2.8851e-07
0.00519478
-1.93131e-07
0.00519479
-1.25255e-07
0.00519479
-8.08664e-08
0.0051948
-5.16767e-08
0.0051948
-3.39774e-08
0.0051948
-2.24837e-08
0.0051948
-1.4872e-08
0.0051948
-9.92109e-09
0.0051948
-6.7785e-09
0.0051948
-4.4932e-09
0.0051948
-3.93243e-09
0.0051948
-3.56298e-09
0.0051948
-3.34636e-09
0.0051948
-3.06255e-09
0.0051948
-2.71903e-09
0.0051948
-1.88396e-09
0.0051948
-1.30986e-09
0.0051948
-9.65913e-10
0.0051948
-1.77056e-10
0.0051948
5.13742e-10
0.0051948
1.11945e-09
0.0051948
1.53945e-09
0.0051948
1.73046e-09
0.0051948
1.83585e-09
0.0051948
1.91616e-09
0.0051948
1.69022e-09
0.0051948
1.00441e-09
0.0051948
7.80386e-10
0.0051948
7.85916e-10
0.0051948
7.92389e-10
0.0051948
6.97681e-10
0.0051948
7.26092e-10
0.0051948
1.0961e-09
0.0051948
1.53426e-09
0.0051948
1.74615e-09
0.0051948
1.64437e-09
0.0051948
1.55916e-09
0.0051948
9.51014e-10
0.0051948
1.09471e-10
0.0051948
-8.88277e-10
0.0051948
-1.52806e-09
0.0051948
-1.93493e-09
0.0051948
-1.97886e-09
0.0051948
-1.95486e-09
0.0051948
-1.9513e-09
0.0051948
-2.0367e-09
0.0051948
-2.07707e-09
0.0051948
-1.87582e-09
0.0051948
-1.24558e-09
0.0051948
-7.34903e-10
0.0051948
-3.38105e-10
0.0051948
-4.06758e-10
0.0051948
-1.59872e-10
0.0051948
2.19815e-10
0.0051948
8.83401e-10
0.0051948
1.23731e-09
0.0051948
1.2409e-09
0.0051948
8.35727e-10
0.0051948
-3.10483e-12
0.0051948
-1.63428e-09
0.0051948
-4.20447e-09
0.0051948
-7.86879e-09
0.0051948
-1.3024e-08
0.0051948
-2.07683e-08
0.00519481
-3.21337e-08
0.00519481
-4.89323e-08
0.00519481
-7.33983e-08
0.00519482
-1.08383e-07
0.00519483
-1.60171e-07
0.00519485
-2.34142e-07
0.00519486
-3.55762e-07
0.00519489
-5.32394e-07
0.00519492
-9.20482e-07
0.00519498
-1.55821e-06
0.00519516
-4.1651e-06
0.00519581
-1.06945e-05
0.00519831
-3.73474e-05
-7.38481e-05
0.00513303
-0.00100072
0.00518031
-0.000529705
0.00518949
-0.000143273
0.00519043
-7.23343e-06
0.00519002
7.75763e-06
0.00519062
-5.51309e-06
0.00519124
-9.72637e-06
0.00519197
-1.16652e-05
0.00519258
-1.03245e-05
0.0051931
-9.07324e-06
0.00519351
-7.52686e-06
0.00519384
-6.2094e-06
0.0051941
-4.9822e-06
0.0051943
-3.93597e-06
0.00519444
-3.03687e-06
0.00519455
-2.30541e-06
0.00519463
-1.71355e-06
0.00519468
-1.24675e-06
0.00519472
-8.88335e-07
0.00519474
-6.24973e-07
0.00519476
-4.36081e-07
0.00519477
-2.99596e-07
0.00519478
-2.004e-07
0.00519478
-1.29998e-07
0.00519478
-8.39291e-08
0.00519479
-5.37512e-08
0.00519479
-3.52647e-08
0.00519479
-2.31727e-08
0.00519479
-1.51869e-08
0.00519479
-1.0106e-08
0.00519479
-6.97929e-09
0.00519479
-4.65971e-09
0.00519479
-3.9526e-09
0.00519479
-3.52797e-09
0.00519479
-3.32902e-09
0.00519479
-3.05463e-09
0.00519479
-2.70317e-09
0.00519479
-1.84514e-09
0.00519479
-1.22433e-09
0.00519479
-9.08321e-10
0.00519479
-2.03672e-10
0.00519479
4.30979e-10
0.00519479
1.06469e-09
0.00519479
1.54657e-09
0.00519479
1.66808e-09
0.00519479
1.68929e-09
0.00519479
1.79249e-09
0.00519479
1.69066e-09
0.00519479
1.01663e-09
0.00519479
6.38015e-10
0.00519479
5.50824e-10
0.00519479
6.093e-10
0.00519479
6.26292e-10
0.00519479
6.88956e-10
0.00519479
1.03301e-09
0.00519479
1.49279e-09
0.00519479
1.7518e-09
0.00519479
1.65987e-09
0.00519479
1.55173e-09
0.00519479
9.56735e-10
0.00519479
9.13546e-11
0.00519479
-9.13212e-10
0.00519479
-1.48525e-09
0.00519479
-1.8178e-09
0.00519479
-1.88606e-09
0.00519479
-1.90823e-09
0.00519479
-1.90839e-09
0.00519479
-1.90076e-09
0.00519479
-1.84544e-09
0.00519479
-1.65872e-09
0.00519479
-1.12335e-09
0.00519479
-6.45629e-10
0.00519479
-2.4933e-10
0.00519479
-3.57969e-10
0.00519479
-2.37651e-10
0.00519479
3.81593e-11
0.00519479
6.97849e-10
0.00519479
1.09966e-09
0.00519479
1.08893e-09
0.00519479
6.28668e-10
0.00519479
-2.17871e-10
0.00519479
-1.78615e-09
0.00519479
-4.33411e-09
0.00519479
-8.1367e-09
0.00519479
-1.35304e-08
0.00519479
-2.1577e-08
0.00519479
-3.33682e-08
0.00519479
-5.08912e-08
0.0051948
-7.65583e-08
0.0051948
-1.13118e-07
0.00519481
-1.6682e-07
0.00519482
-2.42828e-07
0.00519483
-3.65907e-07
0.00519484
-5.41466e-07
0.00519484
-9.24055e-07
0.00519484
-1.5583e-06
0.0051949
-4.22122e-06
0.00519525
-1.1052e-05
0.00519682
-3.8911e-05
-7.73334e-05
0.00514299
-0.00114371
0.00518462
-0.000571335
0.00519099
-0.000149638
0.00519195
-8.19398e-06
0.00519166
8.04743e-06
0.0051922
-6.05852e-06
0.00519262
-1.01435e-05
0.00519312
-1.21675e-05
0.00519351
-1.07124e-05
0.00519384
-9.40179e-06
0.00519409
-7.77673e-06
0.00519428
-6.40353e-06
0.00519443
-5.12625e-06
0.00519453
-4.04193e-06
0.00519461
-3.11241e-06
0.00519466
-2.358e-06
0.0051947
-1.74899e-06
0.00519472
-1.2701e-06
0.00519474
-9.03501e-07
0.00519474
-6.34714e-07
0.00519475
-4.42113e-07
0.00519475
-3.03178e-07
0.00519476
-2.02594e-07
0.00519476
-1.31374e-07
0.00519476
-8.47497e-08
0.00519476
-5.43462e-08
0.00519476
-3.56067e-08
0.00519476
-2.32791e-08
0.00519476
-1.50955e-08
0.00519476
-1.00041e-08
0.00519476
-6.94809e-09
0.00519476
-4.67329e-09
0.00519476
-3.89736e-09
0.00519476
-3.42407e-09
0.00519476
-3.21832e-09
0.00519476
-2.96463e-09
0.00519476
-2.65318e-09
0.00519476
-1.80703e-09
0.00519476
-1.12623e-09
0.00519476
-7.92027e-10
0.00519476
-1.77024e-10
0.00519476
3.57561e-10
0.00519476
9.66469e-10
0.00519476
1.5218e-09
0.00519476
1.61201e-09
0.00519476
1.54373e-09
0.00519476
1.61702e-09
0.00519476
1.6266e-09
0.00519476
1.02157e-09
0.00519476
5.36469e-10
0.00519476
3.48482e-10
0.00519476
4.24694e-10
0.00519476
5.5197e-10
0.00519476
6.69941e-10
0.00519476
9.88396e-10
0.00519476
1.43624e-09
0.00519476
1.72663e-09
0.00519476
1.63813e-09
0.00519476
1.51231e-09
0.00519476
9.46861e-10
0.00519476
9.62877e-11
0.00519476
-9.20778e-10
0.00519476
-1.44353e-09
0.00519476
-1.68784e-09
0.00519476
-1.74992e-09
0.00519476
-1.80901e-09
0.00519476
-1.84085e-09
0.00519476
-1.76416e-09
0.00519476
-1.60462e-09
0.00519476
-1.413e-09
0.00519476
-9.82908e-10
0.00519476
-5.77182e-10
0.00519476
-1.83914e-10
0.00519476
-3.00152e-10
0.00519476
-2.76198e-10
0.00519476
-1.26087e-10
0.00519476
4.95392e-10
0.00519476
9.45053e-10
0.00519476
9.6038e-10
0.00519476
4.72628e-10
0.00519476
-3.981e-10
0.00519476
-1.89701e-09
0.00519476
-4.35201e-09
0.00519476
-8.17156e-09
0.00519476
-1.36696e-08
0.00519476
-2.18704e-08
0.00519476
-3.38302e-08
0.00519476
-5.16286e-08
0.00519476
-7.78568e-08
0.00519476
-1.15142e-07
0.00519477
-1.69464e-07
0.00519477
-2.45518e-07
0.00519477
-3.6644e-07
0.00519476
-5.35072e-07
0.00519474
-8.98315e-07
0.00519469
-1.50647e-06
0.00519461
-4.14444e-06
0.00519467
-1.11097e-05
0.0051952
-3.94474e-05
-7.88385e-05
0.00515488
-0.00129859
0.00518952
-0.000605981
0.00519266
-0.000152775
0.00519361
-9.14639e-06
0.00519344
8.22744e-06
0.00519389
-6.5126e-06
0.00519408
-1.03326e-05
0.00519432
-1.24075e-05
0.00519446
-1.08595e-05
0.00519458
-9.51769e-06
0.00519465
-7.84709e-06
0.00519469
-6.44809e-06
0.00519472
-5.14892e-06
0.00519473
-4.05122e-06
0.00519473
-3.11252e-06
0.00519472
-2.3528e-06
0.00519471
-1.7411e-06
0.0051947
-1.2617e-06
0.0051947
-8.95843e-07
0.00519469
-6.28187e-07
0.00519468
-4.36698e-07
0.00519468
-2.98897e-07
0.00519468
-1.99473e-07
0.00519467
-1.29246e-07
0.00519467
-8.32731e-08
0.00519467
-5.34273e-08
0.00519467
-3.50101e-08
0.00519467
-2.28412e-08
0.00519467
-1.46532e-08
0.00519467
-9.60998e-09
0.00519467
-6.67212e-09
0.00519467
-4.50254e-09
0.00519467
-3.72426e-09
0.00519467
-3.23147e-09
0.00519467
-3.00556e-09
0.00519467
-2.77299e-09
0.00519467
-2.54078e-09
0.00519467
-1.76007e-09
0.00519467
-1.02035e-09
0.00519467
-6.51783e-10
0.00519467
-9.0644e-11
0.00519467
3.06296e-10
0.00519467
8.35796e-10
0.00519467
1.45296e-09
0.00519467
1.55836e-09
0.00519467
1.41254e-09
0.00519467
1.40938e-09
0.00519467
1.48664e-09
0.00519467
9.89896e-10
0.00519467
4.59238e-10
0.00519467
1.84933e-10
0.00519467
2.50987e-10
0.00519467
4.71531e-10
0.00519467
6.62556e-10
0.00519467
9.57637e-10
0.00519467
1.37346e-09
0.00519467
1.67326e-09
0.00519467
1.58296e-09
0.00519467
1.42712e-09
0.00519467
9.12313e-10
0.00519467
1.06855e-10
0.00519467
-8.98554e-10
0.00519467
-1.39574e-09
0.00519467
-1.55544e-09
0.00519467
-1.58612e-09
0.00519467
-1.66637e-09
0.00519467
-1.7417e-09
0.00519467
-1.63386e-09
0.00519467
-1.37277e-09
0.00519467
-1.15405e-09
0.00519467
-8.27896e-10
0.00519467
-5.18936e-10
0.00519467
-1.51248e-10
0.00519467
-2.34196e-10
0.00519467
-2.74257e-10
0.00519467
-2.41575e-10
0.00519467
3.01814e-10
0.00519467
7.83775e-10
0.00519467
8.51442e-10
0.00519467
3.74046e-10
0.00519467
-5.10741e-10
0.00519467
-1.94989e-09
0.00519467
-4.25812e-09
0.00519467
-7.97331e-09
0.00519467
-1.34259e-08
0.00519467
-2.16151e-08
0.00519467
-3.3478e-08
0.00519467
-5.11013e-08
0.00519467
-7.72088e-08
0.00519467
-1.14317e-07
0.00519466
-1.67953e-07
0.00519466
-2.42108e-07
0.00519465
-3.57473e-07
0.00519463
-5.13847e-07
0.00519458
-8.4511e-07
0.00519448
-1.40583e-06
0.00519427
-3.93746e-06
0.00519402
-1.08595e-05
0.00519346
-3.88878e-05
-7.8177e-05
0.00516898
-0.00146757
0.00519496
-0.000631965
0.00519442
-0.000152232
0.00519531
-1.00393e-05
0.00519523
8.31033e-06
0.00519555
-6.83472e-06
0.00519548
-1.02641e-05
0.00519543
-1.23537e-05
0.00519531
-1.07415e-05
0.00519519
-9.40094e-06
0.00519507
-7.72301e-06
0.00519495
-6.33187e-06
0.00519484
-5.04215e-06
0.00519475
-3.95809e-06
0.00519467
-3.03324e-06
0.00519461
-2.28713e-06
0.00519455
-1.68813e-06
0.00519451
-1.22044e-06
0.00519448
-8.64701e-07
0.00519446
-6.05007e-07
0.00519444
-4.19594e-07
0.00519443
-2.86614e-07
0.00519442
-1.90987e-07
0.00519442
-1.23601e-07
0.00519441
-7.9529e-08
0.00519441
-5.10489e-08
0.00519441
-3.35295e-08
0.00519441
-2.18177e-08
0.00519441
-1.38392e-08
0.00519441
-8.96183e-09
0.00519441
-6.17351e-09
0.00519441
-4.14198e-09
0.00519441
-3.41849e-09
0.00519441
-2.94598e-09
0.00519441
-2.70061e-09
0.00519441
-2.47777e-09
0.0051944
-2.33889e-09
0.0051944
-1.66959e-09
0.0051944
-9.16211e-10
0.0051944
-4.96123e-10
0.0051944
3.07987e-11
0.0051944
2.96338e-10
0.0051944
6.98258e-10
0.0051944
1.33857e-09
0.0051944
1.49148e-09
0.0051944
1.30776e-09
0.0051944
1.20217e-09
0.0051944
1.29326e-09
0.0051944
9.11385e-10
0.0051944
3.91233e-10
0.0051944
6.60277e-11
0.0051944
1.03145e-10
0.0051944
3.8707e-10
0.0051944
6.52111e-10
0.0051944
9.30253e-10
0.0051944
1.30095e-09
0.0051944
1.59798e-09
0.0051944
1.49241e-09
0.0051944
1.30159e-09
0.0051944
8.33356e-10
0.0051944
1.19222e-10
0.0051944
-8.40338e-10
0.0051944
-1.32332e-09
0.0051944
-1.41596e-09
0.0051944
-1.40666e-09
0.0051944
-1.48067e-09
0.0051944
-1.6023e-09
0.0051944
-1.49777e-09
0.0051944
-1.15958e-09
0.0051944
-9.04717e-10
0.0051944
-6.57086e-10
0.0051944
-4.68085e-10
0.0051944
-1.43045e-10
0.0051944
-1.78529e-10
0.0051944
-2.32851e-10
0.0051944
-2.97952e-10
0.0051944
1.42341e-10
0.0051944
6.28448e-10
0.0051944
7.5704e-10
0.0051944
3.33683e-10
0.0051944
-5.47373e-10
0.0051944
-1.92634e-09
0.0051944
-4.04097e-09
0.0051944
-7.53821e-09
0.0051944
-1.28071e-08
0.0051944
-2.07948e-08
0.0051944
-3.22903e-08
0.0051944
-4.92813e-08
0.0051944
-7.45624e-08
0.00519439
-1.10563e-07
0.00519439
-1.62201e-07
0.00519438
-2.32606e-07
0.00519436
-3.39371e-07
0.00519432
-4.78967e-07
0.00519425
-7.67593e-07
0.0051941
-1.26196e-06
0.00519377
-3.60864e-06
0.00519322
-1.03013e-05
0.00519151
-3.71847e-05
-7.51802e-05
0.0051855
-0.00165306
0.00520066
-0.000647131
0.00519593
-0.000147499
0.00519668
-1.07929e-05
0.00519669
8.30376e-06
0.00519683
-6.97855e-06
0.00519648
-9.90891e-06
0.0051961
-1.19734e-05
0.00519569
-1.03341e-05
0.00519532
-9.03214e-06
0.00519499
-7.39057e-06
0.0051947
-6.04484e-06
0.00519446
-4.7991e-06
0.00519426
-3.75802e-06
0.00519409
-2.87178e-06
0.00519397
-2.15936e-06
0.00519387
-1.58926e-06
0.00519379
-1.14596e-06
0.00519374
-8.10028e-07
0.0051937
-5.65336e-07
0.00519367
-3.91066e-07
0.00519365
-2.66554e-07
0.00519364
-1.77367e-07
0.00519363
-1.14609e-07
0.00519362
-7.36427e-08
0.00519362
-4.73309e-08
0.00519362
-3.10353e-08
0.00519362
-2.01852e-08
0.00519362
-1.26886e-08
0.00519362
-8.10639e-09
0.00519362
-5.52071e-09
0.00519361
-3.65463e-09
0.00519361
-3.01437e-09
0.00519361
-2.59902e-09
0.00519361
-2.34388e-09
0.00519361
-2.11632e-09
0.00519361
-2.05713e-09
0.00519361
-1.52939e-09
0.00519361
-8.1097e-10
0.00519361
-3.48837e-10
0.00519361
1.75238e-10
0.00519361
3.32502e-10
0.00519361
5.67583e-10
0.00519361
1.16352e-09
0.00519361
1.37538e-09
0.00519361
1.20121e-09
0.00519361
1.00197e-09
0.00519361
1.06273e-09
0.00519361
7.82506e-10
0.00519361
3.22476e-10
0.00519361
-8.92628e-12
0.00519361
-9.91022e-12
0.00519361
2.97149e-10
0.00519361
6.22209e-10
0.00519361
8.88583e-10
0.00519361
1.20505e-09
0.00519361
1.48873e-09
0.00519361
1.37042e-09
0.00519361
1.145e-09
0.00519361
7.24273e-10
0.00519361
1.20316e-10
0.00519361
-7.56208e-10
0.00519361
-1.22414e-09
0.00519361
-1.2718e-09
0.00519361
-1.22028e-09
0.00519361
-1.26137e-09
0.00519361
-1.41748e-09
0.00519361
-1.35028e-09
0.00519361
-9.73068e-10
0.00519361
-6.75424e-10
0.00519361
-4.76414e-10
0.00519361
-4.05656e-10
0.00519361
-1.51935e-10
0.00519361
-1.40443e-10
0.00519361
-1.72021e-10
0.00519361
-3.00297e-10
0.00519361
2.65322e-11
0.00519361
4.8403e-10
0.00519361
6.63064e-10
0.00519361
3.27426e-10
0.00519361
-5.12132e-10
0.00519361
-1.82088e-09
0.00519361
-3.72049e-09
0.00519361
-6.89562e-09
0.00519361
-1.18261e-08
0.00519361
-1.9345e-08
0.00519361
-3.02316e-08
0.0051936
-4.62074e-08
0.0051936
-6.99138e-08
0.00519359
-1.03846e-07
0.00519358
-1.52178e-07
0.00519357
-2.17113e-07
0.00519354
-3.1272e-07
0.00519349
-4.32113e-07
0.0051934
-6.70191e-07
0.00519322
-1.08309e-06
0.00519278
-3.1726e-06
0.00519192
-9.44389e-06
0.00518906
-3.43199e-05
-6.97073e-05
0.00520416
-0.00185723
0.00520564
-0.000648608
0.00519614
-0.000138
0.00519664
-1.12937e-05
0.00519675
8.20066e-06
0.00519666
-6.89415e-06
0.00519599
-9.23928e-06
0.00519525
-1.12335e-05
0.00519453
-9.61436e-06
0.00519389
-8.39302e-06
0.00519334
-6.83743e-06
0.00519287
-5.57852e-06
0.00519248
-4.41451e-06
0.00519217
-3.44813e-06
0.00519193
-2.62679e-06
0.00519174
-1.96914e-06
0.00519159
-1.44474e-06
0.00519149
-1.0388e-06
0.00519141
-7.32492e-07
0.00519136
-5.10027e-07
0.00519132
-3.5199e-07
0.00519129
-2.3929e-07
0.00519127
-1.58952e-07
0.00519126
-1.0256e-07
0.00519125
-6.58319e-08
0.00519125
-4.21698e-08
0.00519124
-2.76951e-08
0.00519124
-1.7992e-08
0.00519124
-1.12395e-08
0.00519124
-7.10322e-09
0.00519124
-4.79826e-09
0.00519124
-3.12037e-09
0.00519124
-2.57209e-09
0.00519124
-2.23702e-09
0.00519124
-1.98786e-09
0.00519124
-1.73749e-09
0.00519124
-1.7116e-09
0.00519124
-1.32575e-09
0.00519124
-6.98674e-10
0.00519124
-2.31152e-10
0.00519124
2.9653e-10
0.00519124
3.81644e-10
0.00519124
4.44903e-10
0.00519124
9.42211e-10
0.00519124
1.20141e-09
0.00519124
1.0798e-09
0.00519124
8.23712e-10
0.00519124
8.30392e-10
0.00519124
6.20653e-10
0.00519124
2.49092e-10
0.00519124
-4.94771e-11
0.00519124
-8.04988e-11
0.00519124
2.09326e-10
0.00519124
5.67393e-10
0.00519123
8.18327e-10
0.00519123
1.07789e-09
0.00519123
1.34328e-09
0.00519123
1.22918e-09
0.00519123
9.73332e-10
0.00519123
5.93716e-10
0.00519123
1.13475e-10
0.00519123
-6.31461e-10
0.00519123
-1.06936e-09
0.00519123
-1.10355e-09
0.00519123
-1.02795e-09
0.00519123
-1.01802e-09
0.00519123
-1.18516e-09
0.00519123
-1.17391e-09
0.00519123
-8.12903e-10
0.00519123
-4.8075e-10
0.00519123
-3.02358e-10
0.00519123
-3.28289e-10
0.00519123
-1.74736e-10
0.00519123
-1.37001e-10
0.00519123
-1.20797e-10
0.00519123
-2.69408e-10
0.00519123
-5.26068e-11
0.00519123
3.41781e-10
0.00519123
5.44803e-10
0.00519124
3.14745e-10
0.00519124
-4.29636e-10
0.00519124
-1.64377e-09
0.00519123
-3.31791e-09
0.00519123
-6.07879e-09
0.00519123
-1.05108e-08
0.00519123
-1.73292e-08
0.00519123
-2.72937e-08
0.00519122
-4.17538e-08
0.00519122
-6.33136e-08
0.00519121
-9.42025e-08
0.00519119
-1.37937e-07
0.00519117
-1.95819e-07
0.00519114
-2.78261e-07
0.00519108
-3.75408e-07
0.00519097
-5.58478e-07
0.00519077
-8.80131e-07
0.00519025
-2.65132e-06
0.00518911
-8.30593e-06
0.0051851
-3.03158e-05
-6.16631e-05
0.00522291
-0.00208014
0.00520675
-0.000632449
0.00519187
-0.000123115
0.00519196
-1.13893e-05
0.0051922
7.96338e-06
0.00519184
-6.53117e-06
0.00519083
-8.23236e-06
0.0051897
-1.01018e-05
0.00518865
-8.5621e-06
0.00518772
-7.4679e-06
0.00518694
-6.05412e-06
0.00518629
-4.92691e-06
0.00518576
-3.88542e-06
0.00518534
-3.02806e-06
0.00518501
-2.29847e-06
0.00518476
-1.7173e-06
0.00518457
-1.25581e-06
0.00518443
-9.00276e-07
0.00518433
-6.33237e-07
0.00518426
-4.40012e-07
0.00518421
-3.02819e-07
0.00518418
-2.05275e-07
0.00518415
-1.36158e-07
0.00518414
-8.77368e-08
0.00518413
-5.62803e-08
0.00518412
-3.59588e-08
0.00518412
-2.35489e-08
0.00518412
-1.53402e-08
0.00518412
-9.5795e-09
0.00518411
-6.01717e-09
0.00518411
-4.05775e-09
0.00518411
-2.58512e-09
0.00518411
-2.12642e-09
0.00518411
-1.87979e-09
0.00518411
-1.65998e-09
0.00518411
-1.37702e-09
0.00518411
-1.3365e-09
0.00518411
-1.06719e-09
0.00518411
-5.82258e-10
0.00518411
-1.59798e-10
0.00518411
3.56094e-10
0.00518411
4.14787e-10
0.00518411
3.29484e-10
0.00518411
6.95303e-10
0.00518411
9.72376e-10
0.00518411
9.26419e-10
0.00518411
6.61271e-10
0.00518411
6.16655e-10
0.00518411
4.45737e-10
0.00518411
1.7256e-10
0.00518411
-6.66989e-11
0.00518411
-1.11477e-10
0.00518411
1.29924e-10
0.00518411
4.8989e-10
0.00518411
7.15224e-10
0.00518411
9.16754e-10
0.00518411
1.16035e-09
0.00518411
1.07478e-09
0.00518411
8.0477e-10
0.00518411
4.59468e-10
0.00518411
1.04756e-10
0.00518411
-4.65841e-10
0.00518411
-8.50573e-10
0.00518411
-9.02833e-10
0.00518411
-8.32741e-10
0.00518411
-7.6344e-10
0.00518411
-9.11437e-10
0.00518411
-9.61806e-10
0.00518411
-6.75793e-10
0.00518411
-3.34182e-10
0.00518411
-1.54892e-10
0.00518411
-2.44828e-10
0.00518411
-2.10015e-10
0.00518411
-1.79754e-10
0.00518411
-1.07467e-10
0.00518411
-2.33241e-10
0.00518411
-1.12652e-10
0.00518411
1.91594e-10
0.00518411
3.8567e-10
0.00518411
2.59861e-10
0.00518411
-3.32149e-10
0.00518411
-1.40726e-09
0.00518411
-2.84577e-09
0.00518411
-5.12209e-09
0.00518411
-8.90978e-09
0.0051841
-1.48103e-08
0.0051841
-2.34339e-08
0.00518409
-3.60766e-08
0.00518409
-5.48032e-08
0.00518407
-8.16981e-08
0.00518405
-1.1959e-07
0.00518403
-1.68995e-07
0.00518399
-2.36794e-07
0.00518392
-3.11145e-07
0.0051838
-4.38822e-07
0.00518359
-6.66267e-07
0.00518301
-2.07607e-06
0.00518163
-6.92005e-06
0.00517657
-2.52597e-05
-5.10205e-05
0.00523372
-0.00231387
0.00519443
-0.000593153
0.00517354
-0.000102233
0.00517303
-1.08769e-05
0.0051735
7.50095e-06
0.00517281
-5.84161e-06
0.00517145
-6.87678e-06
0.0051699
-8.5535e-06
0.00516851
-7.16555e-06
0.00516729
-6.24777e-06
0.00516627
-5.03746e-06
0.00516543
-4.08911e-06
0.00516476
-3.21254e-06
0.00516423
-2.49931e-06
0.00516382
-1.88882e-06
0.00516351
-1.40662e-06
0.00516328
-1.02513e-06
0.00516311
-7.32727e-07
0.00516299
-5.14246e-07
0.00516291
-3.56132e-07
0.00516285
-2.44276e-07
0.00516281
-1.65254e-07
0.00516278
-1.09432e-07
0.00516276
-7.04362e-08
0.00516275
-4.51761e-08
0.00516275
-2.8816e-08
0.00516274
-1.88352e-08
0.00516274
-1.23551e-08
0.00516274
-7.77504e-09
0.00516274
-4.86434e-09
0.00516274
-3.28353e-09
0.00516274
-2.02616e-09
0.00516273
-1.65516e-09
0.00516273
-1.50241e-09
0.00516273
-1.35002e-09
0.00516273
-1.05445e-09
0.00516273
-9.7516e-10
0.00516273
-7.87409e-10
0.00516273
-4.66702e-10
0.00516273
-1.31393e-10
0.00516273
3.44316e-10
0.00516273
4.17715e-10
0.00516273
2.2964e-10
0.00516273
4.54977e-10
0.00516273
7.18172e-10
0.00516273
7.44552e-10
0.00516273
5.11436e-10
0.00516273
4.3587e-10
0.00516273
2.76373e-10
0.00516273
9.16106e-11
0.00516273
-7.85789e-11
0.00516273
-1.23031e-10
0.00516273
5.48014e-11
0.00516273
3.97833e-10
0.00516273
5.93448e-10
0.00516273
7.38486e-10
0.00516273
9.49626e-10
0.00516273
9.073e-10
0.00516273
6.43665e-10
0.00516273
3.28021e-10
0.00516273
8.75003e-11
0.00516273
-2.8259e-10
0.00516273
-5.86521e-10
0.00516273
-6.77027e-10
0.00516273
-6.35677e-10
0.00516273
-5.09283e-10
0.00516273
-6.09391e-10
0.00516273
-7.19088e-10
0.00516273
-5.56245e-10
0.00516273
-2.40889e-10
0.00516273
-5.38513e-11
0.00516273
-1.77363e-10
0.00516273
-2.63947e-10
0.00516273
-2.6775e-10
0.00516273
-1.43261e-10
0.00516273
-2.09342e-10
0.00516273
-1.66268e-10
0.00516273
3.63913e-11
0.00516273
2.00445e-10
0.00516273
1.61666e-10
0.00516273
-2.38353e-10
0.00516273
-1.11811e-09
0.00516273
-2.30571e-09
0.00516273
-4.05742e-09
0.00516273
-7.06249e-09
0.00516272
-1.18269e-08
0.00516272
-1.88626e-08
0.00516271
-2.92367e-08
0.0051627
-4.45017e-08
0.00516269
-6.6486e-08
0.00516267
-9.73675e-08
0.00516263
-1.37051e-07
0.00516259
-1.89364e-07
0.00516252
-2.412e-07
0.0051624
-3.18098e-07
0.00516219
-4.55356e-07
0.0051616
-1.48597e-06
0.00516002
-5.34446e-06
0.00515412
-1.93615e-05
-3.78771e-05
0.00521047
-0.00252434
0.00513989
-0.000522569
0.00511251
-7.48592e-05
0.00511112
-9.48226e-06
0.00511198
6.64186e-06
0.00511092
-4.78539e-06
0.00510923
-5.18694e-06
0.00510727
-6.58677e-06
0.00510554
-5.43296e-06
0.00510403
-4.74147e-06
0.00510279
-3.79795e-06
0.00510178
-3.0763e-06
0.00510097
-2.40638e-06
0.00510034
-1.86557e-06
0.00509985
-1.40537e-06
0.00509949
-1.0429e-06
0.00509922
-7.57231e-07
0.00509903
-5.39386e-07
0.00509889
-3.77595e-07
0.00509879
-2.60733e-07
0.00509873
-1.78083e-07
0.00509868
-1.20118e-07
0.00509865
-7.94196e-08
0.00509864
-5.10471e-08
0.00509862
-3.27991e-08
0.00509862
-2.09235e-08
0.00509861
-1.37023e-08
0.00509861
-9.10062e-09
0.00509861
-5.79056e-09
0.0050986
-3.58388e-09
0.0050986
-2.4038e-09
0.0050986
-1.39096e-09
0.0050986
-1.12121e-09
0.0050986
-1.06695e-09
0.0050986
-1.00776e-09
0.0050986
-7.57368e-10
0.0050986
-6.61031e-10
0.0050986
-5.1447e-10
0.0050986
-3.19427e-10
0.0050986
-1.08992e-10
0.0050986
2.82254e-10
0.0050986
4.0289e-10
0.0050986
1.64388e-10
0.0050986
2.5688e-10
0.0050986
4.72554e-10
0.0050986
5.4037e-10
0.0050986
3.58244e-10
0.0050986
2.86226e-10
0.0050986
1.27031e-10
0.0050986
-1.31016e-12
0.0050986
-9.81978e-11
0.0050986
-1.31994e-10
0.0050986
-2.43302e-11
0.0050986
2.9229e-10
0.0050986
4.64489e-10
0.0050986
5.58694e-10
0.0050986
7.15391e-10
0.0050986
7.04278e-10
0.0050986
4.73336e-10
0.0050986
2.05215e-10
0.0050986
5.66996e-11
0.0050986
-1.24454e-10
0.0050986
-3.16456e-10
0.0050986
-4.24296e-10
0.0050986
-4.20279e-10
0.0050986
-2.69156e-10
0.0050986
-3.18117e-10
0.0050986
-4.57968e-10
0.0050986
-4.25171e-10
0.0050986
-1.93731e-10
0.0050986
-2.64239e-11
0.0050986
-1.50467e-10
0.0050986
-3.1284e-10
0.0050986
-3.51856e-10
0.0050986
-2.04997e-10
0.0050986
-2.04924e-10
0.0050986
-2.08309e-10
0.0050986
-8.47847e-11
0.0050986
4.08358e-11
0.0050986
4.91389e-11
0.0050986
-1.58441e-10
0.0050986
-7.81387e-10
0.0050986
-1.68575e-09
0.0050986
-2.90674e-09
0.00509859
-5.05296e-09
0.00509859
-8.5049e-09
0.00509859
-1.37001e-08
0.00509858
-2.14116e-08
0.00509857
-3.26734e-08
0.00509855
-4.89283e-08
0.00509852
-7.17751e-08
0.00509849
-1.00712e-07
0.00509844
-1.37253e-07
0.00509836
-1.69137e-07
0.00509825
-2.04443e-07
0.00509806
-2.66357e-07
0.00509749
-9.11296e-07
0.00509582
-3.68078e-06
0.00508954
-1.30801e-05
-2.27866e-05
0.0050727
-0.00259704
0.00495583
-0.000405698
0.00492279
-4.18146e-05
0.00492021
-6.90677e-06
0.00492173
5.12178e-06
0.0049203
-3.35328e-06
0.00491835
-3.24104e-06
0.00491602
-4.25056e-06
0.00491401
-3.42935e-06
0.00491227
-3.00139e-06
0.00491086
-2.38389e-06
0.00490971
-1.92705e-06
0.0049088
-1.49982e-06
0.0049081
-1.15914e-06
0.00490756
-8.68878e-07
0.00490716
-6.42481e-07
0.00490687
-4.64547e-07
0.00490666
-3.29518e-07
0.00490651
-2.29921e-07
0.00490641
-1.58188e-07
0.00490634
-1.07476e-07
0.00490629
-7.221e-08
0.00490626
-4.76799e-08
0.00490624
-3.05661e-08
0.00490622
-1.96976e-08
0.00490622
-1.26038e-08
0.00490621
-8.29741e-09
0.00490621
-5.57517e-09
0.00490621
-3.56699e-09
0.0049062
-2.15607e-09
0.0049062
-1.44369e-09
0.0049062
-7.51932e-10
0.0049062
-5.94694e-10
0.0049062
-6.10414e-10
0.0049062
-6.17595e-10
0.0049062
-4.93742e-10
0.0049062
-4.44844e-10
0.0049062
-3.08212e-10
0.0049062
-1.45021e-10
0.0049062
-4.70653e-11
0.0049062
1.89524e-10
0.0049062
3.38098e-10
0.0049062
1.26758e-10
0.0049062
1.05247e-10
0.0049062
2.53928e-10
0.0049062
3.18703e-10
0.0049062
1.988e-10
0.0049062
1.71594e-10
0.0049062
2.07682e-11
0.0049062
-8.0941e-11
0.0049062
-1.06713e-10
0.0049062
-1.12313e-10
0.0049062
-8.48548e-11
0.0049062
1.74251e-10
0.0049062
3.3452e-10
0.0049062
3.90138e-10
0.0049062
4.70767e-10
0.0049062
4.46457e-10
0.0049062
2.76411e-10
0.0049062
1.10622e-10
0.0049062
4.29909e-11
0.0049062
-1.14313e-11
0.0049062
-9.33807e-11
0.0049062
-1.62393e-10
0.0049062
-1.67715e-10
0.0049062
-5.73611e-11
0.0049062
-9.98513e-11
0.0049062
-2.27467e-10
0.0049062
-2.60733e-10
0.0049062
-1.4725e-10
0.0049062
-7.17866e-11
0.0049062
-1.81139e-10
0.0049062
-3.29391e-10
0.0049062
-3.6776e-10
0.0049062
-2.55705e-10
0.0049062
-2.38407e-10
0.0049062
-2.45874e-10
0.0049062
-1.45079e-10
0.0049062
-4.70612e-11
0.0049062
-5.45936e-11
0.0049062
-1.26253e-10
0.0049062
-4.39352e-10
0.0049062
-1.0039e-09
0.0049062
-1.71633e-09
0.00490619
-2.99629e-09
0.00490619
-5.04399e-09
0.00490619
-8.20046e-09
0.00490618
-1.29941e-08
0.00490616
-1.99156e-08
0.00490615
-2.98743e-08
0.00490612
-4.39808e-08
0.00490608
-6.15928e-08
0.00490602
-8.28665e-08
0.00490595
-9.87018e-08
0.00490586
-1.06355e-07
0.00490571
-1.16766e-07
0.00490523
-4.29623e-07
0.00490359
-2.04868e-06
0.00489773
-7.2175e-06
-7.9409e-06
0.00456831
-0.00216535
0.00437578
-0.000213172
0.00434659
-1.26162e-05
0.00434245
-2.77273e-06
0.00434511
2.46591e-06
0.00434326
-1.50277e-06
0.00434133
-1.31263e-06
0.00433885
-1.76337e-06
0.00433681
-1.38856e-06
0.00433502
-1.21667e-06
0.0043336
-9.57034e-07
0.00433244
-7.71704e-07
0.00433154
-5.96867e-07
0.00433084
-4.59544e-07
0.00433031
-3.42957e-07
0.00432992
-2.52611e-07
0.00432963
-1.82062e-07
0.00432943
-1.2874e-07
0.00432929
-8.96712e-08
0.00432919
-6.15173e-08
0.00432913
-4.14508e-08
0.00432908
-2.76136e-08
0.00432905
-1.81973e-08
0.00432904
-1.15134e-08
0.00432902
-7.29701e-09
0.00432902
-4.5662e-09
0.00432901
-2.99364e-09
0.00432901
-2.15327e-09
0.00432901
-1.52583e-09
0.004329
-9.37352e-10
0.004329
-5.76551e-10
0.004329
-1.94529e-10
0.004329
-1.54641e-10
0.004329
-2.3283e-10
0.004329
-2.30546e-10
0.004329
-2.37427e-10
0.004329
-3.22172e-10
0.004329
-2.96425e-10
0.004329
-1.60906e-10
0.004329
-9.87829e-11
0.004329
9.15368e-12
0.004329
1.18024e-10
0.004329
-2.38266e-11
0.004329
-6.20911e-11
0.004329
8.18246e-11
0.004329
1.73232e-10
0.004329
1.39903e-10
0.004329
1.69914e-10
0.004329
7.66128e-11
0.004329
-3.56784e-11
0.004329
-7.85097e-11
0.004329
-8.25688e-11
0.004329
-1.27559e-10
0.004329
1.09077e-11
0.004329
1.55831e-10
0.004329
2.29173e-10
0.004329
2.92186e-10
0.004329
2.38544e-10
0.004329
9.06267e-11
0.004329
2.91911e-11
0.004329
4.77222e-11
0.004329
4.22091e-11
0.004329
-2.46665e-11
0.004329
-5.83248e-11
0.004329
-1.48811e-11
0.004329
7.90647e-11
0.004329
3.65595e-11
0.004329
-7.32049e-11
0.004329
-1.02476e-10
0.004329
-4.24579e-11
0.004329
-3.17366e-11
0.004329
-1.50727e-10
0.004329
-3.06193e-10
0.004329
-3.31069e-10
0.004329
-2.27032e-10
0.004329
-2.04577e-10
0.004329
-2.41241e-10
0.004329
-1.87048e-10
0.004329
-8.34526e-11
0.004329
-5.90869e-11
0.004329
-8.95835e-11
0.004329
-1.88246e-10
0.004329
-4.03573e-10
0.004329
-6.20608e-10
0.004329
-1.07977e-09
0.00432899
-1.86548e-09
0.00432899
-3.08587e-09
0.00432898
-5.00024e-09
0.00432897
-7.74469e-09
0.00432895
-1.16007e-08
0.00432892
-1.71867e-08
0.00432888
-2.40746e-08
0.00432883
-3.19525e-08
0.00432877
-3.66142e-08
0.0043287
-3.3687e-08
0.00432861
-2.46208e-08
0.00432828
-1.06523e-07
0.00432694
-7.04338e-07
0.00432234
-2.61701e-06
1.17725e-06
0.00283465
0.00262147
0.00260886
0.00260608
0.00260855
0.00260704
0.00260573
0.00260397
0.00260258
0.00260136
0.0026004
0.00259963
0.00259903
0.00259857
0.00259823
0.00259798
0.0025978
0.00259767
0.00259758
0.00259752
0.00259748
0.00259745
0.00259743
0.00259742
0.00259741
0.00259741
0.00259741
0.00259741
0.0025974
0.0025974
0.0025974
0.0025974
0.0025974
0.0025974
0.0025974
0.0025974
0.0025974
0.0025974
0.0025974
0.0025974
0.0025974
0.0025974
0.0025974
0.0025974
0.0025974
0.0025974
0.0025974
0.0025974
0.0025974
0.0025974
0.0025974
0.0025974
0.0025974
0.0025974
0.0025974
0.0025974
0.0025974
0.0025974
0.0025974
0.0025974
0.0025974
0.0025974
0.0025974
0.0025974
0.0025974
0.0025974
0.0025974
0.0025974
0.0025974
0.0025974
0.0025974
0.0025974
0.0025974
0.0025974
0.0025974
0.0025974
0.0025974
0.0025974
0.0025974
0.0025974
0.0025974
0.0025974
0.0025974
0.0025974
0.0025974
0.0025974
0.00259739
0.00259739
0.00259738
0.00259737
0.00259735
0.00259733
0.00259729
0.00259726
0.00259722
0.0025972
0.00259709
0.00259639
0.00259377
)
;

boundaryField
{
    inlet
    {
        type            calculated;
        value           nonuniform List<scalar> 
40
(
-0.005
-0.005
-0.005
-0.005
-0.005
-0.005
-0.005
-0.005
-0.005
-0.005
-0.005
-0.005
-0.005
-0.005
-0.005
-0.005
-0.005
-0.005
-0.005
-0.005
-0.005
-0.005
-0.005
-0.005
-0.005
-0.005
-0.005
-0.005
-0.005
-0.005
-0.005
-0.005
-0.005
-0.005
-0.005
-0.005
-0.005
-0.005
-0.005
-0.005
)
;
    }
    outlet
    {
        type            calculated;
        value           nonuniform List<scalar> 
40
(
0.00259495
0.00431322
0.00488288
0.00507445
0.00514098
0.00516593
0.00517706
0.00518359
0.00518852
0.0051928
0.00519671
0.0052003
0.00520358
0.00520651
0.00520907
0.00521124
0.00521299
0.00521432
0.00521521
0.00521566
0.00521566
0.00521521
0.00521432
0.00521299
0.00521123
0.00520907
0.00520651
0.00520358
0.0052003
0.00519671
0.0051928
0.00518852
0.00518359
0.00517706
0.00516593
0.00514098
0.00507445
0.00488289
0.00431322
0.00259495
)
;
    }
    lowerWall
    {
        type            calculated;
        value           uniform 0;
    }
    upperWall
    {
        type            calculated;
        value           uniform 0;
    }
    frontAndBack
    {
        type            empty;
        value           nonuniform 0();
    }
}


// ************************************************************************* //
