/*--------------------------------*- C++ -*----------------------------------*\
| =========                 |                                                 |
| \\      /  F ield         | OpenFOAM: The Open Source CFD Toolbox           |
|  \\    /   O peration     | Version:  5.x                                   |
|   \\  /    A nd           | Web:      www.OpenFOAM.org                      |
|    \\/     M anipulation  |                                                 |
\*---------------------------------------------------------------------------*/
FoamFile
{
    version     2.0;
    format      ascii;
    class       volVectorField;
    location    "0.5";
    object      U;
}
// * * * * * * * * * * * * * * * * * * * * * * * * * * * * * * * * * * * * * //

dimensions      [0 1 -1 0 0 0 0];

internalField   nonuniform List<vector> 
4000
(
(0.537579 0.0563866 0)
(0.552259 0.00359609 0)
(0.517064 -0.00175874 0)
(0.52285 -0.00199562 0)
(0.520977 -0.00212531 0)
(0.521864 -0.00203294 0)
(0.521212 -0.00204074 0)
(0.521021 -0.0020315 0)
(0.520641 -0.00204149 0)
(0.520402 -0.00204605 0)
(0.520173 -0.00205264 0)
(0.520004 -0.00205726 0)
(0.519864 -0.00206149 0)
(0.519759 -0.00206471 0)
(0.519679 -0.00206741 0)
(0.51962 -0.00206952 0)
(0.519576 -0.0020711 0)
(0.519546 -0.00207227 0)
(0.519524 -0.00207312 0)
(0.519509 -0.00207376 0)
(0.519499 -0.00207423 0)
(0.519493 -0.00207451 0)
(0.519488 -0.00207471 0)
(0.519485 -0.00207483 0)
(0.519483 -0.00207493 0)
(0.519482 -0.002075 0)
(0.519481 -0.00207504 0)
(0.519481 -0.00207504 0)
(0.51948 -0.00207505 0)
(0.51948 -0.00207506 0)
(0.51948 -0.00207508 0)
(0.51948 -0.00207508 0)
(0.51948 -0.00207508 0)
(0.51948 -0.00207507 0)
(0.51948 -0.00207508 0)
(0.51948 -0.00207509 0)
(0.51948 -0.00207509 0)
(0.51948 -0.00207508 0)
(0.51948 -0.00207508 0)
(0.51948 -0.00207508 0)
(0.51948 -0.00207509 0)
(0.51948 -0.00207508 0)
(0.51948 -0.00207508 0)
(0.51948 -0.00207508 0)
(0.51948 -0.00207509 0)
(0.51948 -0.00207509 0)
(0.51948 -0.00207509 0)
(0.51948 -0.00207508 0)
(0.51948 -0.00207508 0)
(0.51948 -0.00207508 0)
(0.51948 -0.00207509 0)
(0.51948 -0.00207509 0)
(0.51948 -0.00207508 0)
(0.51948 -0.00207509 0)
(0.51948 -0.00207509 0)
(0.51948 -0.00207509 0)
(0.51948 -0.00207508 0)
(0.51948 -0.00207509 0)
(0.51948 -0.00207509 0)
(0.51948 -0.00207509 0)
(0.51948 -0.00207508 0)
(0.51948 -0.00207508 0)
(0.51948 -0.00207508 0)
(0.51948 -0.00207508 0)
(0.51948 -0.00207509 0)
(0.51948 -0.00207509 0)
(0.51948 -0.00207509 0)
(0.51948 -0.00207509 0)
(0.51948 -0.00207509 0)
(0.51948 -0.00207509 0)
(0.51948 -0.00207508 0)
(0.51948 -0.00207508 0)
(0.51948 -0.00207508 0)
(0.51948 -0.00207508 0)
(0.51948 -0.00207508 0)
(0.51948 -0.00207508 0)
(0.51948 -0.00207508 0)
(0.51948 -0.00207508 0)
(0.51948 -0.00207509 0)
(0.51948 -0.00207508 0)
(0.51948 -0.00207508 0)
(0.51948 -0.00207508 0)
(0.519479 -0.00207508 0)
(0.519479 -0.00207507 0)
(0.519479 -0.00207506 0)
(0.519479 -0.00207504 0)
(0.519478 -0.00207501 0)
(0.519478 -0.00207497 0)
(0.519476 -0.0020749 0)
(0.519475 -0.00207481 0)
(0.519472 -0.00207468 0)
(0.519467 -0.00207454 0)
(0.519462 -0.00207438 0)
(0.519454 -0.00207434 0)
(0.519447 -0.0020746 0)
(0.519439 -0.0020752 0)
(0.519445 -0.00207423 0)
(0.519362 -0.00206095 0)
(0.519228 -0.00202081 0)
(0.518635 -0.00215125 0)
(0.865011 0.128421 0)
(0.911694 0.0160119 0)
(0.86196 0.0010083 0)
(0.871301 -4.86651e-05 0)
(0.867832 -0.000485479 0)
(0.869358 -0.000171717 0)
(0.868335 -0.000184622 0)
(0.868109 -0.000148461 0)
(0.867542 -0.000180214 0)
(0.867198 -0.000195898 0)
(0.866856 -0.00021881 0)
(0.866605 -0.000235492 0)
(0.866395 -0.000251522 0)
(0.866235 -0.00026417 0)
(0.866112 -0.00027415 0)
(0.86602 -0.000282014 0)
(0.865953 -0.000288121 0)
(0.865905 -0.000292751 0)
(0.865871 -0.000296101 0)
(0.865847 -0.000298488 0)
(0.865831 -0.000300265 0)
(0.86582 -0.000301479 0)
(0.865813 -0.000302306 0)
(0.865809 -0.000302821 0)
(0.865805 -0.000303176 0)
(0.865803 -0.000303425 0)
(0.865802 -0.000303598 0)
(0.865801 -0.000303649 0)
(0.865801 -0.000303686 0)
(0.8658 -0.000303734 0)
(0.8658 -0.000303803 0)
(0.8658 -0.00030381 0)
(0.8658 -0.000303812 0)
(0.8658 -0.000303803 0)
(0.8658 -0.000303835 0)
(0.8658 -0.00030384 0)
(0.8658 -0.000303858 0)
(0.8658 -0.000303847 0)
(0.8658 -0.00030383 0)
(0.8658 -0.000303821 0)
(0.8658 -0.00030384 0)
(0.8658 -0.000303834 0)
(0.8658 -0.000303825 0)
(0.8658 -0.00030382 0)
(0.8658 -0.00030383 0)
(0.8658 -0.000303843 0)
(0.8658 -0.000303836 0)
(0.8658 -0.000303822 0)
(0.8658 -0.000303831 0)
(0.8658 -0.000303835 0)
(0.8658 -0.00030384 0)
(0.8658 -0.000303837 0)
(0.865799 -0.00030384 0)
(0.865799 -0.000303846 0)
(0.865799 -0.000303856 0)
(0.865799 -0.000303843 0)
(0.865799 -0.000303832 0)
(0.865799 -0.000303837 0)
(0.865799 -0.000303855 0)
(0.865799 -0.000303845 0)
(0.865799 -0.000303832 0)
(0.865799 -0.000303838 0)
(0.865799 -0.000303841 0)
(0.865799 -0.000303841 0)
(0.865799 -0.000303856 0)
(0.865799 -0.000303865 0)
(0.865799 -0.000303859 0)
(0.8658 -0.000303856 0)
(0.8658 -0.000303863 0)
(0.8658 -0.00030385 0)
(0.8658 -0.000303836 0)
(0.8658 -0.00030383 0)
(0.8658 -0.00030383 0)
(0.8658 -0.000303827 0)
(0.8658 -0.00030383 0)
(0.865799 -0.00030383 0)
(0.865799 -0.00030383 0)
(0.865799 -0.000303836 0)
(0.865799 -0.000303839 0)
(0.865799 -0.000303835 0)
(0.865799 -0.000303828 0)
(0.865799 -0.000303819 0)
(0.865799 -0.000303811 0)
(0.865799 -0.000303792 0)
(0.865799 -0.000303746 0)
(0.865798 -0.000303671 0)
(0.865797 -0.000303567 0)
(0.865796 -0.000303422 0)
(0.865794 -0.000303192 0)
(0.865791 -0.000302857 0)
(0.865787 -0.000302388 0)
(0.86578 -0.000301815 0)
(0.865771 -0.00030115 0)
(0.865759 -0.000300734 0)
(0.865747 -0.000300837 0)
(0.865728 -0.000301261 0)
(0.865721 -0.00029291 0)
(0.865547 -0.000238825 0)
(0.865251 -7.22331e-05 0)
(0.86318 -0.000218102 0)
(0.960422 0.135842 0)
(1.02546 0.0244569 0)
(0.976315 0.00338545 0)
(0.987366 0.000867837 0)
(0.982981 0.00013661 0)
(0.984829 0.000642836 0)
(0.983697 0.00064636 0)
(0.983548 0.000707842 0)
(0.982972 0.000656182 0)
(0.982648 0.000627327 0)
(0.982307 0.000586698 0)
(0.982059 0.000556104 0)
(0.981848 0.000527137 0)
(0.981688 0.000503819 0)
(0.981563 0.000485039 0)
(0.981469 0.000470148 0)
(0.9814 0.000458462 0)
(0.98135 0.000449561 0)
(0.981315 0.000443101 0)
(0.98129 0.000438514 0)
(0.981273 0.000435073 0)
(0.981262 0.00043268 0)
(0.981254 0.000431068 0)
(0.981249 0.000430028 0)
(0.981246 0.00042929 0)
(0.981244 0.000428804 0)
(0.981242 0.000428493 0)
(0.981241 0.000428347 0)
(0.981241 0.00042822 0)
(0.98124 0.000428138 0)
(0.98124 0.000428049 0)
(0.98124 0.00042802 0)
(0.98124 0.000428003 0)
(0.98124 0.000427996 0)
(0.98124 0.000427942 0)
(0.98124 0.000427945 0)
(0.98124 0.000427935 0)
(0.98124 0.000427938 0)
(0.98124 0.00042795 0)
(0.98124 0.000427976 0)
(0.98124 0.000427967 0)
(0.98124 0.000427976 0)
(0.98124 0.000427981 0)
(0.98124 0.000427985 0)
(0.98124 0.000427976 0)
(0.98124 0.000427966 0)
(0.98124 0.000427967 0)
(0.98124 0.000427984 0)
(0.98124 0.000427967 0)
(0.98124 0.000427962 0)
(0.981239 0.00042796 0)
(0.981239 0.000427962 0)
(0.981239 0.000427951 0)
(0.981239 0.000427946 0)
(0.981239 0.000427937 0)
(0.981239 0.000427951 0)
(0.981239 0.000427964 0)
(0.981239 0.000427965 0)
(0.981239 0.000427949 0)
(0.981239 0.000427957 0)
(0.981239 0.000427967 0)
(0.981239 0.000427957 0)
(0.981239 0.000427946 0)
(0.981239 0.000427946 0)
(0.981239 0.00042793 0)
(0.981239 0.000427917 0)
(0.981239 0.000427921 0)
(0.981239 0.00042793 0)
(0.981239 0.000427923 0)
(0.981239 0.000427935 0)
(0.981239 0.00042795 0)
(0.981239 0.000427961 0)
(0.981239 0.000427964 0)
(0.981239 0.000427971 0)
(0.981239 0.000427969 0)
(0.981239 0.00042797 0)
(0.981239 0.00042797 0)
(0.981239 0.000427966 0)
(0.981239 0.000427964 0)
(0.981239 0.00042797 0)
(0.981239 0.000427979 0)
(0.981239 0.000427998 0)
(0.981239 0.00042802 0)
(0.981239 0.000428066 0)
(0.981239 0.000428152 0)
(0.981238 0.000428293 0)
(0.981237 0.000428493 0)
(0.981236 0.000428783 0)
(0.981234 0.00042923 0)
(0.981231 0.000429877 0)
(0.981226 0.000430786 0)
(0.981219 0.000431928 0)
(0.98121 0.00043333 0)
(0.981197 0.000434449 0)
(0.981182 0.000435305 0)
(0.981155 0.000436708 0)
(0.981134 0.000459567 0)
(0.980909 0.000570406 0)
(0.980539 0.000945389 0)
(0.977587 0.00117999 0)
(0.985044 0.123201 0)
(1.0596 0.0286992 0)
(1.01374 0.00475145 0)
(1.02588 0.000759593 0)
(1.0209 -0.000137677 0)
(1.02298 0.000491873 0)
(1.02182 0.000527363 0)
(1.02178 0.000606875 0)
(1.02125 0.000540949 0)
(1.02098 0.000499544 0)
(1.02068 0.000443328 0)
(1.02046 0.000399502 0)
(1.02027 0.000358115 0)
(1.02013 0.000323775 0)
(1.02002 0.000296826 0)
(1.01993 0.000275377 0)
(1.01987 0.000258439 0)
(1.01982 0.000245449 0)
(1.01979 0.000235936 0)
(1.01977 0.00022913 0)
(1.01975 0.000224058 0)
(1.01974 0.000220501 0)
(1.01973 0.000218088 0)
(1.01973 0.000216532 0)
(1.01973 0.000215453 0)
(1.01972 0.000214726 0)
(1.01972 0.000214259 0)
(1.01972 0.00021402 0)
(1.01972 0.000213814 0)
(1.01972 0.000213696 0)
(1.01972 0.000213587 0)
(1.01972 0.00021353 0)
(1.01972 0.000213501 0)
(1.01972 0.000213488 0)
(1.01972 0.000213416 0)
(1.01972 0.000213413 0)
(1.01972 0.000213411 0)
(1.01972 0.000213417 0)
(1.01972 0.000213426 0)
(1.01972 0.000213462 0)
(1.01972 0.000213462 0)
(1.01972 0.000213472 0)
(1.01972 0.000213479 0)
(1.01972 0.000213478 0)
(1.01972 0.000213471 0)
(1.01972 0.000213462 0)
(1.01972 0.000213459 0)
(1.01972 0.000213477 0)
(1.01972 0.000213456 0)
(1.01972 0.000213446 0)
(1.01972 0.000213444 0)
(1.01972 0.000213449 0)
(1.01972 0.000213436 0)
(1.01972 0.000213428 0)
(1.01972 0.000213418 0)
(1.01972 0.000213432 0)
(1.01972 0.00021345 0)
(1.01972 0.000213458 0)
(1.01972 0.000213442 0)
(1.01972 0.000213444 0)
(1.01972 0.000213454 0)
(1.01972 0.000213443 0)
(1.01972 0.000213424 0)
(1.01972 0.000213418 0)
(1.01972 0.000213402 0)
(1.01972 0.000213387 0)
(1.01972 0.000213389 0)
(1.01972 0.000213402 0)
(1.01972 0.000213398 0)
(1.01972 0.000213407 0)
(1.01972 0.000213423 0)
(1.01972 0.000213438 0)
(1.01972 0.000213447 0)
(1.01972 0.000213456 0)
(1.01972 0.000213454 0)
(1.01972 0.000213455 0)
(1.01972 0.00021346 0)
(1.01972 0.000213457 0)
(1.01972 0.000213456 0)
(1.01972 0.000213462 0)
(1.01972 0.000213476 0)
(1.01972 0.000213506 0)
(1.01972 0.000213543 0)
(1.01972 0.000213615 0)
(1.01972 0.000213743 0)
(1.01972 0.00021395 0)
(1.01972 0.000214248 0)
(1.01972 0.000214677 0)
(1.01971 0.000215332 0)
(1.01971 0.000216281 0)
(1.01971 0.000217625 0)
(1.0197 0.000219342 0)
(1.01969 0.00022155 0)
(1.01968 0.000223604 0)
(1.01966 0.000226283 0)
(1.01963 0.000231053 0)
(1.0196 0.000272659 0)
(1.01935 0.000446028 0)
(1.01899 0.00105289 0)
(1.01588 0.00177205 0)
(0.988613 0.109856 0)
(1.06805 0.0310182 0)
(1.02558 0.00577042 0)
(1.03849 0.000615472 0)
(1.03311 -0.00034628 0)
(1.03536 0.000356724 0)
(1.0342 0.000426343 0)
(1.03428 0.000517254 0)
(1.03381 0.000442141 0)
(1.03361 0.000390688 0)
(1.03335 0.000322769 0)
(1.03318 0.000268745 0)
(1.03302 0.000218014 0)
(1.0329 0.000175705 0)
(1.0328 0.000141935 0)
(1.03273 0.000114834 0)
(1.03268 9.32766e-05 0)
(1.03264 7.65708e-05 0)
(1.03261 6.41143e-05 0)
(1.03259 5.49528e-05 0)
(1.03257 4.81868e-05 0)
(1.03256 4.35999e-05 0)
(1.03256 4.0455e-05 0)
(1.03255 3.84173e-05 0)
(1.03255 3.70515e-05 0)
(1.03255 3.61151e-05 0)
(1.03255 3.54764e-05 0)
(1.03255 3.51394e-05 0)
(1.03255 3.48743e-05 0)
(1.03255 3.47303e-05 0)
(1.03255 3.4608e-05 0)
(1.03255 3.45181e-05 0)
(1.03255 3.44671e-05 0)
(1.03255 3.44584e-05 0)
(1.03255 3.43801e-05 0)
(1.03255 3.43657e-05 0)
(1.03255 3.4364e-05 0)
(1.03255 3.43747e-05 0)
(1.03255 3.43884e-05 0)
(1.03255 3.44339e-05 0)
(1.03255 3.44395e-05 0)
(1.03255 3.44484e-05 0)
(1.03255 3.44591e-05 0)
(1.03255 3.44581e-05 0)
(1.03255 3.44522e-05 0)
(1.03255 3.44406e-05 0)
(1.03255 3.44279e-05 0)
(1.03255 3.44478e-05 0)
(1.03255 3.44313e-05 0)
(1.03255 3.44176e-05 0)
(1.03255 3.44103e-05 0)
(1.03255 3.44144e-05 0)
(1.03255 3.44048e-05 0)
(1.03255 3.43961e-05 0)
(1.03255 3.43831e-05 0)
(1.03255 3.43947e-05 0)
(1.03255 3.44176e-05 0)
(1.03255 3.44334e-05 0)
(1.03255 3.44176e-05 0)
(1.03255 3.44128e-05 0)
(1.03255 3.44204e-05 0)
(1.03255 3.44104e-05 0)
(1.03255 3.43875e-05 0)
(1.03255 3.43746e-05 0)
(1.03255 3.43576e-05 0)
(1.03255 3.43401e-05 0)
(1.03255 3.43404e-05 0)
(1.03255 3.4356e-05 0)
(1.03255 3.43545e-05 0)
(1.03255 3.4361e-05 0)
(1.03255 3.43763e-05 0)
(1.03255 3.43966e-05 0)
(1.03255 3.44134e-05 0)
(1.03255 3.44248e-05 0)
(1.03255 3.44231e-05 0)
(1.03255 3.44223e-05 0)
(1.03255 3.44311e-05 0)
(1.03255 3.44327e-05 0)
(1.03255 3.44337e-05 0)
(1.03255 3.44389e-05 0)
(1.03255 3.44534e-05 0)
(1.03255 3.44939e-05 0)
(1.03255 3.45484e-05 0)
(1.03255 3.46431e-05 0)
(1.03255 3.4806e-05 0)
(1.03254 3.507e-05 0)
(1.03254 3.5455e-05 0)
(1.03254 3.60113e-05 0)
(1.03254 3.6848e-05 0)
(1.03254 3.80566e-05 0)
(1.03254 3.97828e-05 0)
(1.03253 4.20225e-05 0)
(1.03252 4.50294e-05 0)
(1.03251 4.8169e-05 0)
(1.03249 5.35365e-05 0)
(1.03246 6.30791e-05 0)
(1.03242 0.00012504 0)
(1.03218 0.000351628 0)
(1.03185 0.00117216 0)
(1.02901 0.00230045 0)
(0.986403 0.0981593 0)
(1.06831 0.032252 0)
(1.02896 0.00660542 0)
(1.04243 0.000577249 0)
(1.03677 -0.000403453 0)
(1.03917 0.000341935 0)
(1.03802 0.000443959 0)
(1.0382 0.000541555 0)
(1.0378 0.000461642 0)
(1.03767 0.000403351 0)
(1.03746 0.000328163 0)
(1.03733 0.000267899 0)
(1.03721 0.000212057 0)
(1.03711 0.000165867 0)
(1.03703 0.000126872 0)
(1.03698 9.5332e-05 0)
(1.03693 7.01693e-05 0)
(1.0369 5.06223e-05 0)
(1.03687 3.59961e-05 0)
(1.03686 2.51892e-05 0)
(1.03685 1.72001e-05 0)
(1.03684 1.175e-05 0)
(1.03683 7.98768e-06 0)
(1.03683 5.50625e-06 0)
(1.03683 3.85038e-06 0)
(1.03682 2.70684e-06 0)
(1.03682 1.87993e-06 0)
(1.03682 1.44917e-06 0)
(1.03682 1.13171e-06 0)
(1.03682 9.63701e-07 0)
(1.03682 8.30931e-07 0)
(1.03682 7.1475e-07 0)
(1.03682 6.37631e-07 0)
(1.03682 6.30226e-07 0)
(1.03682 5.53896e-07 0)
(1.03682 5.32207e-07 0)
(1.03682 5.26045e-07 0)
(1.03682 5.40035e-07 0)
(1.03682 5.60397e-07 0)
(1.03682 6.17564e-07 0)
(1.03682 6.27269e-07 0)
(1.03682 6.33219e-07 0)
(1.03682 6.47125e-07 0)
(1.03682 6.47022e-07 0)
(1.03682 6.43074e-07 0)
(1.03682 6.29687e-07 0)
(1.03682 6.07239e-07 0)
(1.03682 6.25232e-07 0)
(1.03682 6.14102e-07 0)
(1.03682 6.00917e-07 0)
(1.03682 5.8763e-07 0)
(1.03682 5.88301e-07 0)
(1.03682 5.81437e-07 0)
(1.03682 5.75221e-07 0)
(1.03682 5.60735e-07 0)
(1.03682 5.68259e-07 0)
(1.03682 5.92196e-07 0)
(1.03682 6.15397e-07 0)
(1.03682 6.02731e-07 0)
(1.03682 5.9154e-07 0)
(1.03682 5.94896e-07 0)
(1.03682 5.84898e-07 0)
(1.03682 5.6121e-07 0)
(1.03682 5.43777e-07 0)
(1.03682 5.24097e-07 0)
(1.03682 5.02625e-07 0)
(1.03682 5.00887e-07 0)
(1.03682 5.19692e-07 0)
(1.03682 5.21719e-07 0)
(1.03682 5.26055e-07 0)
(1.03682 5.39814e-07 0)
(1.03682 5.63925e-07 0)
(1.03682 5.89038e-07 0)
(1.03682 6.04948e-07 0)
(1.03682 6.03158e-07 0)
(1.03682 5.9868e-07 0)
(1.03682 6.10182e-07 0)
(1.03682 6.17245e-07 0)
(1.03682 6.22542e-07 0)
(1.03682 6.26869e-07 0)
(1.03682 6.40511e-07 0)
(1.03682 6.87804e-07 0)
(1.03682 7.58639e-07 0)
(1.03682 8.74894e-07 0)
(1.03682 1.0664e-06 0)
(1.03682 1.37538e-06 0)
(1.03682 1.83251e-06 0)
(1.03682 2.53421e-06 0)
(1.03682 3.5595e-06 0)
(1.03682 5.01037e-06 0)
(1.03681 7.07748e-06 0)
(1.03681 9.79015e-06 0)
(1.0368 1.35726e-05 0)
(1.03679 1.78683e-05 0)
(1.03678 2.59666e-05 0)
(1.03674 4.02628e-05 0)
(1.0367 0.000121049 0)
(1.03647 0.000386647 0)
(1.03621 0.00140313 0)
(1.03381 0.00285079 0)
(0.983077 0.0875417 0)
(1.06618 0.0325691 0)
(1.02959 0.00720363 0)
(1.04349 0.000558868 0)
(1.03761 -0.000412439 0)
(1.04014 0.000351452 0)
(1.039 0.000484287 0)
(1.03928 0.000586484 0)
(1.03894 0.00050433 0)
(1.03888 0.000441009 0)
(1.03872 0.000360413 0)
(1.03863 0.000295004 0)
(1.03854 0.000234464 0)
(1.03847 0.000184146 0)
(1.03841 0.000141328 0)
(1.03837 0.000106574 0)
(1.03833 7.88502e-05 0)
(1.03831 5.73747e-05 0)
(1.03829 4.14022e-05 0)
(1.03828 2.97385e-05 0)
(1.03827 2.10494e-05 0)
(1.03826 1.49056e-05 0)
(1.03826 1.06504e-05 0)
(1.03825 7.79577e-06 0)
(1.03825 5.86301e-06 0)
(1.03825 4.5197e-06 0)
(1.03825 3.55092e-06 0)
(1.03825 3.04167e-06 0)
(1.03825 2.67576e-06 0)
(1.03825 2.48054e-06 0)
(1.03825 2.33855e-06 0)
(1.03825 2.20685e-06 0)
(1.03825 2.10559e-06 0)
(1.03825 2.09658e-06 0)
(1.03825 2.02429e-06 0)
(1.03825 1.99867e-06 0)
(1.03825 1.98713e-06 0)
(1.03825 2.00259e-06 0)
(1.03825 2.02946e-06 0)
(1.03825 2.0985e-06 0)
(1.03825 2.11055e-06 0)
(1.03825 2.11218e-06 0)
(1.03825 2.12888e-06 0)
(1.03825 2.13058e-06 0)
(1.03825 2.12796e-06 0)
(1.03825 2.11376e-06 0)
(1.03825 2.08328e-06 0)
(1.03825 2.09674e-06 0)
(1.03825 2.08927e-06 0)
(1.03825 2.07924e-06 0)
(1.03825 2.06245e-06 0)
(1.03825 2.0594e-06 0)
(1.03825 2.0527e-06 0)
(1.03825 2.0488e-06 0)
(1.03825 2.03569e-06 0)
(1.03825 2.04125e-06 0)
(1.03825 2.06289e-06 0)
(1.03825 2.09061e-06 0)
(1.03825 2.08227e-06 0)
(1.03825 2.06746e-06 0)
(1.03825 2.06614e-06 0)
(1.03825 2.05428e-06 0)
(1.03825 2.02943e-06 0)
(1.03825 2.00933e-06 0)
(1.03825 1.98839e-06 0)
(1.03825 1.96331e-06 0)
(1.03825 1.9581e-06 0)
(1.03825 1.97918e-06 0)
(1.03825 1.98591e-06 0)
(1.03825 1.99027e-06 0)
(1.03825 2.00168e-06 0)
(1.03825 2.02761e-06 0)
(1.03825 2.05961e-06 0)
(1.03825 2.08109e-06 0)
(1.03825 2.08053e-06 0)
(1.03825 2.07206e-06 0)
(1.03825 2.08398e-06 0)
(1.03825 2.09613e-06 0)
(1.03825 2.1071e-06 0)
(1.03825 2.11233e-06 0)
(1.03825 2.12424e-06 0)
(1.03825 2.17501e-06 0)
(1.03825 2.25893e-06 0)
(1.03825 2.39358e-06 0)
(1.03825 2.60822e-06 0)
(1.03825 2.9516e-06 0)
(1.03825 3.46703e-06 0)
(1.03824 4.27464e-06 0)
(1.03824 5.48025e-06 0)
(1.03824 7.1475e-06 0)
(1.03824 9.50769e-06 0)
(1.03824 1.2633e-05 0)
(1.03823 1.71372e-05 0)
(1.03822 2.25828e-05 0)
(1.03821 3.31831e-05 0)
(1.03818 5.17201e-05 0)
(1.03814 0.000148986 0)
(1.03793 0.000449172 0)
(1.03774 0.00163077 0)
(1.03586 0.00331731 0)
(0.979966 0.077828 0)
(1.06355 0.0321173 0)
(1.02936 0.00755188 0)
(1.04358 0.000526192 0)
(1.03755 -0.000414869 0)
(1.04017 0.000349429 0)
(1.03905 0.000509682 0)
(1.03942 0.000614303 0)
(1.03914 0.000532361 0)
(1.03914 0.000466025 0)
(1.03903 0.00038232 0)
(1.03898 0.000313531 0)
(1.03892 0.000249714 0)
(1.03888 0.000196308 0)
(1.03884 0.000150913 0)
(1.03881 0.000113921 0)
(1.03878 8.43505e-05 0)
(1.03877 6.14148e-05 0)
(1.03875 4.43132e-05 0)
(1.03874 3.17919e-05 0)
(1.03874 2.24263e-05 0)
(1.03873 1.5772e-05 0)
(1.03873 1.11786e-05 0)
(1.03873 8.08113e-06 0)
(1.03873 5.96663e-06 0)
(1.03872 4.5189e-06 0)
(1.03872 3.48376e-06 0)
(1.03872 2.89181e-06 0)
(1.03872 2.48064e-06 0)
(1.03872 2.25367e-06 0)
(1.03872 2.10425e-06 0)
(1.03872 1.96776e-06 0)
(1.03872 1.84559e-06 0)
(1.03872 1.83094e-06 0)
(1.03872 1.76326e-06 0)
(1.03872 1.73768e-06 0)
(1.03872 1.72252e-06 0)
(1.03872 1.73712e-06 0)
(1.03872 1.7683e-06 0)
(1.03872 1.84871e-06 0)
(1.03872 1.8639e-06 0)
(1.03872 1.86061e-06 0)
(1.03872 1.87836e-06 0)
(1.03872 1.8823e-06 0)
(1.03872 1.8809e-06 0)
(1.03872 1.867e-06 0)
(1.03872 1.83052e-06 0)
(1.03872 1.83734e-06 0)
(1.03872 1.83161e-06 0)
(1.03872 1.82685e-06 0)
(1.03872 1.80929e-06 0)
(1.03872 1.80259e-06 0)
(1.03872 1.79411e-06 0)
(1.03872 1.79178e-06 0)
(1.03872 1.78201e-06 0)
(1.03872 1.78785e-06 0)
(1.03872 1.80507e-06 0)
(1.03872 1.83431e-06 0)
(1.03872 1.83044e-06 0)
(1.03872 1.81415e-06 0)
(1.03872 1.80846e-06 0)
(1.03872 1.79339e-06 0)
(1.03872 1.76626e-06 0)
(1.03872 1.74452e-06 0)
(1.03872 1.72454e-06 0)
(1.03872 1.69758e-06 0)
(1.03872 1.68793e-06 0)
(1.03872 1.70901e-06 0)
(1.03872 1.72048e-06 0)
(1.03872 1.72704e-06 0)
(1.03872 1.73608e-06 0)
(1.03872 1.76158e-06 0)
(1.03872 1.79826e-06 0)
(1.03872 1.82581e-06 0)
(1.03872 1.82838e-06 0)
(1.03872 1.81669e-06 0)
(1.03872 1.8273e-06 0)
(1.03872 1.84344e-06 0)
(1.03872 1.86084e-06 0)
(1.03872 1.86878e-06 0)
(1.03872 1.87857e-06 0)
(1.03872 1.92974e-06 0)
(1.03872 2.02305e-06 0)
(1.03872 2.17423e-06 0)
(1.03872 2.40772e-06 0)
(1.03872 2.77643e-06 0)
(1.03872 3.3539e-06 0)
(1.03872 4.21222e-06 0)
(1.03872 5.49881e-06 0)
(1.03872 7.28629e-06 0)
(1.03872 9.83871e-06 0)
(1.03871 1.32738e-05 0)
(1.03871 1.83915e-05 0)
(1.0387 2.49124e-05 0)
(1.03869 3.81432e-05 0)
(1.03866 6.09854e-05 0)
(1.03863 0.000172693 0)
(1.03847 0.000499268 0)
(1.03833 0.00180387 0)
(1.037 0.00365521 0)
(0.977357 0.0689827 0)
(1.06102 0.0310585 0)
(1.02892 0.00767553 0)
(1.04336 0.000482641 0)
(1.03723 -0.000414052 0)
(1.03992 0.000336168 0)
(1.0388 0.000518924 0)
(1.03927 0.000623827 0)
(1.03904 0.000544229 0)
(1.0391 0.000476879 0)
(1.03903 0.00039245 0)
(1.03902 0.00032232 0)
(1.03899 0.000257099 0)
(1.03897 0.00020222 0)
(1.03895 0.000155519 0)
(1.03893 0.000117295 0)
(1.03892 8.66664e-05 0)
(1.03891 6.28596e-05 0)
(1.0389 4.50359e-05 0)
(1.03889 3.19083e-05 0)
(1.03889 2.20772e-05 0)
(1.03889 1.51012e-05 0)
(1.03889 1.03116e-05 0)
(1.03888 7.09287e-06 0)
(1.03888 4.88927e-06 0)
(1.03888 3.41513e-06 0)
(1.03888 2.35898e-06 0)
(1.03888 1.7252e-06 0)
(1.03888 1.27355e-06 0)
(1.03888 1.00502e-06 0)
(1.03888 8.46928e-07 0)
(1.03888 7.1492e-07 0)
(1.03888 5.77024e-07 0)
(1.03888 5.53256e-07 0)
(1.03888 4.89992e-07 0)
(1.03888 4.67954e-07 0)
(1.03888 4.52636e-07 0)
(1.03888 4.6552e-07 0)
(1.03888 4.98133e-07 0)
(1.03888 5.8714e-07 0)
(1.03888 6.07074e-07 0)
(1.03888 5.99731e-07 0)
(1.03888 6.16854e-07 0)
(1.03888 6.22425e-07 0)
(1.03888 6.22065e-07 0)
(1.03888 6.09186e-07 0)
(1.03888 5.6957e-07 0)
(1.03888 5.68572e-07 0)
(1.03888 5.62274e-07 0)
(1.03888 5.63722e-07 0)
(1.03888 5.48473e-07 0)
(1.03888 5.38843e-07 0)
(1.03888 5.27155e-07 0)
(1.03888 5.24938e-07 0)
(1.03888 5.19421e-07 0)
(1.03888 5.27479e-07 0)
(1.03888 5.39502e-07 0)
(1.03888 5.67302e-07 0)
(1.03888 5.67349e-07 0)
(1.03888 5.5061e-07 0)
(1.03888 5.41811e-07 0)
(1.03888 5.23437e-07 0)
(1.03888 4.92973e-07 0)
(1.03888 4.69258e-07 0)
(1.03888 4.51977e-07 0)
(1.03888 4.25881e-07 0)
(1.03888 4.11866e-07 0)
(1.03888 4.29729e-07 0)
(1.03888 4.44661e-07 0)
(1.03888 4.55316e-07 0)
(1.03888 4.6338e-07 0)
(1.03888 4.86848e-07 0)
(1.03888 5.25304e-07 0)
(1.03888 5.58326e-07 0)
(1.03888 5.66477e-07 0)
(1.03888 5.53385e-07 0)
(1.03888 5.61917e-07 0)
(1.03888 5.80248e-07 0)
(1.03888 6.03922e-07 0)
(1.03888 6.15954e-07 0)
(1.03888 6.24202e-07 0)
(1.03888 6.72949e-07 0)
(1.03888 7.71613e-07 0)
(1.03888 9.41912e-07 0)
(1.03888 1.1958e-06 0)
(1.03888 1.58311e-06 0)
(1.03888 2.18455e-06 0)
(1.03888 3.05837e-06 0)
(1.03888 4.34436e-06 0)
(1.03888 6.16857e-06 0)
(1.03888 8.81994e-06 0)
(1.03888 1.24604e-05 0)
(1.03887 1.80595e-05 0)
(1.03887 2.551e-05 0)
(1.03886 4.1124e-05 0)
(1.03884 6.7748e-05 0)
(1.03881 0.000190669 0)
(1.03869 0.000533653 0)
(1.03862 0.00191702 0)
(1.03784 0.00386452 0)
(0.975241 0.0609091 0)
(1.05874 0.0295201 0)
(1.02845 0.00760359 0)
(1.04306 0.000434929 0)
(1.03684 -0.000408155 0)
(1.03958 0.000315745 0)
(1.03849 0.00051507 0)
(1.03902 0.00061832 0)
(1.03884 0.000542731 0)
(1.03895 0.000476126 0)
(1.03893 0.000393065 0)
(1.03895 0.000323432 0)
(1.03895 0.000258512 0)
(1.03895 0.00020364 0)
(1.03895 0.000156855 0)
(1.03895 0.000118391 0)
(1.03895 8.75024e-05 0)
(1.03894 6.34557e-05 0)
(1.03894 4.54009e-05 0)
(1.03894 3.2035e-05 0)
(1.03894 2.20075e-05 0)
(1.03894 1.48849e-05 0)
(1.03894 1.0008e-05 0)
(1.03894 6.74132e-06 0)
(1.03893 4.48721e-06 0)
(1.03893 2.98911e-06 0)
(1.03893 1.93556e-06 0)
(1.03893 1.3068e-06 0)
(1.03893 8.36815e-07 0)
(1.03893 5.42453e-07 0)
(1.03893 3.78397e-07 0)
(1.03893 2.56645e-07 0)
(1.03893 1.09565e-07 0)
(1.03893 7.48143e-08 0)
(1.03893 1.3966e-08 0)
(1.03893 -6.94928e-10 0)
(1.03893 -1.22453e-08 0)
(1.03893 -3.62271e-10 0)
(1.03893 3.09672e-08 0)
(1.03893 1.22511e-07 0)
(1.03893 1.48804e-07 0)
(1.03893 1.39592e-07 0)
(1.03893 1.56007e-07 0)
(1.03893 1.62138e-07 0)
(1.03893 1.62373e-07 0)
(1.03893 1.50415e-07 0)
(1.03893 1.09323e-07 0)
(1.03893 1.00919e-07 0)
(1.03893 9.19218e-08 0)
(1.03893 9.9164e-08 0)
(1.03893 8.9435e-08 0)
(1.03893 7.7646e-08 0)
(1.03893 6.25029e-08 0)
(1.03893 5.85917e-08 0)
(1.03893 5.67092e-08 0)
(1.03893 6.82815e-08 0)
(1.03893 7.63994e-08 0)
(1.03893 1.00523e-07 0)
(1.03893 1.02626e-07 0)
(1.03893 8.54106e-08 0)
(1.03893 7.50456e-08 0)
(1.03893 5.45021e-08 0)
(1.03893 2.09294e-08 0)
(1.03893 -5.6489e-09 0)
(1.03893 -1.99833e-08 0)
(1.03893 -4.21737e-08 0)
(1.03893 -5.91406e-08 0)
(1.03893 -4.72437e-08 0)
(1.03893 -3.14795e-08 0)
(1.03893 -1.61622e-08 0)
(1.03893 -6.40353e-09 0)
(1.03893 1.41643e-08 0)
(1.03893 5.10555e-08 0)
(1.03893 8.85864e-08 0)
(1.03893 1.04532e-07 0)
(1.03893 9.27383e-08 0)
(1.03893 9.99464e-08 0)
(1.03893 1.18619e-07 0)
(1.03893 1.47486e-07 0)
(1.03893 1.6422e-07 0)
(1.03893 1.72316e-07 0)
(1.03893 2.16433e-07 0)
(1.03893 3.15695e-07 0)
(1.03893 4.92964e-07 0)
(1.03893 7.53749e-07 0)
(1.03893 1.14348e-06 0)
(1.03893 1.72422e-06 0)
(1.03893 2.58066e-06 0)
(1.03893 3.86382e-06 0)
(1.03893 5.70331e-06 0)
(1.03893 8.40493e-06 0)
(1.03893 1.2171e-05 0)
(1.03893 1.81174e-05 0)
(1.03893 2.63019e-05 0)
(1.03892 4.38183e-05 0)
(1.03891 7.33368e-05 0)
(1.03888 0.000203615 0)
(1.03882 0.00055331 0)
(1.03882 0.00197252 0)
(1.03856 0.00395345 0)
(0.973539 0.0534861 0)
(1.05675 0.0275962 0)
(1.02802 0.00736022 0)
(1.04276 0.000386334 0)
(1.03647 -0.000396629 0)
(1.03924 0.000290274 0)
(1.03816 0.00049954 0)
(1.03876 0.000599357 0)
(1.03862 0.000529033 0)
(1.03879 0.00046469 0)
(1.0388 0.000384774 0)
(1.03886 0.000317241 0)
(1.03888 0.00025411 0)
(1.0389 0.000200537 0)
(1.03892 0.00015479 0)
(1.03893 0.000117021 0)
(1.03894 8.66252e-05 0)
(1.03894 6.29376e-05 0)
(1.03895 4.51225e-05 0)
(1.03895 3.18715e-05 0)
(1.03895 2.19031e-05 0)
(1.03895 1.48097e-05 0)
(1.03895 9.95718e-06 0)
(1.03895 6.7133e-06 0)
(1.03895 4.45197e-06 0)
(1.03895 2.93801e-06 0)
(1.03895 1.88007e-06 0)
(1.03895 1.25046e-06 0)
(1.03895 7.83852e-07 0)
(1.03895 4.84819e-07 0)
(1.03895 3.17955e-07 0)
(1.03895 2.09299e-07 0)
(1.03895 6.13971e-08 0)
(1.03895 1.68174e-08 0)
(1.03895 -4.1618e-08 0)
(1.03895 -4.96908e-08 0)
(1.03895 -5.52728e-08 0)
(1.03895 -4.31617e-08 0)
(1.03895 -1.44218e-08 0)
(1.03895 7.66354e-08 0)
(1.03895 1.09878e-07 0)
(1.03895 1.00731e-07 0)
(1.03895 1.14943e-07 0)
(1.03895 1.20507e-07 0)
(1.03895 1.20915e-07 0)
(1.03895 1.09939e-07 0)
(1.03895 7.09141e-08 0)
(1.03895 5.61696e-08 0)
(1.03895 4.33504e-08 0)
(1.03895 5.50507e-08 0)
(1.03895 5.19594e-08 0)
(1.03895 4.05506e-08 0)
(1.03895 2.24204e-08 0)
(1.03895 1.49121e-08 0)
(1.03895 1.4976e-08 0)
(1.03895 3.08773e-08 0)
(1.03895 3.68034e-08 0)
(1.03895 5.49846e-08 0)
(1.03895 5.82231e-08 0)
(1.03895 3.98562e-08 0)
(1.03895 2.89179e-08 0)
(1.03895 8.36394e-09 0)
(1.03895 -2.78039e-08 0)
(1.03895 -5.96239e-08 0)
(1.03895 -7.22009e-08 0)
(1.03895 -8.86758e-08 0)
(1.03895 -1.05778e-07 0)
(1.03895 -1.01444e-07 0)
(1.03895 -8.81879e-08 0)
(1.03895 -6.93356e-08 0)
(1.03895 -5.50445e-08 0)
(1.03895 -3.58648e-08 0)
(1.03895 -1.8002e-09 0)
(1.03895 3.70004e-08 0)
(1.03895 6.03958e-08 0)
(1.03895 5.26731e-08 0)
(1.03895 5.99505e-08 0)
(1.03895 7.73243e-08 0)
(1.03895 1.09075e-07 0)
(1.03895 1.29995e-07 0)
(1.03895 1.39576e-07 0)
(1.03895 1.77644e-07 0)
(1.03895 2.72588e-07 0)
(1.03895 4.42895e-07 0)
(1.03895 6.95716e-07 0)
(1.03895 1.07376e-06 0)
(1.03895 1.63755e-06 0)
(1.03895 2.47915e-06 0)
(1.03895 3.75447e-06 0)
(1.03895 5.58517e-06 0)
(1.03895 8.28636e-06 0)
(1.03895 1.20925e-05 0)
(1.03895 1.82308e-05 0)
(1.03895 2.69046e-05 0)
(1.03895 4.57262e-05 0)
(1.03894 7.71018e-05 0)
(1.03893 0.000210674 0)
(1.03892 0.00055794 0)
(1.03898 0.00197223 0)
(1.03921 0.00393004 0)
(0.972173 0.0466064 0)
(1.05502 0.02536 0)
(1.02765 0.00696644 0)
(1.04248 0.000338448 0)
(1.03614 -0.000379173 0)
(1.03893 0.000261264 0)
(1.03785 0.000473438 0)
(1.03851 0.000568134 0)
(1.03842 0.000503998 0)
(1.03862 0.000443229 0)
(1.03867 0.000367982 0)
(1.03876 0.000303963 0)
(1.0388 0.000243949 0)
(1.03885 0.000192838 0)
(1.03888 0.00014915 0)
(1.0389 0.000112937 0)
(1.03892 8.37332e-05 0)
(1.03893 6.09571e-05 0)
(1.03894 4.38173e-05 0)
(1.03895 3.10091e-05 0)
(1.03895 2.1337e-05 0)
(1.03895 1.44484e-05 0)
(1.03896 9.74125e-06 0)
(1.03896 6.60057e-06 0)
(1.03896 4.39107e-06 0)
(1.03896 2.89585e-06 0)
(1.03896 1.84997e-06 0)
(1.03896 1.22427e-06 0)
(1.03896 7.68884e-07 0)
(1.03896 4.66418e-07 0)
(1.03896 2.951e-07 0)
(1.03896 2.00426e-07 0)
(1.03896 5.99395e-08 0)
(1.03896 8.94306e-09 0)
(1.03896 -4.72223e-08 0)
(1.03896 -5.17132e-08 0)
(1.03896 -5.04938e-08 0)
(1.03896 -3.65125e-08 0)
(1.03896 -1.04867e-08 0)
(1.03896 7.76402e-08 0)
(1.03896 1.16984e-07 0)
(1.03896 1.09844e-07 0)
(1.03896 1.20771e-07 0)
(1.03896 1.25144e-07 0)
(1.03896 1.25331e-07 0)
(1.03896 1.15532e-07 0)
(1.03896 8.1429e-08 0)
(1.03896 6.26618e-08 0)
(1.03896 4.60025e-08 0)
(1.03896 5.98118e-08 0)
(1.03896 6.29815e-08 0)
(1.03896 5.45811e-08 0)
(1.03896 3.48141e-08 0)
(1.03896 2.26452e-08 0)
(1.03896 2.26652e-08 0)
(1.03896 4.25717e-08 0)
(1.03896 4.7711e-08 0)
(1.03896 5.90133e-08 0)
(1.03896 6.25856e-08 0)
(1.03896 4.25932e-08 0)
(1.03896 3.12726e-08 0)
(1.03896 1.2043e-08 0)
(1.03896 -2.54953e-08 0)
(1.03896 -6.41033e-08 0)
(1.03896 -7.69557e-08 0)
(1.03896 -8.71745e-08 0)
(1.03896 -1.01255e-07 0)
(1.03896 -1.04197e-07 0)
(1.03896 -9.63539e-08 0)
(1.03896 -7.655e-08 0)
(1.03896 -5.60124e-08 0)
(1.03896 -3.56138e-08 0)
(1.03896 -3.76689e-09 0)
(1.03896 3.24111e-08 0)
(1.03896 6.11973e-08 0)
(1.03896 5.96617e-08 0)
(1.03896 6.90117e-08 0)
(1.03896 8.44417e-08 0)
(1.03896 1.16245e-07 0)
(1.03896 1.39755e-07 0)
(1.03896 1.51953e-07 0)
(1.03896 1.83673e-07 0)
(1.03896 2.7044e-07 0)
(1.03896 4.33596e-07 0)
(1.03896 6.78652e-07 0)
(1.03896 1.04164e-06 0)
(1.03896 1.58377e-06 0)
(1.03896 2.39601e-06 0)
(1.03896 3.63461e-06 0)
(1.03896 5.41475e-06 0)
(1.03896 8.05192e-06 0)
(1.03896 1.18007e-05 0)
(1.03896 1.79547e-05 0)
(1.03897 2.6835e-05 0)
(1.03896 4.62896e-05 0)
(1.03897 7.84077e-05 0)
(1.03896 0.000211179 0)
(1.03901 0.000547386 0)
(1.03912 0.00191876 0)
(1.03982 0.00380289 0)
(0.971078 0.0401804 0)
(1.05354 0.0228707 0)
(1.02732 0.00644155 0)
(1.04222 0.000292198 0)
(1.03584 -0.000355396 0)
(1.03864 0.000230126 0)
(1.03758 0.000438061 0)
(1.03828 0.000526029 0)
(1.03822 0.000468729 0)
(1.03847 0.000412668 0)
(1.03854 0.000343394 0)
(1.03866 0.000284128 0)
(1.03873 0.000228416 0)
(1.0388 0.000180817 0)
(1.03884 0.000140104 0)
(1.03888 0.000106234 0)
(1.0389 7.88645e-05 0)
(1.03892 5.75047e-05 0)
(1.03893 4.14402e-05 0)
(1.03894 2.93822e-05 0)
(1.03895 2.02291e-05 0)
(1.03895 1.37119e-05 0)
(1.03895 9.26914e-06 0)
(1.03896 6.31202e-06 0)
(1.03896 4.21361e-06 0)
(1.03896 2.77738e-06 0)
(1.03896 1.76946e-06 0)
(1.03896 1.16266e-06 0)
(1.03896 7.29069e-07 0)
(1.03896 4.3124e-07 0)
(1.03896 2.56816e-07 0)
(1.03896 1.7539e-07 0)
(1.03896 4.80801e-08 0)
(1.03896 -5.8765e-09 0)
(1.03896 -6.22704e-08 0)
(1.03896 -6.37504e-08 0)
(1.03896 -5.52833e-08 0)
(1.03896 -3.7614e-08 0)
(1.03896 -1.42614e-08 0)
(1.03896 6.58957e-08 0)
(1.03896 1.09633e-07 0)
(1.03896 1.06876e-07 0)
(1.03896 1.16247e-07 0)
(1.03896 1.19393e-07 0)
(1.03896 1.19049e-07 0)
(1.03896 1.09677e-07 0)
(1.03896 7.98384e-08 0)
(1.03896 6.0402e-08 0)
(1.03896 4.08439e-08 0)
(1.03896 5.43553e-08 0)
(1.03896 6.27261e-08 0)
(1.03896 5.82151e-08 0)
(1.03896 3.8905e-08 0)
(1.03896 2.25408e-08 0)
(1.03896 2.04039e-08 0)
(1.03896 4.27354e-08 0)
(1.03896 4.87927e-08 0)
(1.03896 5.40289e-08 0)
(1.03896 5.63437e-08 0)
(1.03896 3.47983e-08 0)
(1.03896 2.25635e-08 0)
(1.03896 4.34479e-09 0)
(1.03896 -3.19427e-08 0)
(1.03896 -7.60098e-08 0)
(1.03896 -9.13937e-08 0)
(1.03896 -9.5924e-08 0)
(1.03896 -1.04561e-07 0)
(1.03896 -1.12677e-07 0)
(1.03896 -1.12212e-07 0)
(1.03896 -9.46924e-08 0)
(1.03896 -6.79648e-08 0)
(1.03896 -4.43051e-08 0)
(1.03896 -1.34006e-08 0)
(1.03896 1.79156e-08 0)
(1.03896 4.99853e-08 0)
(1.03896 5.57303e-08 0)
(1.03896 6.99266e-08 0)
(1.03896 8.42624e-08 0)
(1.03896 1.13741e-07 0)
(1.03896 1.3742e-07 0)
(1.03896 1.52323e-07 0)
(1.03896 1.78548e-07 0)
(1.03896 2.54394e-07 0)
(1.03896 4.06145e-07 0)
(1.03896 6.38587e-07 0)
(1.03896 9.8004e-07 0)
(1.03896 1.48834e-06 0)
(1.03896 2.25015e-06 0)
(1.03896 3.41913e-06 0)
(1.03896 5.10432e-06 0)
(1.03896 7.61265e-06 0)
(1.03897 1.12048e-05 0)
(1.03897 1.719e-05 0)
(1.03897 2.59737e-05 0)
(1.03898 4.53467e-05 0)
(1.03899 7.70613e-05 0)
(1.03899 0.00020503 0)
(1.0391 0.000522126 0)
(1.03926 0.00181586 0)
(1.04038 0.00358156 0)
(0.970201 0.0341316 0)
(1.05229 0.0201773 0)
(1.02705 0.00580356 0)
(1.042 0.000248019 0)
(1.03559 -0.00032506 0)
(1.03838 0.000198038 0)
(1.03733 0.000394748 0)
(1.03808 0.000474472 0)
(1.03805 0.00042444 0)
(1.03833 0.00037405 0)
(1.03843 0.000311861 0)
(1.03857 0.000258419 0)
(1.03866 0.000208045 0)
(1.03874 0.000164896 0)
(1.0388 0.000127967 0)
(1.03885 9.71429e-05 0)
(1.03888 7.21895e-05 0)
(1.03891 5.27025e-05 0)
(1.03892 3.80732e-05 0)
(1.03894 2.70492e-05 0)
(1.03894 1.86221e-05 0)
(1.03895 1.2628e-05 0)
(1.03895 8.56055e-06 0)
(1.03896 5.86264e-06 0)
(1.03896 3.92954e-06 0)
(1.03896 2.58924e-06 0)
(1.03896 1.64387e-06 0)
(1.03896 1.07207e-06 0)
(1.03896 6.70674e-07 0)
(1.03896 3.89168e-07 0)
(1.03896 2.15722e-07 0)
(1.03896 1.45913e-07 0)
(1.03896 3.58499e-08 0)
(1.03896 -1.66149e-08 0)
(1.03896 -7.4368e-08 0)
(1.03896 -7.46758e-08 0)
(1.03896 -5.9779e-08 0)
(1.03896 -3.7024e-08 0)
(1.03896 -1.57068e-08 0)
(1.03896 5.40687e-08 0)
(1.03896 9.96869e-08 0)
(1.03896 1.02869e-07 0)
(1.03896 1.12399e-07 0)
(1.03896 1.1441e-07 0)
(1.03896 1.13683e-07 0)
(1.03896 1.038e-07 0)
(1.03896 7.77424e-08 0)
(1.03896 5.98664e-08 0)
(1.03896 3.8962e-08 0)
(1.03896 5.07641e-08 0)
(1.03896 6.22284e-08 0)
(1.03896 6.19742e-08 0)
(1.03896 4.47945e-08 0)
(1.03896 2.56396e-08 0)
(1.03896 1.91953e-08 0)
(1.03896 4.23769e-08 0)
(1.03896 5.06618e-08 0)
(1.03896 5.09153e-08 0)
(1.03896 5.16258e-08 0)
(1.03896 2.84121e-08 0)
(1.03896 1.41401e-08 0)
(1.03896 -3.72731e-09 0)
(1.03896 -3.66034e-08 0)
(1.03896 -8.38722e-08 0)
(1.03896 -1.03259e-07 0)
(1.03896 -1.04205e-07 0)
(1.03896 -1.06254e-07 0)
(1.03896 -1.16561e-07 0)
(1.03896 -1.23995e-07 0)
(1.03896 -1.11484e-07 0)
(1.03896 -8.04153e-08 0)
(1.03896 -5.16467e-08 0)
(1.03896 -1.98261e-08 0)
(1.03896 5.7908e-09 0)
(1.03896 3.854e-08 0)
(1.03896 5.12072e-08 0)
(1.03896 7.24076e-08 0)
(1.03896 8.73895e-08 0)
(1.03896 1.12877e-07 0)
(1.03896 1.33858e-07 0)
(1.03896 1.50228e-07 0)
(1.03896 1.72156e-07 0)
(1.03896 2.35454e-07 0)
(1.03896 3.69973e-07 0)
(1.03896 5.82255e-07 0)
(1.03896 8.94323e-07 0)
(1.03896 1.35725e-06 0)
(1.03896 2.05041e-06 0)
(1.03896 3.12061e-06 0)
(1.03896 4.66975e-06 0)
(1.03897 6.98798e-06 0)
(1.03897 1.03278e-05 0)
(1.03897 1.5961e-05 0)
(1.03898 2.434e-05 0)
(1.03899 4.29099e-05 0)
(1.03901 7.30909e-05 0)
(1.03902 0.000192471 0)
(1.03918 0.000483089 0)
(1.03938 0.00166811 0)
(1.04088 0.00327627 0)
(0.969506 0.0283933 0)
(1.05125 0.01732 0)
(1.02683 0.00506934 0)
(1.04182 0.000205956 0)
(1.03538 -0.000288233 0)
(1.03817 0.000165853 0)
(1.03712 0.000344768 0)
(1.0379 0.000414849 0)
(1.0379 0.000372346 0)
(1.03821 0.000328435 0)
(1.03834 0.000274264 0)
(1.0385 0.000227559 0)
(1.0386 0.00018341 0)
(1.0387 0.000145525 0)
(1.03877 0.000113087 0)
(1.03882 8.59249e-05 0)
(1.03886 6.39023e-05 0)
(1.03889 4.6694e-05 0)
(1.03891 3.38167e-05 0)
(1.03893 2.408e-05 0)
(1.03894 1.65674e-05 0)
(1.03895 1.12314e-05 0)
(1.03895 7.63876e-06 0)
(1.03896 5.26929e-06 0)
(1.03896 3.55088e-06 0)
(1.03896 2.33986e-06 0)
(1.03896 1.47842e-06 0)
(1.03896 9.56812e-07 0)
(1.03896 5.96605e-07 0)
(1.03896 3.41946e-07 0)
(1.03896 1.75103e-07 0)
(1.03896 1.14994e-07 0)
(1.03896 2.40604e-08 0)
(1.03896 -2.2021e-08 0)
(1.03896 -8.09181e-08 0)
(1.03896 -8.24862e-08 0)
(1.03896 -6.25747e-08 0)
(1.03896 -3.38098e-08 0)
(1.03896 -1.33152e-08 0)
(1.03896 4.52809e-08 0)
(1.03896 8.99802e-08 0)
(1.03896 9.96503e-08 0)
(1.03896 1.11128e-07 0)
(1.03896 1.12522e-07 0)
(1.03896 1.11679e-07 0)
(1.03896 1.00913e-07 0)
(1.03896 7.77572e-08 0)
(1.03896 6.2318e-08 0)
(1.03896 4.17505e-08 0)
(1.03896 5.14799e-08 0)
(1.03896 6.41928e-08 0)
(1.03896 6.74006e-08 0)
(1.03896 5.33359e-08 0)
(1.03896 3.31771e-08 0)
(1.03896 2.14997e-08 0)
(1.03896 4.36697e-08 0)
(1.03896 5.49202e-08 0)
(1.03896 5.18134e-08 0)
(1.03896 5.08767e-08 0)
(1.03896 2.60986e-08 0)
(1.03896 8.57749e-09 0)
(1.03896 -1.00139e-08 0)
(1.03896 -3.84658e-08 0)
(1.03896 -8.59763e-08 0)
(1.03896 -1.09475e-07 0)
(1.03896 -1.09579e-07 0)
(1.03896 -1.05733e-07 0)
(1.03896 -1.15169e-07 0)
(1.03896 -1.29136e-07 0)
(1.03896 -1.23365e-07 0)
(1.03896 -9.07583e-08 0)
(1.03896 -5.63718e-08 0)
(1.03896 -2.20008e-08 0)
(1.03896 -7.79899e-10 0)
(1.03896 3.02828e-08 0)
(1.03896 4.81538e-08 0)
(1.03896 7.73124e-08 0)
(1.03896 9.51014e-08 0)
(1.03896 1.16128e-07 0)
(1.03896 1.31716e-07 0)
(1.03896 1.47121e-07 0)
(1.03896 1.65497e-07 0)
(1.03896 2.15781e-07 0)
(1.03896 3.28521e-07 0)
(1.03896 5.13389e-07 0)
(1.03896 7.88456e-07 0)
(1.03896 1.1964e-06 0)
(1.03896 1.80614e-06 0)
(1.03896 2.75238e-06 0)
(1.03897 4.12802e-06 0)
(1.03897 6.19924e-06 0)
(1.03897 9.19682e-06 0)
(1.03898 1.4303e-05 0)
(1.03899 2.19789e-05 0)
(1.039 3.90496e-05 0)
(1.03903 6.66277e-05 0)
(1.03905 0.000173954 0)
(1.03925 0.000431511 0)
(1.03949 0.00148065 0)
(1.04131 0.00289762 0)
(0.968962 0.0229065 0)
(1.05041 0.014333 0)
(1.02664 0.00425492 0)
(1.04166 0.000165813 0)
(1.0352 -0.000245303 0)
(1.03798 0.000134121 0)
(1.03694 0.000289307 0)
(1.03775 0.000348486 0)
(1.03777 0.000313657 0)
(1.0381 0.000276883 0)
(1.03825 0.000231502 0)
(1.03843 0.000192293 0)
(1.03855 0.000155112 0)
(1.03866 0.000123182 0)
(1.03874 9.58388e-05 0)
(1.0388 7.2861e-05 0)
(1.03885 5.42119e-05 0)
(1.03888 3.96351e-05 0)
(1.03891 2.87807e-05 0)
(1.03892 2.05497e-05 0)
(1.03894 1.41185e-05 0)
(1.03895 9.55766e-06 0)
(1.03895 6.52551e-06 0)
(1.03895 4.54552e-06 0)
(1.03896 3.08618e-06 0)
(1.03896 2.03448e-06 0)
(1.03896 1.27541e-06 0)
(1.03896 8.17851e-07 0)
(1.03896 5.06968e-07 0)
(1.03896 2.87693e-07 0)
(1.03896 1.33689e-07 0)
(1.03896 8.16076e-08 0)
(1.03896 9.22395e-09 0)
(1.03896 -2.62826e-08 0)
(1.03896 -8.42507e-08 0)
(1.03896 -8.9443e-08 0)
(1.03896 -6.63201e-08 0)
(1.03896 -3.13224e-08 0)
(1.03896 -1.01528e-08 0)
(1.03896 3.78611e-08 0)
(1.03896 7.91189e-08 0)
(1.03896 9.47305e-08 0)
(1.03896 1.09802e-07 0)
(1.03896 1.11624e-07 0)
(1.03896 1.11085e-07 0)
(1.03896 9.92466e-08 0)
(1.03896 7.79322e-08 0)
(1.03896 6.50579e-08 0)
(1.03896 4.64075e-08 0)
(1.03896 5.46144e-08 0)
(1.03896 6.66772e-08 0)
(1.03896 7.1952e-08 0)
(1.03896 6.13919e-08 0)
(1.03896 4.21064e-08 0)
(1.03896 2.57789e-08 0)
(1.03896 4.47563e-08 0)
(1.03896 5.88693e-08 0)
(1.03896 5.4041e-08 0)
(1.03896 5.17427e-08 0)
(1.03896 2.60606e-08 0)
(1.03896 4.68513e-09 0)
(1.03896 -1.63489e-08 0)
(1.03896 -4.07361e-08 0)
(1.03896 -8.55595e-08 0)
(1.03896 -1.11879e-07 0)
(1.03896 -1.13653e-07 0)
(1.03896 -1.06015e-07 0)
(1.03896 -1.1256e-07 0)
(1.03896 -1.30378e-07 0)
(1.03896 -1.3155e-07 0)
(1.03896 -1.00329e-07 0)
(1.03896 -6.12117e-08 0)
(1.03896 -2.26692e-08 0)
(1.03896 -3.85458e-09 0)
(1.03896 2.41477e-08 0)
(1.03896 4.47094e-08 0)
(1.03896 8.13793e-08 0)
(1.03896 1.03886e-07 0)
(1.03896 1.21268e-07 0)
(1.03896 1.29517e-07 0)
(1.03896 1.40843e-07 0)
(1.03896 1.5544e-07 0)
(1.03896 1.93059e-07 0)
(1.03896 2.81233e-07 0)
(1.03896 4.32512e-07 0)
(1.03896 6.63391e-07 0)
(1.03896 1.00792e-06 0)
(1.03896 1.52202e-06 0)
(1.03897 2.32295e-06 0)
(1.03897 3.49177e-06 0)
(1.03897 5.26425e-06 0)
(1.03898 7.83799e-06 0)
(1.03898 1.22566e-05 0)
(1.03899 1.89532e-05 0)
(1.039 3.38844e-05 0)
(1.03904 5.78894e-05 0)
(1.03907 0.000150099 0)
(1.03931 0.000368883 0)
(1.03959 0.001259 0)
(1.04169 0.00245652 0)
(0.968549 0.0176181 0)
(1.04975 0.0112457 0)
(1.0265 0.00337568 0)
(1.04154 0.000127275 0)
(1.03506 -0.000196948 0)
(1.03784 0.000103132 0)
(1.0368 0.000229477 0)
(1.03763 0.00027667 0)
(1.03767 0.000249579 0)
(1.03802 0.000220466 0)
(1.03819 0.000184491 0)
(1.03838 0.000153392 0)
(1.03851 0.000123781 0)
(1.03863 9.83685e-05 0)
(1.03872 7.66182e-05 0)
(1.03879 5.82555e-05 0)
(1.03884 4.33458e-05 0)
(1.03887 3.16965e-05 0)
(1.0389 2.30892e-05 0)
(1.03892 1.65434e-05 0)
(1.03893 1.1336e-05 0)
(1.03894 7.64883e-06 0)
(1.03895 5.24771e-06 0)
(1.03895 3.70815e-06 0)
(1.03896 2.54624e-06 0)
(1.03896 1.68057e-06 0)
(1.03896 1.03952e-06 0)
(1.03896 6.57888e-07 0)
(1.03896 4.03756e-07 0)
(1.03896 2.26458e-07 0)
(1.03896 9.13855e-08 0)
(1.03896 4.62251e-08 0)
(1.03896 -1.02204e-08 0)
(1.03896 -3.17318e-08 0)
(1.03896 -8.58379e-08 0)
(1.03896 -9.63663e-08 0)
(1.03896 -7.21588e-08 0)
(1.03896 -3.14052e-08 0)
(1.03896 -8.09931e-09 0)
(1.03896 3.1041e-08 0)
(1.03896 6.70022e-08 0)
(1.03896 8.71743e-08 0)
(1.03896 1.07018e-07 0)
(1.03896 1.10704e-07 0)
(1.03896 1.1115e-07 0)
(1.03896 9.81573e-08 0)
(1.03896 7.75811e-08 0)
(1.03896 6.70078e-08 0)
(1.03896 5.15076e-08 0)
(1.03896 5.90626e-08 0)
(1.03896 6.90508e-08 0)
(1.03896 7.45987e-08 0)
(1.03896 6.73481e-08 0)
(1.03896 5.07969e-08 0)
(1.03896 3.11365e-08 0)
(1.03896 4.51802e-08 0)
(1.03896 6.13795e-08 0)
(1.03896 5.62135e-08 0)
(1.03896 5.30703e-08 0)
(1.03896 2.72595e-08 0)
(1.03896 2.25531e-09 0)
(1.03896 -2.30156e-08 0)
(1.03896 -4.47112e-08 0)
(1.03896 -8.4722e-08 0)
(1.03896 -1.11533e-07 0)
(1.03896 -1.16586e-07 0)
(1.03896 -1.07922e-07 0)
(1.03896 -1.11106e-07 0)
(1.03896 -1.2973e-07 0)
(1.03896 -1.36453e-07 0)
(1.03896 -1.08798e-07 0)
(1.03896 -6.70046e-08 0)
(1.03896 -2.35334e-08 0)
(1.03896 -4.89693e-09 0)
(1.03896 1.99631e-08 0)
(1.03896 4.06744e-08 0)
(1.03896 8.30983e-08 0)
(1.03896 1.11364e-07 0)
(1.03896 1.26854e-07 0)
(1.03896 1.27007e-07 0)
(1.03896 1.3116e-07 0)
(1.03896 1.406e-07 0)
(1.03896 1.66119e-07 0)
(1.03896 2.28549e-07 0)
(1.03896 3.41461e-07 0)
(1.03896 5.2152e-07 0)
(1.03896 7.95086e-07 0)
(1.03896 1.20345e-06 0)
(1.03897 1.84178e-06 0)
(1.03897 2.77558e-06 0)
(1.03897 4.20415e-06 0)
(1.03898 6.28305e-06 0)
(1.03898 9.87417e-06 0)
(1.039 1.5349e-05 0)
(1.03901 2.75812e-05 0)
(1.03906 4.71749e-05 0)
(1.03909 0.000121678 0)
(1.03936 0.000296913 0)
(1.03967 0.001009 0)
(1.04199 0.0019641 0)
(0.968252 0.0124799 0)
(1.04926 0.00808379 0)
(1.02639 0.00244649 0)
(1.04145 8.99807e-05 0)
(1.03496 -0.000144097 0)
(1.03773 7.29576e-05 0)
(1.03669 0.000166325 0)
(1.03754 0.000200656 0)
(1.03759 0.000181318 0)
(1.03796 0.000160259 0)
(1.03813 0.000134165 0)
(1.03834 0.000111647 0)
(1.03848 9.00722e-05 0)
(1.03861 7.16114e-05 0)
(1.0387 5.5844e-05 0)
(1.03877 4.2432e-05 0)
(1.03883 3.15472e-05 0)
(1.03887 2.30614e-05 0)
(1.0389 1.68776e-05 0)
(1.03892 1.2156e-05 0)
(1.03893 8.2869e-06 0)
(1.03894 5.55289e-06 0)
(1.03895 3.8374e-06 0)
(1.03895 2.77758e-06 0)
(1.03896 1.94412e-06 0)
(1.03896 1.28778e-06 0)
(1.03896 7.77904e-07 0)
(1.03896 4.81521e-07 0)
(1.03896 2.90355e-07 0)
(1.03896 1.5968e-07 0)
(1.03896 4.8965e-08 0)
(1.03896 1.04436e-08 0)
(1.03896 -3.38152e-08 0)
(1.03896 -3.96793e-08 0)
(1.03896 -8.64405e-08 0)
(1.03896 -1.029e-07 0)
(1.03896 -7.98963e-08 0)
(1.03896 -3.45159e-08 0)
(1.03896 -7.9174e-09 0)
(1.03896 2.4791e-08 0)
(1.03896 5.4777e-08 0)
(1.03896 7.74591e-08 0)
(1.03896 1.02417e-07 0)
(1.03896 1.09526e-07 0)
(1.03896 1.1188e-07 0)
(1.03896 9.78577e-08 0)
(1.03896 7.70398e-08 0)
(1.03896 6.79396e-08 0)
(1.03896 5.63416e-08 0)
(1.03896 6.4293e-08 0)
(1.03896 7.15367e-08 0)
(1.03896 7.5559e-08 0)
(1.03896 7.07322e-08 0)
(1.03896 5.83041e-08 0)
(1.03896 3.73297e-08 0)
(1.03896 4.54756e-08 0)
(1.03896 6.25496e-08 0)
(1.03896 5.80519e-08 0)
(1.03896 5.46763e-08 0)
(1.03896 2.9316e-08 0)
(1.03896 1.47591e-09 0)
(1.03896 -2.91932e-08 0)
(1.03896 -5.0225e-08 0)
(1.03896 -8.44937e-08 0)
(1.03896 -1.09143e-07 0)
(1.03896 -1.17842e-07 0)
(1.03896 -1.10809e-07 0)
(1.03896 -1.11617e-07 0)
(1.03896 -1.28479e-07 0)
(1.03896 -1.38134e-07 0)
(1.03896 -1.14933e-07 0)
(1.03896 -7.30873e-08 0)
(1.03896 -2.52525e-08 0)
(1.03896 -4.81996e-09 0)
(1.03896 1.79699e-08 0)
(1.03896 3.69708e-08 0)
(1.03896 8.25034e-08 0)
(1.03896 1.16341e-07 0)
(1.03896 1.3199e-07 0)
(1.03896 1.24614e-07 0)
(1.03896 1.19219e-07 0)
(1.03896 1.21201e-07 0)
(1.03896 1.3479e-07 0)
(1.03896 1.716e-07 0)
(1.03896 2.43088e-07 0)
(1.03896 3.66627e-07 0)
(1.03896 5.62642e-07 0)
(1.03896 8.57045e-07 0)
(1.03897 1.31971e-06 0)
(1.03897 1.99635e-06 0)
(1.03897 3.04381e-06 0)
(1.03898 4.56977e-06 0)
(1.03899 7.21876e-06 0)
(1.039 1.12733e-05 0)
(1.03902 2.03493e-05 0)
(1.03907 3.48519e-05 0)
(1.0391 8.95818e-05 0)
(1.0394 0.000217494 0)
(1.03973 0.000736728 0)
(1.04222 0.00143161 0)
(0.968059 0.00744655 0)
(1.04893 0.00487032 0)
(1.02632 0.00148188 0)
(1.04139 5.3564e-05 0)
(1.0349 -8.78788e-05 0)
(1.03765 4.3497e-05 0)
(1.03662 0.000100845 0)
(1.03748 0.000121669 0)
(1.03754 0.000110079 0)
(1.03792 9.7344e-05 0)
(1.0381 8.1465e-05 0)
(1.03831 6.78625e-05 0)
(1.03846 5.4659e-05 0)
(1.03859 4.34541e-05 0)
(1.03869 3.39496e-05 0)
(1.03876 2.57281e-05 0)
(1.03882 1.90719e-05 0)
(1.03886 1.39216e-05 0)
(1.03889 1.02886e-05 0)
(1.03891 7.48886e-06 0)
(1.03893 5.04179e-06 0)
(1.03894 3.32084e-06 0)
(1.03895 2.32967e-06 0)
(1.03895 1.77646e-06 0)
(1.03896 1.29382e-06 0)
(1.03896 8.66295e-07 0)
(1.03896 4.98559e-07 0)
(1.03896 2.94037e-07 0)
(1.03896 1.70177e-07 0)
(1.03896 8.88506e-08 0)
(1.03896 6.96715e-09 0)
(1.03896 -2.4019e-08 0)
(1.03896 -6.01483e-08 0)
(1.03896 -5.08939e-08 0)
(1.03896 -8.71103e-08 0)
(1.03896 -1.08657e-07 0)
(1.03896 -8.88935e-08 0)
(1.03896 -4.054e-08 0)
(1.03896 -1.00764e-08 0)
(1.03896 1.89102e-08 0)
(1.03896 4.36679e-08 0)
(1.03896 6.65999e-08 0)
(1.03896 9.59812e-08 0)
(1.03896 1.07852e-07 0)
(1.03896 1.13162e-07 0)
(1.03896 9.85979e-08 0)
(1.03896 7.67907e-08 0)
(1.03896 6.79368e-08 0)
(1.03896 6.03171e-08 0)
(1.03896 6.97013e-08 0)
(1.03896 7.42011e-08 0)
(1.03896 7.52706e-08 0)
(1.03896 7.15265e-08 0)
(1.03896 6.38849e-08 0)
(1.03896 4.40011e-08 0)
(1.03896 4.62971e-08 0)
(1.03896 6.28259e-08 0)
(1.03896 5.95524e-08 0)
(1.03896 5.65059e-08 0)
(1.03896 3.18753e-08 0)
(1.03896 2.20991e-09 0)
(1.03896 -3.41126e-08 0)
(1.03896 -5.66308e-08 0)
(1.03896 -8.54116e-08 0)
(1.03896 -1.05632e-07 0)
(1.03896 -1.17117e-07 0)
(1.03896 -1.1368e-07 0)
(1.03896 -1.13987e-07 0)
(1.03896 -1.27584e-07 0)
(1.03896 -1.37081e-07 0)
(1.03896 -1.17774e-07 0)
(1.03896 -7.8352e-08 0)
(1.03896 -2.79066e-08 0)
(1.03896 -4.50379e-09 0)
(1.03896 1.79266e-08 0)
(1.03896 3.4462e-08 0)
(1.03896 8.01997e-08 0)
(1.03896 1.18201e-07 0)
(1.03896 1.35677e-07 0)
(1.03896 1.22447e-07 0)
(1.03896 1.06346e-07 0)
(1.03896 9.82145e-08 0)
(1.03896 9.92601e-08 0)
(1.03896 1.1139e-07 0)
(1.03896 1.40292e-07 0)
(1.03896 2.02996e-07 0)
(1.03896 3.16064e-07 0)
(1.03897 4.90084e-07 0)
(1.03897 7.68089e-07 0)
(1.03897 1.17209e-06 0)
(1.03897 1.81052e-06 0)
(1.03898 2.74029e-06 0)
(1.03899 4.362e-06 0)
(1.039 6.84936e-06 0)
(1.03902 1.24308e-05 0)
(1.03907 2.13417e-05 0)
(1.03911 5.47958e-05 0)
(1.03943 0.000132654 0)
(1.03977 0.000448443 0)
(1.04237 0.000870432 0)
(0.967964 0.00247533 0)
(1.04877 0.00162663 0)
(1.02629 0.0004961 0)
(1.04136 1.76707e-05 0)
(1.03486 -2.95733e-05 0)
(1.03762 1.45212e-05 0)
(1.03659 3.39851e-05 0)
(1.03745 4.09127e-05 0)
(1.03751 3.70566e-05 0)
(1.03789 3.28049e-05 0)
(1.03808 2.7338e-05 0)
(1.0383 2.28528e-05 0)
(1.03845 1.82241e-05 0)
(1.03858 1.44526e-05 0)
(1.03868 1.1379e-05 0)
(1.03876 8.49146e-06 0)
(1.03882 6.18484e-06 0)
(1.03886 4.4751e-06 0)
(1.03889 3.47002e-06 0)
(1.03891 2.64804e-06 0)
(1.03893 1.67421e-06 0)
(1.03894 1.00519e-06 0)
(1.03895 7.61316e-07 0)
(1.03895 7.29074e-07 0)
(1.03896 6.0989e-07 0)
(1.03896 4.2597e-07 0)
(1.03896 2.09264e-07 0)
(1.03896 1.0065e-07 0)
(1.03896 4.61467e-08 0)
(1.03896 1.50813e-08 0)
(1.03896 -3.43594e-08 0)
(1.03896 -5.58702e-08 0)
(1.03896 -8.74928e-08 0)
(1.03896 -6.56518e-08 0)
(1.03896 -8.9217e-08 0)
(1.03896 -1.13618e-07 0)
(1.03896 -9.83961e-08 0)
(1.03896 -4.89687e-08 0)
(1.03896 -1.48518e-08 0)
(1.03896 1.28708e-08 0)
(1.03896 3.43324e-08 0)
(1.03896 5.58364e-08 0)
(1.03896 8.7998e-08 0)
(1.03896 1.05326e-07 0)
(1.03896 1.1456e-07 0)
(1.03896 1.00396e-07 0)
(1.03896 7.72665e-08 0)
(1.03896 6.7266e-08 0)
(1.03896 6.29078e-08 0)
(1.03896 7.4533e-08 0)
(1.03896 7.68076e-08 0)
(1.03896 7.41179e-08 0)
(1.03896 6.99831e-08 0)
(1.03896 6.70157e-08 0)
(1.03896 5.05595e-08 0)
(1.03896 4.8104e-08 0)
(1.03896 6.27623e-08 0)
(1.03896 6.07953e-08 0)
(1.03896 5.84944e-08 0)
(1.03896 3.45679e-08 0)
(1.03896 3.97823e-09 0)
(1.03896 -3.74423e-08 0)
(1.03896 -6.31997e-08 0)
(1.03896 -8.76424e-08 0)
(1.03896 -1.02063e-07 0)
(1.03896 -1.14647e-07 0)
(1.03896 -1.15681e-07 0)
(1.03896 -1.17558e-07 0)
(1.03896 -1.27623e-07 0)
(1.03896 -1.34197e-07 0)
(1.03896 -1.17032e-07 0)
(1.03896 -8.17323e-08 0)
(1.03896 -3.11645e-08 0)
(1.03896 -4.73758e-09 0)
(1.03896 1.9055e-08 0)
(1.03896 3.35169e-08 0)
(1.03896 7.6955e-08 0)
(1.03896 1.1683e-07 0)
(1.03896 1.36905e-07 0)
(1.03896 1.20116e-07 0)
(1.03896 9.35567e-08 0)
(1.03896 7.29965e-08 0)
(1.03896 6.00976e-08 0)
(1.03896 4.87091e-08 0)
(1.03896 3.56673e-08 0)
(1.03896 3.50275e-08 0)
(1.03896 6.12317e-08 0)
(1.03897 1.10277e-07 0)
(1.03897 1.98486e-07 0)
(1.03897 3.21282e-07 0)
(1.03897 5.33208e-07 0)
(1.03898 8.3978e-07 0)
(1.03899 1.38164e-06 0)
(1.039 2.21208e-06 0)
(1.03902 4.09164e-06 0)
(1.03908 7.10419e-06 0)
(1.03912 1.837e-05 0)
(1.03945 4.4524e-05 0)
(1.0398 0.000150503 0)
(1.04245 0.000292021 0)
(0.967964 -0.00247533 0)
(1.04877 -0.00162701 0)
(1.02629 -0.000496703 0)
(1.04136 -1.80426e-05 0)
(1.03486 2.94464e-05 0)
(1.03762 -1.42779e-05 0)
(1.03659 -3.33339e-05 0)
(1.03745 -4.04247e-05 0)
(1.03751 -3.65556e-05 0)
(1.03789 -3.22759e-05 0)
(1.03808 -2.72664e-05 0)
(1.0383 -2.25659e-05 0)
(1.03845 -1.85456e-05 0)
(1.03858 -1.48297e-05 0)
(1.03868 -1.14176e-05 0)
(1.03876 -8.9244e-06 0)
(1.03882 -6.84274e-06 0)
(1.03886 -5.0755e-06 0)
(1.03889 -3.4271e-06 0)
(1.03891 -2.2565e-06 0)
(1.03893 -1.73956e-06 0)
(1.03894 -1.34041e-06 0)
(1.03895 -8.29718e-07 0)
(1.03895 -3.38672e-07 0)
(1.03896 -9.19499e-08 0)
(1.03896 -2.36482e-08 0)
(1.03896 -8.28758e-08 0)
(1.03896 -9.3742e-08 0)
(1.03896 -7.91475e-08 0)
(1.03896 -6.07572e-08 0)
(1.03896 -7.53338e-08 0)
(1.03896 -8.44655e-08 0)
(1.03896 -1.13961e-07 0)
(1.03896 -8.35956e-08 0)
(1.03896 -9.40273e-08 0)
(1.03896 -1.18132e-07 0)
(1.03896 -1.07674e-07 0)
(1.03896 -5.89557e-08 0)
(1.03896 -2.21712e-08 0)
(1.03896 6.00538e-09 0)
(1.03896 2.69292e-08 0)
(1.03896 4.63809e-08 0)
(1.03896 7.91673e-08 0)
(1.03896 1.01661e-07 0)
(1.03896 1.15443e-07 0)
(1.03896 1.02988e-07 0)
(1.03896 7.88086e-08 0)
(1.03896 6.63778e-08 0)
(1.03896 6.37881e-08 0)
(1.03896 7.80017e-08 0)
(1.03896 7.89489e-08 0)
(1.03896 7.2407e-08 0)
(1.03896 6.65918e-08 0)
(1.03896 6.75086e-08 0)
(1.03896 5.63574e-08 0)
(1.03896 5.11122e-08 0)
(1.03896 6.29889e-08 0)
(1.03896 6.19837e-08 0)
(1.03896 6.06178e-08 0)
(1.03896 3.71016e-08 0)
(1.03896 6.17447e-09 0)
(1.03896 -3.92453e-08 0)
(1.03896 -6.92402e-08 0)
(1.03896 -9.09749e-08 0)
(1.03896 -9.93021e-08 0)
(1.03896 -1.11061e-07 0)
(1.03896 -1.16281e-07 0)
(1.03896 -1.21358e-07 0)
(1.03896 -1.28632e-07 0)
(1.03896 -1.30475e-07 0)
(1.03896 -1.13081e-07 0)
(1.03896 -8.24764e-08 0)
(1.03896 -3.44003e-08 0)
(1.03896 -6.01393e-09 0)
(1.03896 2.03231e-08 0)
(1.03896 3.39541e-08 0)
(1.03896 7.34947e-08 0)
(1.03896 1.12615e-07 0)
(1.03896 1.34972e-07 0)
(1.03896 1.16934e-07 0)
(1.03896 8.14282e-08 0)
(1.03896 4.70654e-08 0)
(1.03896 1.83938e-08 0)
(1.03896 -1.56357e-08 0)
(1.03896 -6.8552e-08 0)
(1.03896 -1.32922e-07 0)
(1.03896 -1.95705e-07 0)
(1.03897 -2.74187e-07 0)
(1.03897 -3.77258e-07 0)
(1.03897 -5.37432e-07 0)
(1.03897 -7.5825e-07 0)
(1.03898 -1.0846e-06 0)
(1.03899 -1.64062e-06 0)
(1.039 -2.49654e-06 0)
(1.03902 -4.38808e-06 0)
(1.03908 -7.37739e-06 0)
(1.03912 -1.86062e-05 0)
(1.03945 -4.47093e-05 0)
(1.0398 -0.000150661 0)
(1.04245 -0.000292138 0)
(0.968059 -0.00744654 0)
(1.04893 -0.00487068 0)
(1.02632 -0.00148245 0)
(1.04139 -5.39162e-05 0)
(1.0349 8.77738e-05 0)
(1.03765 -4.32373e-05 0)
(1.03662 -0.0001002 0)
(1.03748 -0.000121164 0)
(1.03754 -0.00010957 0)
(1.03792 -9.6817e-05 0)
(1.0381 -8.13979e-05 0)
(1.03831 -6.75772e-05 0)
(1.03846 -5.49634e-05 0)
(1.03859 -4.3827e-05 0)
(1.03869 -3.39874e-05 0)
(1.03876 -2.61632e-05 0)
(1.03882 -1.97362e-05 0)
(1.03886 -1.45245e-05 0)
(1.03889 -1.02496e-05 0)
(1.03891 -7.11221e-06 0)
(1.03893 -5.12052e-06 0)
(1.03894 -3.66094e-06 0)
(1.03895 -2.40446e-06 0)
(1.03895 -1.39925e-06 0)
(1.03896 -7.94142e-07 0)
(1.03896 -4.72654e-07 0)
(1.03896 -3.71267e-07 0)
(1.03896 -2.84439e-07 0)
(1.03896 -2.03018e-07 0)
(1.03896 -1.3757e-07 0)
(1.03896 -1.16493e-07 0)
(1.03896 -1.09766e-07 0)
(1.03896 -1.3779e-07 0)
(1.03896 -1.03661e-07 0)
(1.03896 -1.02219e-07 0)
(1.03896 -1.22711e-07 0)
(1.03896 -1.1612e-07 0)
(1.03896 -6.9426e-08 0)
(1.03896 -3.14919e-08 0)
(1.03896 -2.17089e-09 0)
(1.03896 2.11083e-08 0)
(1.03896 3.91022e-08 0)
(1.03896 7.05205e-08 0)
(1.03896 9.68381e-08 0)
(1.03896 1.15166e-07 0)
(1.03896 1.05834e-07 0)
(1.03896 8.15686e-08 0)
(1.03896 6.58369e-08 0)
(1.03896 6.29291e-08 0)
(1.03896 7.94086e-08 0)
(1.03896 8.01093e-08 0)
(1.03896 7.03166e-08 0)
(1.03896 6.1998e-08 0)
(1.03896 6.55472e-08 0)
(1.03896 6.08583e-08 0)
(1.03896 5.52675e-08 0)
(1.03896 6.40923e-08 0)
(1.03896 6.34208e-08 0)
(1.03896 6.29091e-08 0)
(1.03896 3.93117e-08 0)
(1.03896 8.22903e-09 0)
(1.03896 -3.98651e-08 0)
(1.03896 -7.42023e-08 0)
(1.03896 -9.49135e-08 0)
(1.03896 -9.78318e-08 0)
(1.03896 -1.07145e-07 0)
(1.03896 -1.15359e-07 0)
(1.03896 -1.24383e-07 0)
(1.03896 -1.30149e-07 0)
(1.03896 -1.26693e-07 0)
(1.03896 -1.06782e-07 0)
(1.03896 -8.03214e-08 0)
(1.03896 -3.68802e-08 0)
(1.03896 -8.4393e-09 0)
(1.03896 2.07428e-08 0)
(1.03896 3.51403e-08 0)
(1.03896 7.03295e-08 0)
(1.03896 1.06322e-07 0)
(1.03896 1.29679e-07 0)
(1.03896 1.12184e-07 0)
(1.03896 7.01e-08 0)
(1.03896 2.18496e-08 0)
(1.03896 -2.42619e-08 0)
(1.03896 -8.061e-08 0)
(1.03896 -1.70447e-07 0)
(1.03896 -2.96702e-07 0)
(1.03896 -4.48493e-07 0)
(1.03897 -6.54722e-07 0)
(1.03897 -9.47028e-07 0)
(1.03897 -1.38544e-06 0)
(1.03897 -2.03365e-06 0)
(1.03898 -2.98491e-06 0)
(1.03899 -4.62152e-06 0)
(1.039 -7.13204e-06 0)
(1.03902 -1.27235e-05 0)
(1.03907 -2.16122e-05 0)
(1.03911 -5.503e-05 0)
(1.03943 -0.000132838 0)
(1.03977 -0.000448599 0)
(1.04237 -0.000870546 0)
(0.968252 -0.0124798 0)
(1.04926 -0.00808411 0)
(1.02639 -0.00244702 0)
(1.04145 -9.02978e-05 0)
(1.03496 0.000144031 0)
(1.03773 -7.26702e-05 0)
(1.03669 -0.000165692 0)
(1.03754 -0.000200121 0)
(1.03759 -0.000180798 0)
(1.03796 -0.000159738 0)
(1.03813 -0.000134106 0)
(1.03834 -0.000111366 0)
(1.03848 -9.03469e-05 0)
(1.03861 -7.19758e-05 0)
(1.0387 -5.5879e-05 0)
(1.03877 -4.28697e-05 0)
(1.03883 -3.22212e-05 0)
(1.03887 -2.36657e-05 0)
(1.0389 -1.68437e-05 0)
(1.03892 -1.18056e-05 0)
(1.03893 -8.38794e-06 0)
(1.03894 -5.90025e-06 0)
(1.03895 -3.92324e-06 0)
(1.03895 -2.42394e-06 0)
(1.03896 -1.47711e-06 0)
(1.03896 -9.10074e-07 0)
(1.03896 -6.49359e-07 0)
(1.03896 -4.66718e-07 0)
(1.03896 -3.22286e-07 0)
(1.03896 -2.136e-07 0)
(1.03896 -1.57822e-07 0)
(1.03896 -1.32222e-07 0)
(1.03896 -1.57598e-07 0)
(1.03896 -1.24153e-07 0)
(1.03896 -1.13556e-07 0)
(1.03896 -1.27759e-07 0)
(1.03896 -1.23293e-07 0)
(1.03896 -7.92314e-08 0)
(1.03896 -4.18197e-08 0)
(1.03896 -1.17037e-08 0)
(1.03896 1.61872e-08 0)
(1.03896 3.42924e-08 0)
(1.03896 6.31594e-08 0)
(1.03896 9.12369e-08 0)
(1.03896 1.13278e-07 0)
(1.03896 1.08206e-07 0)
(1.03896 8.54017e-08 0)
(1.03896 6.61936e-08 0)
(1.03896 6.06283e-08 0)
(1.03896 7.8268e-08 0)
(1.03896 7.97214e-08 0)
(1.03896 6.78629e-08 0)
(1.03896 5.68837e-08 0)
(1.03896 6.16451e-08 0)
(1.03896 6.37307e-08 0)
(1.03896 6.02472e-08 0)
(1.03896 6.64346e-08 0)
(1.03896 6.54036e-08 0)
(1.03896 6.54099e-08 0)
(1.03896 4.11528e-08 0)
(1.03896 9.69493e-09 0)
(1.03896 -3.98114e-08 0)
(1.03896 -7.77629e-08 0)
(1.03896 -9.88257e-08 0)
(1.03896 -9.77325e-08 0)
(1.03896 -1.03644e-07 0)
(1.03896 -1.13172e-07 0)
(1.03896 -1.25849e-07 0)
(1.03896 -1.31386e-07 0)
(1.03896 -1.2324e-07 0)
(1.03896 -9.92299e-08 0)
(1.03896 -7.55449e-08 0)
(1.03896 -3.79585e-08 0)
(1.03896 -1.17408e-08 0)
(1.03896 1.96063e-08 0)
(1.03896 3.61768e-08 0)
(1.03896 6.76396e-08 0)
(1.03896 9.88871e-08 0)
(1.03896 1.21369e-07 0)
(1.03896 1.05359e-07 0)
(1.03896 5.93805e-08 0)
(1.03896 -1.5197e-09 0)
(1.03896 -6.59778e-08 0)
(1.03896 -1.44761e-07 0)
(1.03896 -2.68308e-07 0)
(1.03896 -4.52531e-07 0)
(1.03896 -6.90991e-07 0)
(1.03896 -1.02255e-06 0)
(1.03897 -1.49854e-06 0)
(1.03897 -2.20441e-06 0)
(1.03897 -3.26322e-06 0)
(1.03898 -4.81374e-06 0)
(1.03899 -7.47881e-06 0)
(1.039 -1.15524e-05 0)
(1.03902 -2.06347e-05 0)
(1.03907 -3.51172e-05 0)
(1.0391 -8.98121e-05 0)
(1.0394 -0.000217673 0)
(1.03973 -0.00073688 0)
(1.04222 -0.00143172 0)
(0.968549 -0.0176181 0)
(1.04975 -0.011246 0)
(1.0265 -0.00337615 0)
(1.04154 -0.00012755 0)
(1.03506 0.000196931 0)
(1.03784 -0.000102814 0)
(1.0368 -0.000228863 0)
(1.03763 -0.000276102 0)
(1.03767 -0.00024905 0)
(1.03802 -0.000219959 0)
(1.03819 -0.000184441 0)
(1.03838 -0.000153123 0)
(1.03851 -0.00012402 0)
(1.03863 -9.87193e-05 0)
(1.03872 -7.66462e-05 0)
(1.03879 -5.86936e-05 0)
(1.03884 -4.40273e-05 0)
(1.03887 -3.22953e-05 0)
(1.0389 -2.30582e-05 0)
(1.03892 -1.62247e-05 0)
(1.03893 -1.14616e-05 0)
(1.03894 -8.00232e-06 0)
(1.03895 -5.34666e-06 0)
(1.03895 -3.38402e-06 0)
(1.03896 -2.12013e-06 0)
(1.03896 -1.32376e-06 0)
(1.03896 -9.10328e-07 0)
(1.03896 -6.35786e-07 0)
(1.03896 -4.33277e-07 0)
(1.03896 -2.86325e-07 0)
(1.03896 -1.98807e-07 0)
(1.03896 -1.52515e-07 0)
(1.03896 -1.72647e-07 0)
(1.03896 -1.43059e-07 0)
(1.03896 -1.2687e-07 0)
(1.03896 -1.33347e-07 0)
(1.03896 -1.28908e-07 0)
(1.03896 -8.73224e-08 0)
(1.03896 -5.18332e-08 0)
(1.03896 -2.20463e-08 0)
(1.03896 1.14663e-08 0)
(1.03896 3.16585e-08 0)
(1.03896 5.79727e-08 0)
(1.03896 8.56142e-08 0)
(1.03896 1.09689e-07 0)
(1.03896 1.09354e-07 0)
(1.03896 8.98256e-08 0)
(1.03896 6.78434e-08 0)
(1.03896 5.74911e-08 0)
(1.03896 7.44566e-08 0)
(1.03896 7.72744e-08 0)
(1.03896 6.49208e-08 0)
(1.03896 5.18511e-08 0)
(1.03896 5.65508e-08 0)
(1.03896 6.48855e-08 0)
(1.03896 6.55154e-08 0)
(1.03896 7.00194e-08 0)
(1.03896 6.8095e-08 0)
(1.03896 6.81144e-08 0)
(1.03896 4.26763e-08 0)
(1.03896 1.03095e-08 0)
(1.03896 -3.96299e-08 0)
(1.03896 -7.98439e-08 0)
(1.03896 -1.02065e-07 0)
(1.03896 -9.87218e-08 0)
(1.03896 -1.01067e-07 0)
(1.03896 -1.10205e-07 0)
(1.03896 -1.25301e-07 0)
(1.03896 -1.31446e-07 0)
(1.03896 -1.20034e-07 0)
(1.03896 -9.14463e-08 0)
(1.03896 -6.88303e-08 0)
(1.03896 -3.72205e-08 0)
(1.03896 -1.53369e-08 0)
(1.03896 1.6646e-08 0)
(1.03896 3.61354e-08 0)
(1.03896 6.52611e-08 0)
(1.03896 9.12034e-08 0)
(1.03896 1.10845e-07 0)
(1.03896 9.63283e-08 0)
(1.03896 4.89295e-08 0)
(1.03896 -2.23021e-08 0)
(1.03896 -1.04819e-07 0)
(1.03896 -2.06192e-07 0)
(1.03896 -3.60467e-07 0)
(1.03896 -5.97106e-07 0)
(1.03896 -9.17381e-07 0)
(1.03896 -1.36894e-06 0)
(1.03897 -2.01953e-06 0)
(1.03897 -2.97648e-06 0)
(1.03897 -4.41836e-06 0)
(1.03898 -6.52542e-06 0)
(1.03898 -1.01338e-05 0)
(1.039 -1.56225e-05 0)
(1.03901 -2.78565e-05 0)
(1.03906 -4.74326e-05 0)
(1.03909 -0.000121902 0)
(1.03936 -0.000297087 0)
(1.03967 -0.00100914 0)
(1.04199 -0.0019642 0)
(0.968962 -0.0229063 0)
(1.05041 -0.0143332 0)
(1.02664 -0.00425532 0)
(1.04166 -0.000166046 0)
(1.0352 0.000245333 0)
(1.03798 -0.00013378 0)
(1.03694 -0.000288721 0)
(1.03775 -0.000347887 0)
(1.03777 -0.000313128 0)
(1.0381 -0.000276401 0)
(1.03825 -0.00023146 0)
(1.03843 -0.000192043 0)
(1.03855 -0.000155317 0)
(1.03866 -0.000123512 0)
(1.03874 -9.58534e-05 0)
(1.0388 -7.32938e-05 0)
(1.03885 -5.48927e-05 0)
(1.03888 -4.02166e-05 0)
(1.03891 -2.87476e-05 0)
(1.03892 -2.02625e-05 0)
(1.03894 -1.42648e-05 0)
(1.03895 -9.91363e-06 0)
(1.03895 -6.63752e-06 0)
(1.03895 -4.25261e-06 0)
(1.03896 -2.70308e-06 0)
(1.03896 -1.70121e-06 0)
(1.03896 -1.14724e-06 0)
(1.03896 -7.87048e-07 0)
(1.03896 -5.32248e-07 0)
(1.03896 -3.52706e-07 0)
(1.03896 -2.38324e-07 0)
(1.03896 -1.71275e-07 0)
(1.03896 -1.83015e-07 0)
(1.03896 -1.58561e-07 0)
(1.03896 -1.40368e-07 0)
(1.03896 -1.39152e-07 0)
(1.03896 -1.32836e-07 0)
(1.03896 -9.29283e-08 0)
(1.03896 -6.01169e-08 0)
(1.03896 -3.20881e-08 0)
(1.03896 6.55913e-09 0)
(1.03896 3.05061e-08 0)
(1.03896 5.53341e-08 0)
(1.03896 8.09348e-08 0)
(1.03896 1.04761e-07 0)
(1.03896 1.08762e-07 0)
(1.03896 9.41278e-08 0)
(1.03896 7.09243e-08 0)
(1.03896 5.43396e-08 0)
(1.03896 6.83385e-08 0)
(1.03896 7.24793e-08 0)
(1.03896 6.12888e-08 0)
(1.03896 4.73205e-08 0)
(1.03896 5.1084e-08 0)
(1.03896 6.44394e-08 0)
(1.03896 7.04041e-08 0)
(1.03896 7.44762e-08 0)
(1.03896 7.14538e-08 0)
(1.03896 7.09613e-08 0)
(1.03896 4.40132e-08 0)
(1.03896 1.00551e-08 0)
(1.03896 -3.97541e-08 0)
(1.03896 -8.05423e-08 0)
(1.03896 -1.04014e-07 0)
(1.03896 -1.00187e-07 0)
(1.03896 -9.95501e-08 0)
(1.03896 -1.06957e-07 0)
(1.03896 -1.22618e-07 0)
(1.03896 -1.29501e-07 0)
(1.03896 -1.16558e-07 0)
(1.03896 -8.40872e-08 0)
(1.03896 -6.10459e-08 0)
(1.03896 -3.45479e-08 0)
(1.03896 -1.85072e-08 0)
(1.03896 1.20747e-08 0)
(1.03896 3.4282e-08 0)
(1.03896 6.27637e-08 0)
(1.03896 8.39419e-08 0)
(1.03896 9.92023e-08 0)
(1.03896 8.54008e-08 0)
(1.03896 3.84448e-08 0)
(1.03896 -4.01338e-08 0)
(1.03896 -1.39068e-07 0)
(1.03896 -2.62734e-07 0)
(1.03896 -4.45121e-07 0)
(1.03896 -7.2762e-07 0)
(1.03896 -1.12236e-06 0)
(1.03896 -1.68549e-06 0)
(1.03897 -2.49799e-06 0)
(1.03897 -3.68447e-06 0)
(1.03897 -5.4722e-06 0)
(1.03898 -8.07734e-06 0)
(1.03898 -1.25139e-05 0)
(1.03899 -1.92192e-05 0)
(1.039 -3.41474e-05 0)
(1.03904 -5.81372e-05 0)
(1.03907 -0.000150314 0)
(1.03931 -0.000369049 0)
(1.03959 -0.00125913 0)
(1.04169 -0.00245662 0)
(0.969506 -0.0283931 0)
(1.05125 -0.0173201 0)
(1.02683 -0.00506966 0)
(1.04182 -0.000206155 0)
(1.03538 0.000288301 0)
(1.03817 -0.000165501 0)
(1.03712 -0.000344221 0)
(1.0379 -0.000414229 0)
(1.0379 -0.000371832 0)
(1.03821 -0.000327984 0)
(1.03834 -0.000274226 0)
(1.0385 -0.000227332 0)
(1.03861 -0.000183585 0)
(1.0387 -0.000145825 0)
(1.03877 -0.00011308 0)
(1.03882 -8.63439e-05 0)
(1.03886 -6.45689e-05 0)
(1.03889 -4.72447e-05 0)
(1.03891 -3.37765e-05 0)
(1.03893 -2.38206e-05 0)
(1.03894 -1.6728e-05 0)
(1.03895 -1.15862e-05 0)
(1.03895 -7.76311e-06 0)
(1.03896 -5.00694e-06 0)
(1.03896 -3.20877e-06 0)
(1.03896 -2.03113e-06 0)
(1.03896 -1.35383e-06 0)
(1.03896 -9.16727e-07 0)
(1.03896 -6.16128e-07 0)
(1.03896 -4.09891e-07 0)
(1.03896 -2.7494e-07 0)
(1.03896 -1.89028e-07 0)
(1.03896 -1.89753e-07 0)
(1.03896 -1.6975e-07 0)
(1.03896 -1.52381e-07 0)
(1.03896 -1.44776e-07 0)
(1.03896 -1.35329e-07 0)
(1.03896 -9.59519e-08 0)
(1.03896 -6.57194e-08 0)
(1.03896 -4.06408e-08 0)
(1.03896 1.34472e-09 0)
(1.03896 2.97683e-08 0)
(1.03896 5.47754e-08 0)
(1.03896 7.78266e-08 0)
(1.03896 9.90403e-08 0)
(1.03896 1.06039e-07 0)
(1.03896 9.72737e-08 0)
(1.03896 7.5001e-08 0)
(1.03896 5.17568e-08 0)
(1.03896 6.04448e-08 0)
(1.03896 6.5165e-08 0)
(1.03896 5.65392e-08 0)
(1.03896 4.32714e-08 0)
(1.03896 4.57862e-08 0)
(1.03896 6.25181e-08 0)
(1.03896 7.40862e-08 0)
(1.03896 7.90011e-08 0)
(1.03896 7.50231e-08 0)
(1.03896 7.36376e-08 0)
(1.03896 4.51219e-08 0)
(1.03896 8.9756e-09 0)
(1.03896 -4.05636e-08 0)
(1.03896 -8.02328e-08 0)
(1.03896 -1.04388e-07 0)
(1.03896 -1.01521e-07 0)
(1.03896 -9.9046e-08 0)
(1.03896 -1.0399e-07 0)
(1.03896 -1.18172e-07 0)
(1.03896 -1.25171e-07 0)
(1.03896 -1.12235e-07 0)
(1.03896 -7.74799e-08 0)
(1.03896 -5.32267e-08 0)
(1.03896 -3.03271e-08 0)
(1.03896 -2.07753e-08 0)
(1.03896 6.31439e-09 0)
(1.03896 3.00528e-08 0)
(1.03896 5.9384e-08 0)
(1.03896 7.72258e-08 0)
(1.03896 8.73839e-08 0)
(1.03896 7.30562e-08 0)
(1.03896 2.75685e-08 0)
(1.03896 -5.5186e-08 0)
(1.03896 -1.67646e-07 0)
(1.03896 -3.12369e-07 0)
(1.03896 -5.20452e-07 0)
(1.03896 -8.41886e-07 0)
(1.03896 -1.30153e-06 0)
(1.03896 -1.96459e-06 0)
(1.03896 -2.92271e-06 0)
(1.03897 -4.31238e-06 0)
(1.03897 -6.40039e-06 0)
(1.03897 -9.43128e-06 0)
(1.03898 -1.45549e-05 0)
(1.03899 -2.22355e-05 0)
(1.039 -3.9299e-05 0)
(1.03903 -6.68635e-05 0)
(1.03905 -0.000174158 0)
(1.03925 -0.000431669 0)
(1.03949 -0.00148078 0)
(1.04131 -0.00289771 0)
(0.970201 -0.0341314 0)
(1.05229 -0.0201773 0)
(1.02705 -0.0058038 0)
(1.042 -0.000248196 0)
(1.03559 0.000325149 0)
(1.03838 -0.000197692 0)
(1.03733 -0.000394251 0)
(1.03808 -0.000473843 0)
(1.03805 -0.000423955 0)
(1.03833 -0.000373635 0)
(1.03843 -0.000311821 0)
(1.03858 -0.000258216 0)
(1.03866 -0.000208192 0)
(1.03875 -0.000165154 0)
(1.0388 -0.000127929 0)
(1.03885 -9.75376e-05 0)
(1.03888 -7.2826e-05 0)
(1.03891 -5.32109e-05 0)
(1.03892 -3.80242e-05 0)
(1.03894 -2.6813e-05 0)
(1.03894 -1.87913e-05 0)
(1.03895 -1.29801e-05 0)
(1.03895 -8.69748e-06 0)
(1.03896 -5.63015e-06 0)
(1.03896 -3.62508e-06 0)
(1.03896 -2.30527e-06 0)
(1.03896 -1.52576e-06 0)
(1.03896 -1.02284e-06 0)
(1.03896 -6.83607e-07 0)
(1.03896 -4.56451e-07 0)
(1.03896 -3.07851e-07 0)
(1.03896 -2.06757e-07 0)
(1.03896 -1.95298e-07 0)
(1.03896 -1.77697e-07 0)
(1.03896 -1.6269e-07 0)
(1.03896 -1.50751e-07 0)
(1.03896 -1.37832e-07 0)
(1.03896 -9.7864e-08 0)
(1.03896 -6.92206e-08 0)
(1.03896 -4.75782e-08 0)
(1.03896 -4.7945e-09 0)
(1.03896 2.7457e-08 0)
(1.03896 5.41773e-08 0)
(1.03896 7.53546e-08 0)
(1.03896 9.2312e-08 0)
(1.03896 1.00183e-07 0)
(1.03896 9.72833e-08 0)
(1.03896 7.82585e-08 0)
(1.03896 4.91955e-08 0)
(1.03896 5.05765e-08 0)
(1.03896 5.45427e-08 0)
(1.03896 4.92946e-08 0)
(1.03896 3.84883e-08 0)
(1.03896 4.01241e-08 0)
(1.03896 5.8615e-08 0)
(1.03896 7.50973e-08 0)
(1.03896 8.18047e-08 0)
(1.03896 7.71833e-08 0)
(1.03896 7.47364e-08 0)
(1.03896 4.4935e-08 0)
(1.03896 6.27746e-09 0)
(1.03896 -4.31402e-08 0)
(1.03896 -8.03003e-08 0)
(1.03896 -1.04065e-07 0)
(1.03896 -1.03018e-07 0)
(1.03896 -1.00112e-07 0)
(1.03896 -1.02605e-07 0)
(1.03896 -1.1356e-07 0)
(1.03896 -1.19466e-07 0)
(1.03896 -1.07493e-07 0)
(1.03896 -7.25413e-08 0)
(1.03896 -4.70843e-08 0)
(1.03896 -2.62593e-08 0)
(1.03896 -2.28504e-08 0)
(1.03896 -1.03612e-09 0)
(1.03896 2.23159e-08 0)
(1.03896 5.33313e-08 0)
(1.03896 6.97677e-08 0)
(1.03896 7.51012e-08 0)
(1.03896 5.896e-08 0)
(1.03896 1.50904e-08 0)
(1.03896 -6.88849e-08 0)
(1.03896 -1.91068e-07 0)
(1.03896 -3.5434e-07 0)
(1.03896 -5.85388e-07 0)
(1.03896 -9.38864e-07 0)
(1.03896 -1.45212e-06 0)
(1.03896 -2.2004e-06 0)
(1.03896 -3.28428e-06 0)
(1.03896 -4.84645e-06 0)
(1.03897 -7.18232e-06 0)
(1.03897 -1.05552e-05 0)
(1.03897 -1.62042e-05 0)
(1.03898 -2.45853e-05 0)
(1.03899 -4.31448e-05 0)
(1.03901 -7.33125e-05 0)
(1.03902 -0.000192663 0)
(1.03918 -0.000483236 0)
(1.03938 -0.00166823 0)
(1.04088 -0.00327635 0)
(0.971078 -0.0401802 0)
(1.05354 -0.0228708 0)
(1.02732 -0.00644173 0)
(1.04222 -0.000292362 0)
(1.03584 0.000355487 0)
(1.03864 -0.000229804 0)
(1.03758 -0.000437626 0)
(1.03828 -0.000525404 0)
(1.03822 -0.000468289 0)
(1.03847 -0.000412287 0)
(1.03855 -0.000343346 0)
(1.03866 -0.000283946 0)
(1.03873 -0.000228533 0)
(1.0388 -0.000181019 0)
(1.03884 -0.000140029 0)
(1.03888 -0.000106593 0)
(1.0389 -7.9455e-05 0)
(1.03892 -5.7965e-05 0)
(1.03893 -4.13848e-05 0)
(1.03894 -2.91657e-05 0)
(1.03895 -2.04048e-05 0)
(1.03895 -1.40629e-05 0)
(1.03895 -9.42025e-06 0)
(1.03896 -6.11017e-06 0)
(1.03896 -3.94423e-06 0)
(1.03896 -2.51817e-06 0)
(1.03896 -1.66048e-06 0)
(1.03896 -1.10512e-06 0)
(1.03896 -7.351e-07 0)
(1.03896 -4.92693e-07 0)
(1.03896 -3.37225e-07 0)
(1.03896 -2.26022e-07 0)
(1.03896 -2.03084e-07 0)
(1.03896 -1.85448e-07 0)
(1.03896 -1.72979e-07 0)
(1.03896 -1.58866e-07 0)
(1.03896 -1.43112e-07 0)
(1.03896 -1.0187e-07 0)
(1.03896 -7.3212e-08 0)
(1.03896 -5.45844e-08 0)
(1.03896 -1.34978e-08 0)
(1.03896 2.05813e-08 0)
(1.03896 4.97769e-08 0)
(1.03896 7.08942e-08 0)
(1.03896 8.28263e-08 0)
(1.03896 8.92651e-08 0)
(1.03896 9.10628e-08 0)
(1.03896 7.71193e-08 0)
(1.03896 4.42461e-08 0)
(1.03896 3.72785e-08 0)
(1.03896 3.88556e-08 0)
(1.03896 3.7155e-08 0)
(1.03896 3.0556e-08 0)
(1.03896 3.23346e-08 0)
(1.03896 5.12313e-08 0)
(1.03896 7.12015e-08 0)
(1.03896 7.99345e-08 0)
(1.03896 7.50046e-08 0)
(1.03896 7.14367e-08 0)
(1.03896 4.10326e-08 0)
(1.03896 4.93781e-11 0)
(1.03896 -4.95299e-08 0)
(1.03896 -8.34882e-08 0)
(1.03896 -1.05441e-07 0)
(1.03896 -1.06386e-07 0)
(1.03896 -1.04375e-07 0)
(1.03896 -1.05144e-07 0)
(1.03896 -1.11808e-07 0)
(1.03896 -1.15121e-07 0)
(1.03896 -1.04357e-07 0)
(1.03896 -7.12809e-08 0)
(1.03896 -4.49922e-08 0)
(1.03896 -2.54316e-08 0)
(1.03896 -2.68249e-08 0)
(1.03896 -1.15826e-08 0)
(1.03896 9.21832e-09 0)
(1.03896 4.17747e-08 0)
(1.03896 5.87366e-08 0)
(1.03896 6.04439e-08 0)
(1.03896 4.16059e-08 0)
(1.03896 -1.13048e-09 0)
(1.03896 -8.4034e-08 0)
(1.03896 -2.11686e-07 0)
(1.03896 -3.89527e-07 0)
(1.03896 -6.39711e-07 0)
(1.03896 -1.01832e-06 0)
(1.03896 -1.57262e-06 0)
(1.03896 -2.38834e-06 0)
(1.03896 -3.57449e-06 0)
(1.03896 -5.27449e-06 0)
(1.03896 -7.80037e-06 0)
(1.03897 -1.1423e-05 0)
(1.03897 -1.74211e-05 0)
(1.03897 -2.62057e-05 0)
(1.03898 -4.55671e-05 0)
(1.03899 -7.72668e-05 0)
(1.03899 -0.000205206 0)
(1.0391 -0.000522259 0)
(1.03926 -0.00181596 0)
(1.04038 -0.00358164 0)
(0.972173 -0.0466062 0)
(1.05502 -0.02536 0)
(1.02764 -0.00696656 0)
(1.04248 -0.000338604 0)
(1.03614 0.000379248 0)
(1.03893 -0.00026098 0)
(1.03785 -0.000473074 0)
(1.03851 -0.000567533 0)
(1.03842 -0.000503615 0)
(1.03862 -0.000442878 0)
(1.03867 -0.000367922 0)
(1.03876 -0.000303799 0)
(1.03881 -0.000244031 0)
(1.03885 -0.000192972 0)
(1.03888 -0.000149034 0)
(1.03891 -0.00011325 0)
(1.03892 -8.42635e-05 0)
(1.03893 -6.1369e-05 0)
(1.03894 -4.3761e-05 0)
(1.03895 -3.08095e-05 0)
(1.03895 -2.15187e-05 0)
(1.03895 -1.48005e-05 0)
(1.03896 -9.90789e-06 0)
(1.03896 -6.43136e-06 0)
(1.03896 -4.15547e-06 0)
(1.03896 -2.66132e-06 0)
(1.03896 -1.75211e-06 0)
(1.03896 -1.15999e-06 0)
(1.03896 -7.67595e-07 0)
(1.03896 -5.15714e-07 0)
(1.03896 -3.58943e-07 0)
(1.03896 -2.43341e-07 0)
(1.03896 -2.11314e-07 0)
(1.03896 -1.91744e-07 0)
(1.03896 -1.80996e-07 0)
(1.03896 -1.66458e-07 0)
(1.03896 -1.49286e-07 0)
(1.03896 -1.06779e-07 0)
(1.03896 -7.62717e-08 0)
(1.03896 -5.969e-08 0)
(1.03896 -2.1996e-08 0)
(1.03896 1.08965e-08 0)
(1.03896 4.21741e-08 0)
(1.03896 6.58011e-08 0)
(1.03896 7.29864e-08 0)
(1.03896 7.60781e-08 0)
(1.03896 8.03023e-08 0)
(1.03896 7.22297e-08 0)
(1.03896 3.83254e-08 0)
(1.03896 2.33319e-08 0)
(1.03896 2.11458e-08 0)
(1.03896 2.26024e-08 0)
(1.03896 2.13162e-08 0)
(1.03896 2.4355e-08 0)
(1.03896 4.24964e-08 0)
(1.03896 6.45252e-08 0)
(1.03896 7.51736e-08 0)
(1.03896 7.02645e-08 0)
(1.03896 6.53469e-08 0)
(1.03896 3.53112e-08 0)
(1.03896 -7.17936e-09 0)
(1.03896 -5.70244e-08 0)
(1.03896 -8.77467e-08 0)
(1.03896 -1.06621e-07 0)
(1.03896 -1.09164e-07 0)
(1.03896 -1.09086e-07 0)
(1.03896 -1.09321e-07 0)
(1.03896 -1.11477e-07 0)
(1.03896 -1.10654e-07 0)
(1.03896 -1.00708e-07 0)
(1.03896 -7.12061e-08 0)
(1.03896 -4.54552e-08 0)
(1.03896 -2.65286e-08 0)
(1.03896 -3.07619e-08 0)
(1.03896 -2.23952e-08 0)
(1.03896 -6.08296e-09 0)
(1.03896 2.68268e-08 0)
(1.03896 4.56375e-08 0)
(1.03896 4.55342e-08 0)
(1.03896 2.39653e-08 0)
(1.03896 -1.81385e-08 0)
(1.03896 -9.89581e-08 0)
(1.03896 -2.27941e-07 0)
(1.03896 -4.15214e-07 0)
(1.03896 -6.79455e-07 0)
(1.03896 -1.07618e-06 0)
(1.03896 -1.65764e-06 0)
(1.03896 -2.5197e-06 0)
(1.03896 -3.78024e-06 0)
(1.03896 -5.57933e-06 0)
(1.03896 -8.233e-06 0)
(1.03896 -1.20074e-05 0)
(1.03896 -1.81704e-05 0)
(1.03897 -2.70521e-05 0)
(1.03896 -4.64952e-05 0)
(1.03897 -7.85954e-05 0)
(1.03896 -0.000211337 0)
(1.03901 -0.000547505 0)
(1.03912 -0.00191885 0)
(1.03982 -0.00380296 0)
(0.973539 -0.0534858 0)
(1.05675 -0.0275962 0)
(1.02802 -0.00736029 0)
(1.04276 -0.000386484 0)
(1.03647 0.000396677 0)
(1.03924 -0.000290042 0)
(1.03816 -0.000499256 0)
(1.03876 -0.000598805 0)
(1.03862 -0.000528722 0)
(1.03879 -0.000464365 0)
(1.0388 -0.000384708 0)
(1.03886 -0.000317095 0)
(1.03888 -0.000254154 0)
(1.03891 -0.000200601 0)
(1.03892 -0.000154635 0)
(1.03893 -0.000117277 0)
(1.03894 -8.70832e-05 0)
(1.03894 -6.33029e-05 0)
(1.03895 -4.50686e-05 0)
(1.03895 -3.16837e-05 0)
(1.03895 -2.20881e-05 0)
(1.03895 -1.51608e-05 0)
(1.03895 -1.01375e-05 0)
(1.03895 -6.57824e-06 0)
(1.03895 -4.2489e-06 0)
(1.03895 -2.72739e-06 0)
(1.03895 -1.79441e-06 0)
(1.03895 -1.18214e-06 0)
(1.03895 -7.74395e-07 0)
(1.03895 -5.17501e-07 0)
(1.03895 -3.61575e-07 0)
(1.03895 -2.45909e-07 0)
(1.03895 -2.08279e-07 0)
(1.03895 -1.86136e-07 0)
(1.03895 -1.75925e-07 0)
(1.03895 -1.62042e-07 0)
(1.03895 -1.45388e-07 0)
(1.03895 -1.0255e-07 0)
(1.03895 -6.88651e-08 0)
(1.03895 -5.2573e-08 0)
(1.03895 -1.87609e-08 0)
(1.03895 1.02774e-08 0)
(1.03895 4.25079e-08 0)
(1.03895 6.9403e-08 0)
(1.03895 7.3458e-08 0)
(1.03895 7.1888e-08 0)
(1.03895 7.56655e-08 0)
(1.03895 7.32021e-08 0)
(1.03895 4.12443e-08 0)
(1.03895 2.02326e-08 0)
(1.03895 1.40184e-08 0)
(1.03895 1.78219e-08 0)
(1.03895 2.17256e-08 0)
(1.03895 2.67479e-08 0)
(1.03895 4.3605e-08 0)
(1.03895 6.62249e-08 0)
(1.03895 7.89331e-08 0)
(1.03895 7.37242e-08 0)
(1.03895 6.70752e-08 0)
(1.03895 3.84896e-08 0)
(1.03895 -3.25602e-09 0)
(1.03895 -5.36377e-08 0)
(1.03895 -8.23551e-08 0)
(1.03895 -9.75552e-08 0)
(1.03895 -1.00696e-07 0)
(1.03895 -1.02718e-07 0)
(1.03895 -1.03698e-07 0)
(1.03895 -1.01955e-07 0)
(1.03895 -9.59744e-08 0)
(1.03895 -8.59054e-08 0)
(1.03895 -6.02807e-08 0)
(1.03895 -3.7785e-08 0)
(1.03895 -1.85137e-08 0)
(1.03895 -2.39079e-08 0)
(1.03895 -2.14685e-08 0)
(1.03895 -1.13603e-08 0)
(1.03895 1.9845e-08 0)
(1.03895 4.08846e-08 0)
(1.03895 4.09672e-08 0)
(1.03895 1.77458e-08 0)
(1.03895 -2.34528e-08 0)
(1.03895 -1.02598e-07 0)
(1.03895 -2.29742e-07 0)
(1.03895 -4.22153e-07 0)
(1.03895 -6.96979e-07 0)
(1.03895 -1.1062e-06 0)
(1.03895 -1.70155e-06 0)
(1.03895 -2.58671e-06 0)
(1.03895 -3.88892e-06 0)
(1.03895 -5.74414e-06 0)
(1.03895 -8.46013e-06 0)
(1.03895 -1.22855e-05 0)
(1.03895 -1.84285e-05 0)
(1.03895 -2.71048e-05 0)
(1.03895 -4.59168e-05 0)
(1.03894 -7.72707e-05 0)
(1.03893 -0.000210815 0)
(1.03892 -0.000558044 0)
(1.03898 -0.00197231 0)
(1.03921 -0.0039301 0)
(0.975241 -0.0609088 0)
(1.05874 -0.02952 0)
(1.02845 -0.00760361 0)
(1.04306 -0.000435074 0)
(1.03684 0.000408172 0)
(1.03958 -0.000315577 0)
(1.03848 -0.000514877 0)
(1.03902 -0.000617853 0)
(1.03884 -0.000542509 0)
(1.03895 -0.000475833 0)
(1.03893 -0.000393008 0)
(1.03895 -0.000323306 0)
(1.03895 -0.00025852 0)
(1.03895 -0.000203642 0)
(1.03895 -0.000156663 0)
(1.03895 -0.000118581 0)
(1.03895 -8.78777e-05 0)
(1.03894 -6.37734e-05 0)
(1.03894 -4.53469e-05 0)
(1.03894 -3.18495e-05 0)
(1.03894 -2.21858e-05 0)
(1.03894 -1.52246e-05 0)
(1.03894 -1.01947e-05 0)
(1.03894 -6.63914e-06 0)
(1.03893 -4.31243e-06 0)
(1.03893 -2.79889e-06 0)
(1.03893 -1.86022e-06 0)
(1.03893 -1.23925e-06 0)
(1.03893 -8.2055e-07 0)
(1.03893 -5.57878e-07 0)
(1.03893 -4.0035e-07 0)
(1.03893 -2.87094e-07 0)
(1.03893 -2.47522e-07 0)
(1.03893 -2.23499e-07 0)
(1.03893 -2.12917e-07 0)
(1.03893 -2.00193e-07 0)
(1.03893 -1.86301e-07 0)
(1.03893 -1.45595e-07 0)
(1.03893 -1.09219e-07 0)
(1.03893 -9.15254e-08 0)
(1.03893 -6.14087e-08 0)
(1.03893 -3.81795e-08 0)
(1.03893 -8.73557e-09 0)
(1.03893 2.07515e-08 0)
(1.03893 2.50003e-08 0)
(1.03893 1.94125e-08 0)
(1.03893 2.07528e-08 0)
(1.03893 2.2674e-08 0)
(1.03893 -5.04076e-09 0)
(1.03893 -2.99734e-08 0)
(1.03893 -4.07991e-08 0)
(1.03893 -3.68109e-08 0)
(1.03893 -2.82145e-08 0)
(1.03893 -2.03019e-08 0)
(1.03893 -4.67815e-09 0)
(1.03893 1.7015e-08 0)
(1.03893 3.1378e-08 0)
(1.03893 2.62367e-08 0)
(1.03893 1.85197e-08 0)
(1.03893 -8.11115e-09 0)
(1.03893 -4.85477e-08 0)
(1.03893 -9.91414e-08 0)
(1.03893 -1.25757e-07 0)
(1.03893 -1.36474e-07 0)
(1.03893 -1.38792e-07 0)
(1.03893 -1.42116e-07 0)
(1.03893 -1.448e-07 0)
(1.03893 -1.40569e-07 0)
(1.03893 -1.29622e-07 0)
(1.03893 -1.18739e-07 0)
(1.03893 -9.85481e-08 0)
(1.03893 -8.09649e-08 0)
(1.03893 -6.19154e-08 0)
(1.03893 -6.67229e-08 0)
(1.03893 -6.78365e-08 0)
(1.03893 -6.38081e-08 0)
(1.03893 -3.53449e-08 0)
(1.03893 -1.21916e-08 0)
(1.03893 -1.02101e-08 0)
(1.03893 -3.3991e-08 0)
(1.03893 -7.6302e-08 0)
(1.03893 -1.52024e-07 0)
(1.03893 -2.73087e-07 0)
(1.03893 -4.6875e-07 0)
(1.03893 -7.55237e-07 0)
(1.03893 -1.17421e-06 0)
(1.03893 -1.77914e-06 0)
(1.03893 -2.67219e-06 0)
(1.03893 -3.98608e-06 0)
(1.03893 -5.85551e-06 0)
(1.03893 -8.57001e-06 0)
(1.03893 -1.23483e-05 0)
(1.03893 -1.82952e-05 0)
(1.03893 -2.64833e-05 0)
(1.03892 -4.39929e-05 0)
(1.03891 -7.34864e-05 0)
(1.03888 -0.000203738 0)
(1.03882 -0.000553398 0)
(1.03882 -0.00197259 0)
(1.03856 -0.0039535 0)
(0.977357 -0.0689824 0)
(1.06102 -0.0310584 0)
(1.02892 -0.00767551 0)
(1.04336 -0.000482783 0)
(1.03723 0.000414034 0)
(1.03992 -0.000336074 0)
(1.0388 -0.000518836 0)
(1.03927 -0.000623482 0)
(1.03904 -0.000544116 0)
(1.0391 -0.000476634 0)
(1.03903 -0.00039242 0)
(1.03902 -0.000322222 0)
(1.03899 -0.000257082 0)
(1.03897 -0.000202178 0)
(1.03895 -0.000155296 0)
(1.03893 -0.00011741 0)
(1.03892 -8.695e-05 0)
(1.03891 -6.31248e-05 0)
(1.0389 -4.49743e-05 0)
(1.03889 -3.17115e-05 0)
(1.03889 -2.22293e-05 0)
(1.03889 -1.54103e-05 0)
(1.03889 -1.04936e-05 0)
(1.03888 -7.01804e-06 0)
(1.03888 -4.73233e-06 0)
(1.03888 -3.23551e-06 0)
(1.03888 -2.29077e-06 0)
(1.03888 -1.6659e-06 0)
(1.03888 -1.25312e-06 0)
(1.03888 -9.96385e-07 0)
(1.03888 -8.45837e-07 0)
(1.03888 -7.38972e-07 0)
(1.03888 -7.0075e-07 0)
(1.03888 -6.76467e-07 0)
(1.03888 -6.65045e-07 0)
(1.03888 -6.53287e-07 0)
(1.03888 -6.43546e-07 0)
(1.03888 -6.0759e-07 0)
(1.03888 -5.70218e-07 0)
(1.03888 -5.5028e-07 0)
(1.03888 -5.22887e-07 0)
(1.03888 -5.0628e-07 0)
(1.03888 -4.83105e-07 0)
(1.03888 -4.51795e-07 0)
(1.03888 -4.45114e-07 0)
(1.03888 -4.53001e-07 0)
(1.03888 -4.55602e-07 0)
(1.03888 -4.51566e-07 0)
(1.03888 -4.73888e-07 0)
(1.03888 -5.00339e-07 0)
(1.03888 -5.15254e-07 0)
(1.03888 -5.12772e-07 0)
(1.03888 -5.00276e-07 0)
(1.03888 -4.88799e-07 0)
(1.03888 -4.74226e-07 0)
(1.03888 -4.54447e-07 0)
(1.03888 -4.39531e-07 0)
(1.03888 -4.44491e-07 0)
(1.03888 -4.5308e-07 0)
(1.03888 -4.77671e-07 0)
(1.03888 -5.15848e-07 0)
(1.03888 -5.65112e-07 0)
(1.03888 -5.89527e-07 0)
(1.03888 -5.95906e-07 0)
(1.03888 -5.96518e-07 0)
(1.03888 -6.00073e-07 0)
(1.03888 -6.04854e-07 0)
(1.03888 -5.99868e-07 0)
(1.03888 -5.84871e-07 0)
(1.03888 -5.72687e-07 0)
(1.03888 -5.58259e-07 0)
(1.03888 -5.46163e-07 0)
(1.03888 -5.28895e-07 0)
(1.03888 -5.31705e-07 0)
(1.03888 -5.33977e-07 0)
(1.03888 -5.34903e-07 0)
(1.03888 -5.10234e-07 0)
(1.03888 -4.85905e-07 0)
(1.03888 -4.81078e-07 0)
(1.03888 -5.03757e-07 0)
(1.03888 -5.47989e-07 0)
(1.03888 -6.1904e-07 0)
(1.03888 -7.30503e-07 0)
(1.03888 -9.17492e-07 0)
(1.03888 -1.19766e-06 0)
(1.03888 -1.61122e-06 0)
(1.03888 -2.23209e-06 0)
(1.03888 -3.13663e-06 0)
(1.03888 -4.45482e-06 0)
(1.03888 -6.31263e-06 0)
(1.03888 -8.97453e-06 0)
(1.03888 -1.26206e-05 0)
(1.03887 -1.82164e-05 0)
(1.03887 -2.56712e-05 0)
(1.03886 -4.12814e-05 0)
(1.03884 -6.78783e-05 0)
(1.03881 -0.000190775 0)
(1.03869 -0.000533727 0)
(1.03862 -0.00191708 0)
(1.03784 -0.00386457 0)
(0.979966 -0.0778276 0)
(1.06355 -0.0321172 0)
(1.02936 -0.00755185 0)
(1.04358 -0.000526335 0)
(1.03755 0.000414816 0)
(1.04017 -0.000349417 0)
(1.03905 -0.000509705 0)
(1.03943 -0.000614105 0)
(1.03914 -0.000532371 0)
(1.03914 -0.000465849 0)
(1.03903 -0.000382332 0)
(1.03898 -0.000313467 0)
(1.03892 -0.000249688 0)
(1.03888 -0.000196244 0)
(1.03884 -0.000150663 0)
(1.03881 -0.000113955 0)
(1.03878 -8.45365e-05 0)
(1.03877 -6.1623e-05 0)
(1.03875 -4.42388e-05 0)
(1.03874 -3.15743e-05 0)
(1.03874 -2.25307e-05 0)
(1.03873 -1.60303e-05 0)
(1.03873 -1.13478e-05 0)
(1.03873 -8.02574e-06 0)
(1.03873 -5.81589e-06 0)
(1.03872 -4.34143e-06 0)
(1.03872 -3.43353e-06 0)
(1.03872 -2.84603e-06 0)
(1.03872 -2.45732e-06 0)
(1.03872 -2.21922e-06 0)
(1.03872 -2.08365e-06 0)
(1.03872 -1.98586e-06 0)
(1.03872 -1.95128e-06 0)
(1.03872 -1.92873e-06 0)
(1.03872 -1.9165e-06 0)
(1.03872 -1.905e-06 0)
(1.03872 -1.89931e-06 0)
(1.03872 -1.86958e-06 0)
(1.03872 -1.83303e-06 0)
(1.03872 -1.81084e-06 0)
(1.03872 -1.78441e-06 0)
(1.03872 -1.77377e-06 0)
(1.03872 -1.75802e-06 0)
(1.03872 -1.72718e-06 0)
(1.03872 -1.71783e-06 0)
(1.03872 -1.72631e-06 0)
(1.03872 -1.73368e-06 0)
(1.03872 -1.73002e-06 0)
(1.03872 -1.74694e-06 0)
(1.03872 -1.77175e-06 0)
(1.03872 -1.78821e-06 0)
(1.03872 -1.7874e-06 0)
(1.03872 -1.77267e-06 0)
(1.03872 -1.75793e-06 0)
(1.03872 -1.74414e-06 0)
(1.03872 -1.72687e-06 0)
(1.03872 -1.71227e-06 0)
(1.03872 -1.71778e-06 0)
(1.03872 -1.72806e-06 0)
(1.03872 -1.75037e-06 0)
(1.03872 -1.7836e-06 0)
(1.03872 -1.82964e-06 0)
(1.03872 -1.85316e-06 0)
(1.03872 -1.85665e-06 0)
(1.03872 -1.85533e-06 0)
(1.03872 -1.85802e-06 0)
(1.03872 -1.8647e-06 0)
(1.03872 -1.86065e-06 0)
(1.03872 -1.84293e-06 0)
(1.03872 -1.82884e-06 0)
(1.03872 -1.81759e-06 0)
(1.03872 -1.81137e-06 0)
(1.03872 -1.79713e-06 0)
(1.03872 -1.79767e-06 0)
(1.03872 -1.79959e-06 0)
(1.03872 -1.80447e-06 0)
(1.03872 -1.78527e-06 0)
(1.03872 -1.76154e-06 0)
(1.03872 -1.75389e-06 0)
(1.03872 -1.77312e-06 0)
(1.03872 -1.81636e-06 0)
(1.03872 -1.88382e-06 0)
(1.03872 -1.98487e-06 0)
(1.03872 -2.1528e-06 0)
(1.03872 -2.40971e-06 0)
(1.03872 -2.80033e-06 0)
(1.03872 -3.39274e-06 0)
(1.03872 -4.28146e-06 0)
(1.03872 -5.59814e-06 0)
(1.03872 -7.41996e-06 0)
(1.03872 -9.98012e-06 0)
(1.03871 -1.34156e-05 0)
(1.03871 -1.85277e-05 0)
(1.0387 -2.50524e-05 0)
(1.03869 -3.82816e-05 0)
(1.03866 -6.10965e-05 0)
(1.03863 -0.000172782 0)
(1.03847 -0.000499329 0)
(1.03833 -0.00180391 0)
(1.037 -0.00365525 0)
(0.983077 -0.0875413 0)
(1.06618 -0.0325689 0)
(1.02959 -0.00720358 0)
(1.04348 -0.000559013 0)
(1.03761 0.000412345 0)
(1.04014 -0.000351519 0)
(1.039 -0.000484408 0)
(1.03928 -0.000586429 0)
(1.03894 -0.000504456 0)
(1.03888 -0.000440907 0)
(1.03872 -0.000360468 0)
(1.03863 -0.000294969 0)
(1.03854 -0.000234442 0)
(1.03847 -0.000184075 0)
(1.03841 -0.00014106 0)
(1.03837 -0.000106532 0)
(1.03833 -7.89414e-05 0)
(1.03831 -5.75257e-05 0)
(1.03829 -4.13169e-05 0)
(1.03828 -2.95052e-05 0)
(1.03827 -2.11012e-05 0)
(1.03826 -1.51057e-05 0)
(1.03826 -1.08031e-05 0)
(1.03825 -7.75188e-06 0)
(1.03825 -5.71899e-06 0)
(1.03825 -4.35663e-06 0)
(1.03825 -3.52421e-06 0)
(1.03825 -3.00654e-06 0)
(1.03825 -2.64954e-06 0)
(1.03825 -2.43097e-06 0)
(1.03825 -2.30813e-06 0)
(1.03825 -2.21923e-06 0)
(1.03825 -2.18929e-06 0)
(1.03825 -2.17013e-06 0)
(1.03825 -2.15771e-06 0)
(1.03825 -2.1457e-06 0)
(1.03825 -2.14275e-06 0)
(1.03825 -2.11984e-06 0)
(1.03825 -2.08647e-06 0)
(1.03825 -2.0633e-06 0)
(1.03825 -2.03679e-06 0)
(1.03825 -2.03065e-06 0)
(1.03825 -2.02327e-06 0)
(1.03825 -1.99588e-06 0)
(1.03825 -1.98395e-06 0)
(1.03825 -1.99095e-06 0)
(1.03825 -2.00204e-06 0)
(1.03825 -2.00045e-06 0)
(1.03825 -2.01302e-06 0)
(1.03825 -2.03413e-06 0)
(1.03825 -2.04995e-06 0)
(1.03825 -2.05075e-06 0)
(1.03825 -2.03579e-06 0)
(1.03825 -2.01873e-06 0)
(1.03825 -2.00568e-06 0)
(1.03825 -1.99119e-06 0)
(1.03825 -1.97742e-06 0)
(1.03825 -1.98313e-06 0)
(1.03825 -1.99513e-06 0)
(1.03825 -2.0152e-06 0)
(1.03825 -2.0425e-06 0)
(1.03825 -2.08314e-06 0)
(1.03825 -2.10558e-06 0)
(1.03825 -2.10757e-06 0)
(1.03825 -2.10465e-06 0)
(1.03825 -2.10544e-06 0)
(1.03825 -2.11325e-06 0)
(1.03825 -2.11141e-06 0)
(1.03825 -2.09317e-06 0)
(1.03825 -2.07723e-06 0)
(1.03825 -2.06761e-06 0)
(1.03825 -2.06663e-06 0)
(1.03825 -2.05677e-06 0)
(1.03825 -2.05559e-06 0)
(1.03825 -2.05578e-06 0)
(1.03825 -2.0627e-06 0)
(1.03825 -2.04926e-06 0)
(1.03825 -2.02788e-06 0)
(1.03825 -2.01831e-06 0)
(1.03825 -2.03266e-06 0)
(1.03825 -2.0724e-06 0)
(1.03825 -2.1357e-06 0)
(1.03825 -2.22567e-06 0)
(1.03825 -2.37464e-06 0)
(1.03825 -2.60936e-06 0)
(1.03825 -2.96966e-06 0)
(1.03825 -3.49728e-06 0)
(1.03825 -4.33348e-06 0)
(1.03824 -5.56526e-06 0)
(1.03824 -7.2652e-06 0)
(1.03824 -9.63137e-06 0)
(1.03824 -1.27546e-05 0)
(1.03823 -1.72537e-05 0)
(1.03822 -2.27019e-05 0)
(1.03821 -3.33018e-05 0)
(1.03818 -5.18119e-05 0)
(1.03814 -0.000149059 0)
(1.03793 -0.000449223 0)
(1.03774 -0.0016308 0)
(1.03586 -0.00331734 0)
(0.986403 -0.0981589 0)
(1.06831 -0.0322518 0)
(1.02896 -0.00660538 0)
(1.04243 -0.000577389 0)
(1.03677 0.000403317 0)
(1.03917 -0.000342067 0)
(1.03802 -0.000444139 0)
(1.0382 -0.000541602 0)
(1.0378 -0.000461847 0)
(1.03767 -0.000403305 0)
(1.03746 -0.000328241 0)
(1.03733 -0.000267879 0)
(1.03721 -0.000212041 0)
(1.03711 -0.000165805 0)
(1.03704 -0.000126603 0)
(1.03698 -9.5231e-05 0)
(1.03693 -7.01863e-05 0)
(1.0369 -5.07298e-05 0)
(1.03688 -3.59138e-05 0)
(1.03686 -2.49484e-05 0)
(1.03685 -1.72078e-05 0)
(1.03684 -1.19e-05 0)
(1.03683 -8.12358e-06 0)
(1.03683 -5.46618e-06 0)
(1.03683 -3.72273e-06 0)
(1.03683 -2.5797e-06 0)
(1.03682 -1.86565e-06 0)
(1.03682 -1.41597e-06 0)
(1.03682 -1.1016e-06 0)
(1.03682 -9.08065e-07 0)
(1.03682 -8.00449e-07 0)
(1.03682 -7.21179e-07 0)
(1.03682 -6.96031e-07 0)
(1.03682 -6.8115e-07 0)
(1.03682 -6.69499e-07 0)
(1.03682 -6.56399e-07 0)
(1.03682 -6.5419e-07 0)
(1.03682 -6.37429e-07 0)
(1.03682 -6.09709e-07 0)
(1.03682 -5.87713e-07 0)
(1.03682 -5.6156e-07 0)
(1.03682 -5.57767e-07 0)
(1.03682 -5.583e-07 0)
(1.03682 -5.36604e-07 0)
(1.03682 -5.23177e-07 0)
(1.03682 -5.27162e-07 0)
(1.03682 -5.39963e-07 0)
(1.03682 -5.40938e-07 0)
(1.03682 -5.50731e-07 0)
(1.03682 -5.67187e-07 0)
(1.03682 -5.80667e-07 0)
(1.03682 -5.82443e-07 0)
(1.03682 -5.69048e-07 0)
(1.03682 -5.5106e-07 0)
(1.03682 -5.39073e-07 0)
(1.03682 -5.27439e-07 0)
(1.03682 -5.14769e-07 0)
(1.03682 -5.19801e-07 0)
(1.03682 -5.32953e-07 0)
(1.03682 -5.51035e-07 0)
(1.03682 -5.71955e-07 0)
(1.03682 -6.05034e-07 0)
(1.03682 -6.25471e-07 0)
(1.03682 -6.27448e-07 0)
(1.03682 -6.23995e-07 0)
(1.03682 -6.22224e-07 0)
(1.03682 -6.2998e-07 0)
(1.03682 -6.30877e-07 0)
(1.03682 -6.14828e-07 0)
(1.03682 -5.97956e-07 0)
(1.03682 -5.88951e-07 0)
(1.03682 -5.91883e-07 0)
(1.03682 -5.87279e-07 0)
(1.03682 -5.85644e-07 0)
(1.03682 -5.83391e-07 0)
(1.03682 -5.90255e-07 0)
(1.03682 -5.81948e-07 0)
(1.03682 -5.64396e-07 0)
(1.03682 -5.54389e-07 0)
(1.03682 -5.63506e-07 0)
(1.03682 -5.97139e-07 0)
(1.03682 -6.54512e-07 0)
(1.03682 -7.32752e-07 0)
(1.03682 -8.59688e-07 0)
(1.03682 -1.06656e-06 0)
(1.03682 -1.38658e-06 0)
(1.03682 -1.85438e-06 0)
(1.03682 -2.57975e-06 0)
(1.03682 -3.62722e-06 0)
(1.03682 -5.10672e-06 0)
(1.03681 -7.17929e-06 0)
(1.03681 -9.89036e-06 0)
(1.0368 -1.36709e-05 0)
(1.03679 -1.79675e-05 0)
(1.03678 -2.60684e-05 0)
(1.03674 -4.03366e-05 0)
(1.0367 -0.000121106 0)
(1.03647 -0.00038669 0)
(1.03621 -0.00140316 0)
(1.03381 -0.00285082 0)
(0.988613 -0.109855 0)
(1.06805 -0.031018 0)
(1.02558 -0.00577039 0)
(1.03849 -0.000615583 0)
(1.03311 0.000346145 0)
(1.03536 -0.00035688 0)
(1.0342 -0.000426539 0)
(1.03428 -0.000517339 0)
(1.03381 -0.000442358 0)
(1.03361 -0.000390663 0)
(1.03335 -0.000322856 0)
(1.03318 -0.000268727 0)
(1.03302 -0.000217989 0)
(1.0329 -0.00017565 0)
(1.0328 -0.000141688 0)
(1.03273 -0.000114708 0)
(1.03268 -9.32512e-05 0)
(1.03264 -7.66539e-05 0)
(1.03261 -6.40611e-05 0)
(1.03259 -5.47378e-05 0)
(1.03257 -4.8174e-05 0)
(1.03257 -4.37211e-05 0)
(1.03256 -4.05743e-05 0)
(1.03255 -3.83748e-05 0)
(1.03255 -3.69501e-05 0)
(1.03255 -3.60324e-05 0)
(1.03255 -3.54697e-05 0)
(1.03255 -3.51001e-05 0)
(1.03255 -3.48398e-05 0)
(1.03255 -3.46767e-05 0)
(1.03255 -3.45871e-05 0)
(1.03255 -3.45182e-05 0)
(1.03255 -3.44977e-05 0)
(1.03255 -3.44876e-05 0)
(1.03255 -3.44782e-05 0)
(1.03255 -3.44643e-05 0)
(1.03255 -3.44612e-05 0)
(1.03255 -3.44493e-05 0)
(1.03255 -3.4429e-05 0)
(1.03255 -3.44103e-05 0)
(1.03255 -3.43855e-05 0)
(1.03255 -3.4382e-05 0)
(1.03255 -3.43887e-05 0)
(1.03255 -3.43738e-05 0)
(1.03255 -3.43602e-05 0)
(1.03255 -3.43607e-05 0)
(1.03255 -3.4373e-05 0)
(1.03255 -3.4376e-05 0)
(1.03255 -3.43845e-05 0)
(1.03255 -3.43963e-05 0)
(1.03255 -3.44067e-05 0)
(1.03255 -3.44087e-05 0)
(1.03255 -3.4398e-05 0)
(1.03255 -3.43803e-05 0)
(1.03255 -3.43696e-05 0)
(1.03255 -3.43608e-05 0)
(1.03255 -3.43495e-05 0)
(1.03255 -3.43529e-05 0)
(1.03255 -3.43664e-05 0)
(1.03255 -3.43829e-05 0)
(1.03255 -3.43976e-05 0)
(1.03255 -3.44214e-05 0)
(1.03255 -3.44387e-05 0)
(1.03255 -3.4442e-05 0)
(1.03255 -3.44392e-05 0)
(1.03255 -3.44345e-05 0)
(1.03255 -3.44407e-05 0)
(1.03255 -3.44447e-05 0)
(1.03255 -3.44335e-05 0)
(1.03255 -3.44171e-05 0)
(1.03255 -3.44079e-05 0)
(1.03255 -3.44134e-05 0)
(1.03255 -3.44147e-05 0)
(1.03255 -3.44141e-05 0)
(1.03255 -3.44091e-05 0)
(1.03255 -3.44139e-05 0)
(1.03255 -3.44099e-05 0)
(1.03255 -3.43972e-05 0)
(1.03255 -3.4388e-05 0)
(1.03255 -3.43922e-05 0)
(1.03255 -3.44174e-05 0)
(1.03255 -3.44664e-05 0)
(1.03255 -3.45323e-05 0)
(1.03255 -3.46338e-05 0)
(1.03255 -3.4805e-05 0)
(1.03255 -3.50736e-05 0)
(1.03254 -3.5468e-05 0)
(1.03254 -3.60475e-05 0)
(1.03254 -3.69006e-05 0)
(1.03254 -3.813e-05 0)
(1.03254 -3.98609e-05 0)
(1.03253 -4.21016e-05 0)
(1.03252 -4.51117e-05 0)
(1.03251 -4.82499e-05 0)
(1.03249 -5.36154e-05 0)
(1.03246 -6.31332e-05 0)
(1.03242 -0.000125083 0)
(1.03218 -0.000351665 0)
(1.03185 -0.00117219 0)
(1.02901 -0.00230047 0)
(0.985044 -0.123201 0)
(1.0596 -0.028699 0)
(1.01374 -0.00475147 0)
(1.02588 -0.000759657 0)
(1.0209 0.000137603 0)
(1.02298 -0.000492013 0)
(1.02182 -0.000527563 0)
(1.02178 -0.00060697 0)
(1.02125 -0.000541125 0)
(1.02098 -0.000499523 0)
(1.02068 -0.000443434 0)
(1.02046 -0.000399484 0)
(1.02027 -0.000358069 0)
(1.02013 -0.000323728 0)
(1.02002 -0.000296619 0)
(1.01993 -0.000275259 0)
(1.01987 -0.000258398 0)
(1.01982 -0.00024551 0)
(1.01979 -0.000235908 0)
(1.01977 -0.000228964 0)
(1.01975 -0.000224055 0)
(1.01974 -0.000220606 0)
(1.01973 -0.000218178 0)
(1.01973 -0.000216484 0)
(1.01973 -0.000215391 0)
(1.01972 -0.000214685 0)
(1.01972 -0.000214256 0)
(1.01972 -0.000213977 0)
(1.01972 -0.000213778 0)
(1.01972 -0.00021365 0)
(1.01972 -0.00021358 0)
(1.01972 -0.000213522 0)
(1.01972 -0.000213507 0)
(1.01972 -0.000213501 0)
(1.01972 -0.000213495 0)
(1.01972 -0.000213482 0)
(1.01972 -0.000213478 0)
(1.01972 -0.00021347 0)
(1.01972 -0.000213456 0)
(1.01972 -0.000213444 0)
(1.01972 -0.000213422 0)
(1.01972 -0.000213417 0)
(1.01972 -0.000213428 0)
(1.01972 -0.000213419 0)
(1.01972 -0.000213408 0)
(1.01972 -0.000213405 0)
(1.01972 -0.000213416 0)
(1.01972 -0.000213419 0)
(1.01972 -0.000213427 0)
(1.01972 -0.000213435 0)
(1.01972 -0.000213442 0)
(1.01972 -0.000213444 0)
(1.01972 -0.000213437 0)
(1.01972 -0.00021342 0)
(1.01972 -0.000213411 0)
(1.01972 -0.000213405 0)
(1.01972 -0.000213395 0)
(1.01972 -0.000213397 0)
(1.01972 -0.000213409 0)
(1.01972 -0.000213424 0)
(1.01972 -0.000213433 0)
(1.01972 -0.000213448 0)
(1.01972 -0.00021346 0)
(1.01972 -0.000213465 0)
(1.01972 -0.000213463 0)
(1.01972 -0.000213457 0)
(1.01972 -0.000213461 0)
(1.01972 -0.000213467 0)
(1.01972 -0.000213461 0)
(1.01972 -0.000213448 0)
(1.01972 -0.000213439 0)
(1.01972 -0.000213445 0)
(1.01972 -0.000213451 0)
(1.01972 -0.000213453 0)
(1.01972 -0.000213446 0)
(1.01972 -0.000213448 0)
(1.01972 -0.000213446 0)
(1.01972 -0.000213438 0)
(1.01972 -0.000213431 0)
(1.01972 -0.000213432 0)
(1.01972 -0.000213447 0)
(1.01972 -0.000213485 0)
(1.01972 -0.000213537 0)
(1.01972 -0.000213612 0)
(1.01972 -0.000213741 0)
(1.01972 -0.000213948 0)
(1.01972 -0.000214255 0)
(1.01972 -0.000214707 0)
(1.01971 -0.000215371 0)
(1.01971 -0.000216331 0)
(1.01971 -0.000217681 0)
(1.0197 -0.000219401 0)
(1.01969 -0.000221616 0)
(1.01968 -0.000223666 0)
(1.01966 -0.000226334 0)
(1.01963 -0.000231087 0)
(1.0196 -0.00027269 0)
(1.01935 -0.000446058 0)
(1.01899 -0.00105291 0)
(1.01588 -0.00177206 0)
(0.960423 -0.135842 0)
(1.02546 -0.0244568 0)
(0.976315 -0.00338552 0)
(0.987367 -0.000867833 0)
(0.982981 -0.000136602 0)
(0.984829 -0.000642965 0)
(0.983697 -0.000646572 0)
(0.983549 -0.000707932 0)
(0.982973 -0.000656307 0)
(0.982648 -0.000627343 0)
(0.982307 -0.000586828 0)
(0.982059 -0.00055609 0)
(0.981849 -0.000527104 0)
(0.981688 -0.000503798 0)
(0.981563 -0.00048488 0)
(0.98147 -0.000470067 0)
(0.9814 -0.000458428 0)
(0.98135 -0.00044959 0)
(0.981315 -0.000443069 0)
(0.98129 -0.000438388 0)
(0.981273 -0.000435078 0)
(0.981262 -0.00043275 0)
(0.981254 -0.000431122 0)
(0.981249 -0.000429988 0)
(0.981246 -0.000429263 0)
(0.981244 -0.00042879 0)
(0.981243 -0.000428504 0)
(0.981242 -0.000428321 0)
(0.981241 -0.000428188 0)
(0.981241 -0.000428098 0)
(0.981241 -0.000428051 0)
(0.981241 -0.000428007 0)
(0.98124 -0.000427997 0)
(0.98124 -0.000427996 0)
(0.98124 -0.000427994 0)
(0.98124 -0.000427985 0)
(0.98124 -0.000427982 0)
(0.98124 -0.000427975 0)
(0.98124 -0.000427965 0)
(0.98124 -0.000427957 0)
(0.98124 -0.000427942 0)
(0.98124 -0.000427935 0)
(0.98124 -0.000427947 0)
(0.98124 -0.000427946 0)
(0.98124 -0.000427936 0)
(0.98124 -0.000427934 0)
(0.98124 -0.000427942 0)
(0.98124 -0.000427944 0)
(0.98124 -0.000427951 0)
(0.98124 -0.000427957 0)
(0.98124 -0.00042796 0)
(0.98124 -0.00042796 0)
(0.98124 -0.000427957 0)
(0.98124 -0.000427942 0)
(0.98124 -0.000427934 0)
(0.98124 -0.00042793 0)
(0.98124 -0.000427925 0)
(0.98124 -0.000427926 0)
(0.98124 -0.000427936 0)
(0.98124 -0.000427947 0)
(0.98124 -0.000427952 0)
(0.98124 -0.000427958 0)
(0.98124 -0.000427964 0)
(0.98124 -0.000427968 0)
(0.98124 -0.000427968 0)
(0.98124 -0.000427962 0)
(0.98124 -0.000427965 0)
(0.98124 -0.000427971 0)
(0.98124 -0.000427971 0)
(0.98124 -0.000427963 0)
(0.98124 -0.000427957 0)
(0.98124 -0.000427962 0)
(0.98124 -0.00042797 0)
(0.98124 -0.000427972 0)
(0.98124 -0.000427966 0)
(0.98124 -0.000427965 0)
(0.98124 -0.000427965 0)
(0.98124 -0.00042796 0)
(0.98124 -0.000427955 0)
(0.98124 -0.000427954 0)
(0.98124 -0.000427961 0)
(0.98124 -0.000427984 0)
(0.98124 -0.00042802 0)
(0.981239 -0.000428068 0)
(0.981239 -0.000428153 0)
(0.981239 -0.000428289 0)
(0.981238 -0.000428496 0)
(0.981236 -0.000428805 0)
(0.981234 -0.000429256 0)
(0.981231 -0.000429905 0)
(0.981226 -0.000430819 0)
(0.98122 -0.000431966 0)
(0.98121 -0.000433375 0)
(0.981197 -0.00043449 0)
(0.981183 -0.000435333 0)
(0.981156 -0.000436726 0)
(0.981134 -0.000459585 0)
(0.980909 -0.000570427 0)
(0.980539 -0.000945404 0)
(0.977588 -0.00117999 0)
(0.865011 -0.128421 0)
(0.911694 -0.0160119 0)
(0.86196 -0.00100843 0)
(0.871302 4.8794e-05 0)
(0.867832 0.000485605 0)
(0.869358 0.000171646 0)
(0.868336 0.000184492 0)
(0.868109 0.000148469 0)
(0.867542 0.000180179 0)
(0.867198 0.000195869 0)
(0.866857 0.00021873 0)
(0.866605 0.000235529 0)
(0.866395 0.000251542 0)
(0.866236 0.000264169 0)
(0.866112 0.000274231 0)
(0.866021 0.000282025 0)
(0.865953 0.000288121 0)
(0.865905 0.000292728 0)
(0.865871 0.000296103 0)
(0.865848 0.000298526 0)
(0.865832 0.000300241 0)
(0.865821 0.000301432 0)
(0.865813 0.000302254 0)
(0.865809 0.000302831 0)
(0.865806 0.000303193 0)
(0.865804 0.000303429 0)
(0.865803 0.000303569 0)
(0.865802 0.000303651 0)
(0.865801 0.000303715 0)
(0.865801 0.000303765 0)
(0.865801 0.000303791 0)
(0.865801 0.00030382 0)
(0.8658 0.000303825 0)
(0.8658 0.000303822 0)
(0.8658 0.000303822 0)
(0.8658 0.000303826 0)
(0.8658 0.000303824 0)
(0.8658 0.000303827 0)
(0.8658 0.000303835 0)
(0.8658 0.000303839 0)
(0.8658 0.000303847 0)
(0.8658 0.000303854 0)
(0.8658 0.000303844 0)
(0.8658 0.000303842 0)
(0.8658 0.00030385 0)
(0.8658 0.000303854 0)
(0.8658 0.00030385 0)
(0.8658 0.00030385 0)
(0.8658 0.000303844 0)
(0.8658 0.000303839 0)
(0.8658 0.000303837 0)
(0.8658 0.000303837 0)
(0.8658 0.000303836 0)
(0.8658 0.000303847 0)
(0.8658 0.000303854 0)
(0.8658 0.000303857 0)
(0.8658 0.000303861 0)
(0.8658 0.00030386 0)
(0.8658 0.000303851 0)
(0.8658 0.000303845 0)
(0.8658 0.000303844 0)
(0.8658 0.000303843 0)
(0.8658 0.000303839 0)
(0.8658 0.000303836 0)
(0.8658 0.000303837 0)
(0.8658 0.000303843 0)
(0.8658 0.000303841 0)
(0.8658 0.000303835 0)
(0.8658 0.000303832 0)
(0.8658 0.000303837 0)
(0.8658 0.000303839 0)
(0.8658 0.000303833 0)
(0.8658 0.000303825 0)
(0.8658 0.000303823 0)
(0.8658 0.000303828 0)
(0.8658 0.00030383 0)
(0.8658 0.000303828 0)
(0.8658 0.000303832 0)
(0.8658 0.000303837 0)
(0.8658 0.000303838 0)
(0.8658 0.000303836 0)
(0.8658 0.000303827 0)
(0.8658 0.000303808 0)
(0.8658 0.000303786 0)
(0.865799 0.000303745 0)
(0.865799 0.000303677 0)
(0.865798 0.000303572 0)
(0.865797 0.00030341 0)
(0.865795 0.000303178 0)
(0.865792 0.000302847 0)
(0.865787 0.000302376 0)
(0.865781 0.000301797 0)
(0.865772 0.000301125 0)
(0.86576 0.000300712 0)
(0.865747 0.000300829 0)
(0.865728 0.000301255 0)
(0.865721 0.000292899 0)
(0.865547 0.00023881 0)
(0.865251 7.22215e-05 0)
(0.86318 0.000218103 0)
(0.537579 -0.0563866 0)
(0.552259 -0.00359601 0)
(0.517065 0.00175873 0)
(0.52285 0.00199563 0)
(0.520978 0.00212536 0)
(0.521865 0.00203301 0)
(0.521213 0.00204075 0)
(0.521021 0.00203147 0)
(0.520641 0.00204148 0)
(0.520402 0.00204611 0)
(0.520173 0.00205264 0)
(0.520004 0.00205723 0)
(0.519865 0.00206149 0)
(0.51976 0.00206474 0)
(0.519679 0.00206743 0)
(0.51962 0.0020695 0)
(0.519576 0.00207109 0)
(0.519546 0.00207227 0)
(0.519524 0.00207314 0)
(0.51951 0.00207376 0)
(0.519499 0.0020742 0)
(0.519493 0.00207451 0)
(0.519488 0.00207471 0)
(0.519485 0.00207485 0)
(0.519484 0.00207493 0)
(0.519482 0.00207499 0)
(0.519482 0.00207502 0)
(0.519481 0.00207504 0)
(0.519481 0.00207506 0)
(0.519481 0.00207507 0)
(0.519481 0.00207508 0)
(0.51948 0.00207509 0)
(0.51948 0.00207509 0)
(0.51948 0.00207508 0)
(0.51948 0.00207508 0)
(0.51948 0.00207508 0)
(0.51948 0.00207508 0)
(0.51948 0.00207508 0)
(0.51948 0.00207509 0)
(0.51948 0.00207509 0)
(0.51948 0.00207509 0)
(0.51948 0.00207509 0)
(0.51948 0.00207509 0)
(0.51948 0.00207509 0)
(0.51948 0.00207509 0)
(0.51948 0.00207509 0)
(0.51948 0.00207509 0)
(0.51948 0.00207509 0)
(0.51948 0.00207509 0)
(0.51948 0.00207509 0)
(0.51948 0.00207509 0)
(0.51948 0.00207509 0)
(0.51948 0.00207509 0)
(0.51948 0.00207509 0)
(0.51948 0.00207509 0)
(0.51948 0.00207509 0)
(0.51948 0.00207509 0)
(0.51948 0.00207509 0)
(0.51948 0.00207509 0)
(0.51948 0.00207509 0)
(0.51948 0.00207509 0)
(0.51948 0.00207509 0)
(0.51948 0.00207509 0)
(0.51948 0.00207509 0)
(0.51948 0.00207509 0)
(0.51948 0.00207509 0)
(0.51948 0.00207509 0)
(0.51948 0.00207509 0)
(0.51948 0.00207509 0)
(0.51948 0.00207509 0)
(0.51948 0.00207509 0)
(0.51948 0.00207509 0)
(0.51948 0.00207508 0)
(0.51948 0.00207508 0)
(0.51948 0.00207508 0)
(0.51948 0.00207508 0)
(0.51948 0.00207508 0)
(0.51948 0.00207508 0)
(0.51948 0.00207509 0)
(0.51948 0.00207509 0)
(0.51948 0.00207509 0)
(0.51948 0.00207508 0)
(0.51948 0.00207508 0)
(0.51948 0.00207507 0)
(0.51948 0.00207506 0)
(0.519479 0.00207504 0)
(0.519479 0.00207501 0)
(0.519478 0.00207497 0)
(0.519477 0.0020749 0)
(0.519475 0.00207481 0)
(0.519472 0.00207468 0)
(0.519468 0.00207453 0)
(0.519462 0.00207438 0)
(0.519454 0.00207434 0)
(0.519447 0.0020746 0)
(0.51944 0.0020752 0)
(0.519445 0.00207423 0)
(0.519362 0.00206095 0)
(0.519228 0.00202081 0)
(0.518635 0.00215125 0)
)
;

boundaryField
{
    inlet
    {
        type            fixedValue;
        value           uniform (1 0 0);
    }
    outlet
    {
        type            zeroGradient;
    }
    lowerWall
    {
        type            noSlip;
    }
    upperWall
    {
        type            noSlip;
    }
    frontAndBack
    {
        type            empty;
    }
}


// ************************************************************************* //
