/*--------------------------------*- C++ -*----------------------------------*\
| =========                 |                                                 |
| \\      /  F ield         | OpenFOAM: The Open Source CFD Toolbox           |
|  \\    /   O peration     | Version:  5.x                                   |
|   \\  /    A nd           | Web:      www.OpenFOAM.org                      |
|    \\/     M anipulation  |                                                 |
\*---------------------------------------------------------------------------*/
FoamFile
{
    version     2.0;
    format      ascii;
    class       volScalarField;
    location    "0.5";
    object      Ux;
}
// * * * * * * * * * * * * * * * * * * * * * * * * * * * * * * * * * * * * * //

dimensions      [0 1 -1 0 0 0 0];

internalField   nonuniform List<scalar> 
4000
(
0.537579
0.552259
0.517064
0.52285
0.520977
0.521864
0.521212
0.521021
0.520641
0.520402
0.520173
0.520004
0.519864
0.519759
0.519679
0.51962
0.519576
0.519546
0.519524
0.519509
0.519499
0.519493
0.519488
0.519485
0.519483
0.519482
0.519481
0.519481
0.51948
0.51948
0.51948
0.51948
0.51948
0.51948
0.51948
0.51948
0.51948
0.51948
0.51948
0.51948
0.51948
0.51948
0.51948
0.51948
0.51948
0.51948
0.51948
0.51948
0.51948
0.51948
0.51948
0.51948
0.51948
0.51948
0.51948
0.51948
0.51948
0.51948
0.51948
0.51948
0.51948
0.51948
0.51948
0.51948
0.51948
0.51948
0.51948
0.51948
0.51948
0.51948
0.51948
0.51948
0.51948
0.51948
0.51948
0.51948
0.51948
0.51948
0.51948
0.51948
0.51948
0.51948
0.519479
0.519479
0.519479
0.519479
0.519478
0.519478
0.519476
0.519475
0.519472
0.519467
0.519462
0.519454
0.519447
0.519439
0.519445
0.519362
0.519228
0.518635
0.865011
0.911694
0.86196
0.871301
0.867832
0.869358
0.868335
0.868109
0.867542
0.867198
0.866856
0.866605
0.866395
0.866235
0.866112
0.86602
0.865953
0.865905
0.865871
0.865847
0.865831
0.86582
0.865813
0.865809
0.865805
0.865803
0.865802
0.865801
0.865801
0.8658
0.8658
0.8658
0.8658
0.8658
0.8658
0.8658
0.8658
0.8658
0.8658
0.8658
0.8658
0.8658
0.8658
0.8658
0.8658
0.8658
0.8658
0.8658
0.8658
0.8658
0.8658
0.8658
0.865799
0.865799
0.865799
0.865799
0.865799
0.865799
0.865799
0.865799
0.865799
0.865799
0.865799
0.865799
0.865799
0.865799
0.865799
0.8658
0.8658
0.8658
0.8658
0.8658
0.8658
0.8658
0.8658
0.865799
0.865799
0.865799
0.865799
0.865799
0.865799
0.865799
0.865799
0.865799
0.865799
0.865798
0.865797
0.865796
0.865794
0.865791
0.865787
0.86578
0.865771
0.865759
0.865747
0.865728
0.865721
0.865547
0.865251
0.86318
0.960422
1.02546
0.976315
0.987366
0.982981
0.984829
0.983697
0.983548
0.982972
0.982648
0.982307
0.982059
0.981848
0.981688
0.981563
0.981469
0.9814
0.98135
0.981315
0.98129
0.981273
0.981262
0.981254
0.981249
0.981246
0.981244
0.981242
0.981241
0.981241
0.98124
0.98124
0.98124
0.98124
0.98124
0.98124
0.98124
0.98124
0.98124
0.98124
0.98124
0.98124
0.98124
0.98124
0.98124
0.98124
0.98124
0.98124
0.98124
0.98124
0.98124
0.981239
0.981239
0.981239
0.981239
0.981239
0.981239
0.981239
0.981239
0.981239
0.981239
0.981239
0.981239
0.981239
0.981239
0.981239
0.981239
0.981239
0.981239
0.981239
0.981239
0.981239
0.981239
0.981239
0.981239
0.981239
0.981239
0.981239
0.981239
0.981239
0.981239
0.981239
0.981239
0.981239
0.981239
0.981239
0.981238
0.981237
0.981236
0.981234
0.981231
0.981226
0.981219
0.98121
0.981197
0.981182
0.981155
0.981134
0.980909
0.980539
0.977587
0.985044
1.0596
1.01374
1.02588
1.0209
1.02298
1.02182
1.02178
1.02125
1.02098
1.02068
1.02046
1.02027
1.02013
1.02002
1.01993
1.01987
1.01982
1.01979
1.01977
1.01975
1.01974
1.01973
1.01973
1.01973
1.01972
1.01972
1.01972
1.01972
1.01972
1.01972
1.01972
1.01972
1.01972
1.01972
1.01972
1.01972
1.01972
1.01972
1.01972
1.01972
1.01972
1.01972
1.01972
1.01972
1.01972
1.01972
1.01972
1.01972
1.01972
1.01972
1.01972
1.01972
1.01972
1.01972
1.01972
1.01972
1.01972
1.01972
1.01972
1.01972
1.01972
1.01972
1.01972
1.01972
1.01972
1.01972
1.01972
1.01972
1.01972
1.01972
1.01972
1.01972
1.01972
1.01972
1.01972
1.01972
1.01972
1.01972
1.01972
1.01972
1.01972
1.01972
1.01972
1.01972
1.01972
1.01972
1.01972
1.01971
1.01971
1.01971
1.0197
1.01969
1.01968
1.01966
1.01963
1.0196
1.01935
1.01899
1.01588
0.988613
1.06805
1.02558
1.03849
1.03311
1.03536
1.0342
1.03428
1.03381
1.03361
1.03335
1.03318
1.03302
1.0329
1.0328
1.03273
1.03268
1.03264
1.03261
1.03259
1.03257
1.03256
1.03256
1.03255
1.03255
1.03255
1.03255
1.03255
1.03255
1.03255
1.03255
1.03255
1.03255
1.03255
1.03255
1.03255
1.03255
1.03255
1.03255
1.03255
1.03255
1.03255
1.03255
1.03255
1.03255
1.03255
1.03255
1.03255
1.03255
1.03255
1.03255
1.03255
1.03255
1.03255
1.03255
1.03255
1.03255
1.03255
1.03255
1.03255
1.03255
1.03255
1.03255
1.03255
1.03255
1.03255
1.03255
1.03255
1.03255
1.03255
1.03255
1.03255
1.03255
1.03255
1.03255
1.03255
1.03255
1.03255
1.03255
1.03255
1.03255
1.03255
1.03255
1.03255
1.03255
1.03254
1.03254
1.03254
1.03254
1.03254
1.03254
1.03253
1.03252
1.03251
1.03249
1.03246
1.03242
1.03218
1.03185
1.02901
0.986403
1.06831
1.02896
1.04243
1.03677
1.03917
1.03802
1.0382
1.0378
1.03767
1.03746
1.03733
1.03721
1.03711
1.03703
1.03698
1.03693
1.0369
1.03687
1.03686
1.03685
1.03684
1.03683
1.03683
1.03683
1.03682
1.03682
1.03682
1.03682
1.03682
1.03682
1.03682
1.03682
1.03682
1.03682
1.03682
1.03682
1.03682
1.03682
1.03682
1.03682
1.03682
1.03682
1.03682
1.03682
1.03682
1.03682
1.03682
1.03682
1.03682
1.03682
1.03682
1.03682
1.03682
1.03682
1.03682
1.03682
1.03682
1.03682
1.03682
1.03682
1.03682
1.03682
1.03682
1.03682
1.03682
1.03682
1.03682
1.03682
1.03682
1.03682
1.03682
1.03682
1.03682
1.03682
1.03682
1.03682
1.03682
1.03682
1.03682
1.03682
1.03682
1.03682
1.03682
1.03682
1.03682
1.03682
1.03682
1.03682
1.03682
1.03681
1.03681
1.0368
1.03679
1.03678
1.03674
1.0367
1.03647
1.03621
1.03381
0.983077
1.06618
1.02959
1.04349
1.03761
1.04014
1.039
1.03928
1.03894
1.03888
1.03872
1.03863
1.03854
1.03847
1.03841
1.03837
1.03833
1.03831
1.03829
1.03828
1.03827
1.03826
1.03826
1.03825
1.03825
1.03825
1.03825
1.03825
1.03825
1.03825
1.03825
1.03825
1.03825
1.03825
1.03825
1.03825
1.03825
1.03825
1.03825
1.03825
1.03825
1.03825
1.03825
1.03825
1.03825
1.03825
1.03825
1.03825
1.03825
1.03825
1.03825
1.03825
1.03825
1.03825
1.03825
1.03825
1.03825
1.03825
1.03825
1.03825
1.03825
1.03825
1.03825
1.03825
1.03825
1.03825
1.03825
1.03825
1.03825
1.03825
1.03825
1.03825
1.03825
1.03825
1.03825
1.03825
1.03825
1.03825
1.03825
1.03825
1.03825
1.03825
1.03825
1.03825
1.03825
1.03825
1.03825
1.03824
1.03824
1.03824
1.03824
1.03824
1.03823
1.03822
1.03821
1.03818
1.03814
1.03793
1.03774
1.03586
0.979966
1.06355
1.02936
1.04358
1.03755
1.04017
1.03905
1.03942
1.03914
1.03914
1.03903
1.03898
1.03892
1.03888
1.03884
1.03881
1.03878
1.03877
1.03875
1.03874
1.03874
1.03873
1.03873
1.03873
1.03873
1.03872
1.03872
1.03872
1.03872
1.03872
1.03872
1.03872
1.03872
1.03872
1.03872
1.03872
1.03872
1.03872
1.03872
1.03872
1.03872
1.03872
1.03872
1.03872
1.03872
1.03872
1.03872
1.03872
1.03872
1.03872
1.03872
1.03872
1.03872
1.03872
1.03872
1.03872
1.03872
1.03872
1.03872
1.03872
1.03872
1.03872
1.03872
1.03872
1.03872
1.03872
1.03872
1.03872
1.03872
1.03872
1.03872
1.03872
1.03872
1.03872
1.03872
1.03872
1.03872
1.03872
1.03872
1.03872
1.03872
1.03872
1.03872
1.03872
1.03872
1.03872
1.03872
1.03872
1.03872
1.03872
1.03872
1.03871
1.03871
1.0387
1.03869
1.03866
1.03863
1.03847
1.03833
1.037
0.977357
1.06102
1.02892
1.04336
1.03723
1.03992
1.0388
1.03927
1.03904
1.0391
1.03903
1.03902
1.03899
1.03897
1.03895
1.03893
1.03892
1.03891
1.0389
1.03889
1.03889
1.03889
1.03889
1.03888
1.03888
1.03888
1.03888
1.03888
1.03888
1.03888
1.03888
1.03888
1.03888
1.03888
1.03888
1.03888
1.03888
1.03888
1.03888
1.03888
1.03888
1.03888
1.03888
1.03888
1.03888
1.03888
1.03888
1.03888
1.03888
1.03888
1.03888
1.03888
1.03888
1.03888
1.03888
1.03888
1.03888
1.03888
1.03888
1.03888
1.03888
1.03888
1.03888
1.03888
1.03888
1.03888
1.03888
1.03888
1.03888
1.03888
1.03888
1.03888
1.03888
1.03888
1.03888
1.03888
1.03888
1.03888
1.03888
1.03888
1.03888
1.03888
1.03888
1.03888
1.03888
1.03888
1.03888
1.03888
1.03888
1.03888
1.03888
1.03888
1.03887
1.03887
1.03886
1.03884
1.03881
1.03869
1.03862
1.03784
0.975241
1.05874
1.02845
1.04306
1.03684
1.03958
1.03849
1.03902
1.03884
1.03895
1.03893
1.03895
1.03895
1.03895
1.03895
1.03895
1.03895
1.03894
1.03894
1.03894
1.03894
1.03894
1.03894
1.03894
1.03893
1.03893
1.03893
1.03893
1.03893
1.03893
1.03893
1.03893
1.03893
1.03893
1.03893
1.03893
1.03893
1.03893
1.03893
1.03893
1.03893
1.03893
1.03893
1.03893
1.03893
1.03893
1.03893
1.03893
1.03893
1.03893
1.03893
1.03893
1.03893
1.03893
1.03893
1.03893
1.03893
1.03893
1.03893
1.03893
1.03893
1.03893
1.03893
1.03893
1.03893
1.03893
1.03893
1.03893
1.03893
1.03893
1.03893
1.03893
1.03893
1.03893
1.03893
1.03893
1.03893
1.03893
1.03893
1.03893
1.03893
1.03893
1.03893
1.03893
1.03893
1.03893
1.03893
1.03893
1.03893
1.03893
1.03893
1.03893
1.03893
1.03893
1.03892
1.03891
1.03888
1.03882
1.03882
1.03856
0.973539
1.05675
1.02802
1.04276
1.03647
1.03924
1.03816
1.03876
1.03862
1.03879
1.0388
1.03886
1.03888
1.0389
1.03892
1.03893
1.03894
1.03894
1.03895
1.03895
1.03895
1.03895
1.03895
1.03895
1.03895
1.03895
1.03895
1.03895
1.03895
1.03895
1.03895
1.03895
1.03895
1.03895
1.03895
1.03895
1.03895
1.03895
1.03895
1.03895
1.03895
1.03895
1.03895
1.03895
1.03895
1.03895
1.03895
1.03895
1.03895
1.03895
1.03895
1.03895
1.03895
1.03895
1.03895
1.03895
1.03895
1.03895
1.03895
1.03895
1.03895
1.03895
1.03895
1.03895
1.03895
1.03895
1.03895
1.03895
1.03895
1.03895
1.03895
1.03895
1.03895
1.03895
1.03895
1.03895
1.03895
1.03895
1.03895
1.03895
1.03895
1.03895
1.03895
1.03895
1.03895
1.03895
1.03895
1.03895
1.03895
1.03895
1.03895
1.03895
1.03895
1.03895
1.03895
1.03894
1.03893
1.03892
1.03898
1.03921
0.972173
1.05502
1.02765
1.04248
1.03614
1.03893
1.03785
1.03851
1.03842
1.03862
1.03867
1.03876
1.0388
1.03885
1.03888
1.0389
1.03892
1.03893
1.03894
1.03895
1.03895
1.03895
1.03896
1.03896
1.03896
1.03896
1.03896
1.03896
1.03896
1.03896
1.03896
1.03896
1.03896
1.03896
1.03896
1.03896
1.03896
1.03896
1.03896
1.03896
1.03896
1.03896
1.03896
1.03896
1.03896
1.03896
1.03896
1.03896
1.03896
1.03896
1.03896
1.03896
1.03896
1.03896
1.03896
1.03896
1.03896
1.03896
1.03896
1.03896
1.03896
1.03896
1.03896
1.03896
1.03896
1.03896
1.03896
1.03896
1.03896
1.03896
1.03896
1.03896
1.03896
1.03896
1.03896
1.03896
1.03896
1.03896
1.03896
1.03896
1.03896
1.03896
1.03896
1.03896
1.03896
1.03896
1.03896
1.03896
1.03896
1.03896
1.03896
1.03896
1.03896
1.03897
1.03896
1.03897
1.03896
1.03901
1.03912
1.03982
0.971078
1.05354
1.02732
1.04222
1.03584
1.03864
1.03758
1.03828
1.03822
1.03847
1.03854
1.03866
1.03873
1.0388
1.03884
1.03888
1.0389
1.03892
1.03893
1.03894
1.03895
1.03895
1.03895
1.03896
1.03896
1.03896
1.03896
1.03896
1.03896
1.03896
1.03896
1.03896
1.03896
1.03896
1.03896
1.03896
1.03896
1.03896
1.03896
1.03896
1.03896
1.03896
1.03896
1.03896
1.03896
1.03896
1.03896
1.03896
1.03896
1.03896
1.03896
1.03896
1.03896
1.03896
1.03896
1.03896
1.03896
1.03896
1.03896
1.03896
1.03896
1.03896
1.03896
1.03896
1.03896
1.03896
1.03896
1.03896
1.03896
1.03896
1.03896
1.03896
1.03896
1.03896
1.03896
1.03896
1.03896
1.03896
1.03896
1.03896
1.03896
1.03896
1.03896
1.03896
1.03896
1.03896
1.03896
1.03896
1.03896
1.03896
1.03896
1.03897
1.03897
1.03897
1.03898
1.03899
1.03899
1.0391
1.03926
1.04038
0.970201
1.05229
1.02705
1.042
1.03559
1.03838
1.03733
1.03808
1.03805
1.03833
1.03843
1.03857
1.03866
1.03874
1.0388
1.03885
1.03888
1.03891
1.03892
1.03894
1.03894
1.03895
1.03895
1.03896
1.03896
1.03896
1.03896
1.03896
1.03896
1.03896
1.03896
1.03896
1.03896
1.03896
1.03896
1.03896
1.03896
1.03896
1.03896
1.03896
1.03896
1.03896
1.03896
1.03896
1.03896
1.03896
1.03896
1.03896
1.03896
1.03896
1.03896
1.03896
1.03896
1.03896
1.03896
1.03896
1.03896
1.03896
1.03896
1.03896
1.03896
1.03896
1.03896
1.03896
1.03896
1.03896
1.03896
1.03896
1.03896
1.03896
1.03896
1.03896
1.03896
1.03896
1.03896
1.03896
1.03896
1.03896
1.03896
1.03896
1.03896
1.03896
1.03896
1.03896
1.03896
1.03896
1.03896
1.03896
1.03896
1.03896
1.03897
1.03897
1.03897
1.03898
1.03899
1.03901
1.03902
1.03918
1.03938
1.04088
0.969506
1.05125
1.02683
1.04182
1.03538
1.03817
1.03712
1.0379
1.0379
1.03821
1.03834
1.0385
1.0386
1.0387
1.03877
1.03882
1.03886
1.03889
1.03891
1.03893
1.03894
1.03895
1.03895
1.03896
1.03896
1.03896
1.03896
1.03896
1.03896
1.03896
1.03896
1.03896
1.03896
1.03896
1.03896
1.03896
1.03896
1.03896
1.03896
1.03896
1.03896
1.03896
1.03896
1.03896
1.03896
1.03896
1.03896
1.03896
1.03896
1.03896
1.03896
1.03896
1.03896
1.03896
1.03896
1.03896
1.03896
1.03896
1.03896
1.03896
1.03896
1.03896
1.03896
1.03896
1.03896
1.03896
1.03896
1.03896
1.03896
1.03896
1.03896
1.03896
1.03896
1.03896
1.03896
1.03896
1.03896
1.03896
1.03896
1.03896
1.03896
1.03896
1.03896
1.03896
1.03896
1.03896
1.03896
1.03896
1.03896
1.03897
1.03897
1.03897
1.03898
1.03899
1.039
1.03903
1.03905
1.03925
1.03949
1.04131
0.968962
1.05041
1.02664
1.04166
1.0352
1.03798
1.03694
1.03775
1.03777
1.0381
1.03825
1.03843
1.03855
1.03866
1.03874
1.0388
1.03885
1.03888
1.03891
1.03892
1.03894
1.03895
1.03895
1.03895
1.03896
1.03896
1.03896
1.03896
1.03896
1.03896
1.03896
1.03896
1.03896
1.03896
1.03896
1.03896
1.03896
1.03896
1.03896
1.03896
1.03896
1.03896
1.03896
1.03896
1.03896
1.03896
1.03896
1.03896
1.03896
1.03896
1.03896
1.03896
1.03896
1.03896
1.03896
1.03896
1.03896
1.03896
1.03896
1.03896
1.03896
1.03896
1.03896
1.03896
1.03896
1.03896
1.03896
1.03896
1.03896
1.03896
1.03896
1.03896
1.03896
1.03896
1.03896
1.03896
1.03896
1.03896
1.03896
1.03896
1.03896
1.03896
1.03896
1.03896
1.03896
1.03896
1.03896
1.03896
1.03897
1.03897
1.03897
1.03898
1.03898
1.03899
1.039
1.03904
1.03907
1.03931
1.03959
1.04169
0.968549
1.04975
1.0265
1.04154
1.03506
1.03784
1.0368
1.03763
1.03767
1.03802
1.03819
1.03838
1.03851
1.03863
1.03872
1.03879
1.03884
1.03887
1.0389
1.03892
1.03893
1.03894
1.03895
1.03895
1.03896
1.03896
1.03896
1.03896
1.03896
1.03896
1.03896
1.03896
1.03896
1.03896
1.03896
1.03896
1.03896
1.03896
1.03896
1.03896
1.03896
1.03896
1.03896
1.03896
1.03896
1.03896
1.03896
1.03896
1.03896
1.03896
1.03896
1.03896
1.03896
1.03896
1.03896
1.03896
1.03896
1.03896
1.03896
1.03896
1.03896
1.03896
1.03896
1.03896
1.03896
1.03896
1.03896
1.03896
1.03896
1.03896
1.03896
1.03896
1.03896
1.03896
1.03896
1.03896
1.03896
1.03896
1.03896
1.03896
1.03896
1.03896
1.03896
1.03896
1.03896
1.03896
1.03896
1.03896
1.03897
1.03897
1.03897
1.03898
1.03898
1.039
1.03901
1.03906
1.03909
1.03936
1.03967
1.04199
0.968252
1.04926
1.02639
1.04145
1.03496
1.03773
1.03669
1.03754
1.03759
1.03796
1.03813
1.03834
1.03848
1.03861
1.0387
1.03877
1.03883
1.03887
1.0389
1.03892
1.03893
1.03894
1.03895
1.03895
1.03896
1.03896
1.03896
1.03896
1.03896
1.03896
1.03896
1.03896
1.03896
1.03896
1.03896
1.03896
1.03896
1.03896
1.03896
1.03896
1.03896
1.03896
1.03896
1.03896
1.03896
1.03896
1.03896
1.03896
1.03896
1.03896
1.03896
1.03896
1.03896
1.03896
1.03896
1.03896
1.03896
1.03896
1.03896
1.03896
1.03896
1.03896
1.03896
1.03896
1.03896
1.03896
1.03896
1.03896
1.03896
1.03896
1.03896
1.03896
1.03896
1.03896
1.03896
1.03896
1.03896
1.03896
1.03896
1.03896
1.03896
1.03896
1.03896
1.03896
1.03896
1.03896
1.03896
1.03896
1.03897
1.03897
1.03897
1.03898
1.03899
1.039
1.03902
1.03907
1.0391
1.0394
1.03973
1.04222
0.968059
1.04893
1.02632
1.04139
1.0349
1.03765
1.03662
1.03748
1.03754
1.03792
1.0381
1.03831
1.03846
1.03859
1.03869
1.03876
1.03882
1.03886
1.03889
1.03891
1.03893
1.03894
1.03895
1.03895
1.03896
1.03896
1.03896
1.03896
1.03896
1.03896
1.03896
1.03896
1.03896
1.03896
1.03896
1.03896
1.03896
1.03896
1.03896
1.03896
1.03896
1.03896
1.03896
1.03896
1.03896
1.03896
1.03896
1.03896
1.03896
1.03896
1.03896
1.03896
1.03896
1.03896
1.03896
1.03896
1.03896
1.03896
1.03896
1.03896
1.03896
1.03896
1.03896
1.03896
1.03896
1.03896
1.03896
1.03896
1.03896
1.03896
1.03896
1.03896
1.03896
1.03896
1.03896
1.03896
1.03896
1.03896
1.03896
1.03896
1.03896
1.03896
1.03896
1.03896
1.03896
1.03896
1.03896
1.03897
1.03897
1.03897
1.03897
1.03898
1.03899
1.039
1.03902
1.03907
1.03911
1.03943
1.03977
1.04237
0.967964
1.04877
1.02629
1.04136
1.03486
1.03762
1.03659
1.03745
1.03751
1.03789
1.03808
1.0383
1.03845
1.03858
1.03868
1.03876
1.03882
1.03886
1.03889
1.03891
1.03893
1.03894
1.03895
1.03895
1.03896
1.03896
1.03896
1.03896
1.03896
1.03896
1.03896
1.03896
1.03896
1.03896
1.03896
1.03896
1.03896
1.03896
1.03896
1.03896
1.03896
1.03896
1.03896
1.03896
1.03896
1.03896
1.03896
1.03896
1.03896
1.03896
1.03896
1.03896
1.03896
1.03896
1.03896
1.03896
1.03896
1.03896
1.03896
1.03896
1.03896
1.03896
1.03896
1.03896
1.03896
1.03896
1.03896
1.03896
1.03896
1.03896
1.03896
1.03896
1.03896
1.03896
1.03896
1.03896
1.03896
1.03896
1.03896
1.03896
1.03896
1.03896
1.03896
1.03896
1.03896
1.03896
1.03896
1.03897
1.03897
1.03897
1.03897
1.03898
1.03899
1.039
1.03902
1.03908
1.03912
1.03945
1.0398
1.04245
0.967964
1.04877
1.02629
1.04136
1.03486
1.03762
1.03659
1.03745
1.03751
1.03789
1.03808
1.0383
1.03845
1.03858
1.03868
1.03876
1.03882
1.03886
1.03889
1.03891
1.03893
1.03894
1.03895
1.03895
1.03896
1.03896
1.03896
1.03896
1.03896
1.03896
1.03896
1.03896
1.03896
1.03896
1.03896
1.03896
1.03896
1.03896
1.03896
1.03896
1.03896
1.03896
1.03896
1.03896
1.03896
1.03896
1.03896
1.03896
1.03896
1.03896
1.03896
1.03896
1.03896
1.03896
1.03896
1.03896
1.03896
1.03896
1.03896
1.03896
1.03896
1.03896
1.03896
1.03896
1.03896
1.03896
1.03896
1.03896
1.03896
1.03896
1.03896
1.03896
1.03896
1.03896
1.03896
1.03896
1.03896
1.03896
1.03896
1.03896
1.03896
1.03896
1.03896
1.03896
1.03896
1.03896
1.03896
1.03897
1.03897
1.03897
1.03897
1.03898
1.03899
1.039
1.03902
1.03908
1.03912
1.03945
1.0398
1.04245
0.968059
1.04893
1.02632
1.04139
1.0349
1.03765
1.03662
1.03748
1.03754
1.03792
1.0381
1.03831
1.03846
1.03859
1.03869
1.03876
1.03882
1.03886
1.03889
1.03891
1.03893
1.03894
1.03895
1.03895
1.03896
1.03896
1.03896
1.03896
1.03896
1.03896
1.03896
1.03896
1.03896
1.03896
1.03896
1.03896
1.03896
1.03896
1.03896
1.03896
1.03896
1.03896
1.03896
1.03896
1.03896
1.03896
1.03896
1.03896
1.03896
1.03896
1.03896
1.03896
1.03896
1.03896
1.03896
1.03896
1.03896
1.03896
1.03896
1.03896
1.03896
1.03896
1.03896
1.03896
1.03896
1.03896
1.03896
1.03896
1.03896
1.03896
1.03896
1.03896
1.03896
1.03896
1.03896
1.03896
1.03896
1.03896
1.03896
1.03896
1.03896
1.03896
1.03896
1.03896
1.03896
1.03896
1.03896
1.03897
1.03897
1.03897
1.03897
1.03898
1.03899
1.039
1.03902
1.03907
1.03911
1.03943
1.03977
1.04237
0.968252
1.04926
1.02639
1.04145
1.03496
1.03773
1.03669
1.03754
1.03759
1.03796
1.03813
1.03834
1.03848
1.03861
1.0387
1.03877
1.03883
1.03887
1.0389
1.03892
1.03893
1.03894
1.03895
1.03895
1.03896
1.03896
1.03896
1.03896
1.03896
1.03896
1.03896
1.03896
1.03896
1.03896
1.03896
1.03896
1.03896
1.03896
1.03896
1.03896
1.03896
1.03896
1.03896
1.03896
1.03896
1.03896
1.03896
1.03896
1.03896
1.03896
1.03896
1.03896
1.03896
1.03896
1.03896
1.03896
1.03896
1.03896
1.03896
1.03896
1.03896
1.03896
1.03896
1.03896
1.03896
1.03896
1.03896
1.03896
1.03896
1.03896
1.03896
1.03896
1.03896
1.03896
1.03896
1.03896
1.03896
1.03896
1.03896
1.03896
1.03896
1.03896
1.03896
1.03896
1.03896
1.03896
1.03896
1.03896
1.03897
1.03897
1.03897
1.03898
1.03899
1.039
1.03902
1.03907
1.0391
1.0394
1.03973
1.04222
0.968549
1.04975
1.0265
1.04154
1.03506
1.03784
1.0368
1.03763
1.03767
1.03802
1.03819
1.03838
1.03851
1.03863
1.03872
1.03879
1.03884
1.03887
1.0389
1.03892
1.03893
1.03894
1.03895
1.03895
1.03896
1.03896
1.03896
1.03896
1.03896
1.03896
1.03896
1.03896
1.03896
1.03896
1.03896
1.03896
1.03896
1.03896
1.03896
1.03896
1.03896
1.03896
1.03896
1.03896
1.03896
1.03896
1.03896
1.03896
1.03896
1.03896
1.03896
1.03896
1.03896
1.03896
1.03896
1.03896
1.03896
1.03896
1.03896
1.03896
1.03896
1.03896
1.03896
1.03896
1.03896
1.03896
1.03896
1.03896
1.03896
1.03896
1.03896
1.03896
1.03896
1.03896
1.03896
1.03896
1.03896
1.03896
1.03896
1.03896
1.03896
1.03896
1.03896
1.03896
1.03896
1.03896
1.03896
1.03896
1.03897
1.03897
1.03897
1.03898
1.03898
1.039
1.03901
1.03906
1.03909
1.03936
1.03967
1.04199
0.968962
1.05041
1.02664
1.04166
1.0352
1.03798
1.03694
1.03775
1.03777
1.0381
1.03825
1.03843
1.03855
1.03866
1.03874
1.0388
1.03885
1.03888
1.03891
1.03892
1.03894
1.03895
1.03895
1.03895
1.03896
1.03896
1.03896
1.03896
1.03896
1.03896
1.03896
1.03896
1.03896
1.03896
1.03896
1.03896
1.03896
1.03896
1.03896
1.03896
1.03896
1.03896
1.03896
1.03896
1.03896
1.03896
1.03896
1.03896
1.03896
1.03896
1.03896
1.03896
1.03896
1.03896
1.03896
1.03896
1.03896
1.03896
1.03896
1.03896
1.03896
1.03896
1.03896
1.03896
1.03896
1.03896
1.03896
1.03896
1.03896
1.03896
1.03896
1.03896
1.03896
1.03896
1.03896
1.03896
1.03896
1.03896
1.03896
1.03896
1.03896
1.03896
1.03896
1.03896
1.03896
1.03896
1.03896
1.03896
1.03897
1.03897
1.03897
1.03898
1.03898
1.03899
1.039
1.03904
1.03907
1.03931
1.03959
1.04169
0.969506
1.05125
1.02683
1.04182
1.03538
1.03817
1.03712
1.0379
1.0379
1.03821
1.03834
1.0385
1.03861
1.0387
1.03877
1.03882
1.03886
1.03889
1.03891
1.03893
1.03894
1.03895
1.03895
1.03896
1.03896
1.03896
1.03896
1.03896
1.03896
1.03896
1.03896
1.03896
1.03896
1.03896
1.03896
1.03896
1.03896
1.03896
1.03896
1.03896
1.03896
1.03896
1.03896
1.03896
1.03896
1.03896
1.03896
1.03896
1.03896
1.03896
1.03896
1.03896
1.03896
1.03896
1.03896
1.03896
1.03896
1.03896
1.03896
1.03896
1.03896
1.03896
1.03896
1.03896
1.03896
1.03896
1.03896
1.03896
1.03896
1.03896
1.03896
1.03896
1.03896
1.03896
1.03896
1.03896
1.03896
1.03896
1.03896
1.03896
1.03896
1.03896
1.03896
1.03896
1.03896
1.03896
1.03896
1.03896
1.03896
1.03897
1.03897
1.03897
1.03898
1.03899
1.039
1.03903
1.03905
1.03925
1.03949
1.04131
0.970201
1.05229
1.02705
1.042
1.03559
1.03838
1.03733
1.03808
1.03805
1.03833
1.03843
1.03858
1.03866
1.03875
1.0388
1.03885
1.03888
1.03891
1.03892
1.03894
1.03894
1.03895
1.03895
1.03896
1.03896
1.03896
1.03896
1.03896
1.03896
1.03896
1.03896
1.03896
1.03896
1.03896
1.03896
1.03896
1.03896
1.03896
1.03896
1.03896
1.03896
1.03896
1.03896
1.03896
1.03896
1.03896
1.03896
1.03896
1.03896
1.03896
1.03896
1.03896
1.03896
1.03896
1.03896
1.03896
1.03896
1.03896
1.03896
1.03896
1.03896
1.03896
1.03896
1.03896
1.03896
1.03896
1.03896
1.03896
1.03896
1.03896
1.03896
1.03896
1.03896
1.03896
1.03896
1.03896
1.03896
1.03896
1.03896
1.03896
1.03896
1.03896
1.03896
1.03896
1.03896
1.03896
1.03896
1.03896
1.03896
1.03896
1.03897
1.03897
1.03897
1.03898
1.03899
1.03901
1.03902
1.03918
1.03938
1.04088
0.971078
1.05354
1.02732
1.04222
1.03584
1.03864
1.03758
1.03828
1.03822
1.03847
1.03855
1.03866
1.03873
1.0388
1.03884
1.03888
1.0389
1.03892
1.03893
1.03894
1.03895
1.03895
1.03895
1.03896
1.03896
1.03896
1.03896
1.03896
1.03896
1.03896
1.03896
1.03896
1.03896
1.03896
1.03896
1.03896
1.03896
1.03896
1.03896
1.03896
1.03896
1.03896
1.03896
1.03896
1.03896
1.03896
1.03896
1.03896
1.03896
1.03896
1.03896
1.03896
1.03896
1.03896
1.03896
1.03896
1.03896
1.03896
1.03896
1.03896
1.03896
1.03896
1.03896
1.03896
1.03896
1.03896
1.03896
1.03896
1.03896
1.03896
1.03896
1.03896
1.03896
1.03896
1.03896
1.03896
1.03896
1.03896
1.03896
1.03896
1.03896
1.03896
1.03896
1.03896
1.03896
1.03896
1.03896
1.03896
1.03896
1.03896
1.03896
1.03897
1.03897
1.03897
1.03898
1.03899
1.03899
1.0391
1.03926
1.04038
0.972173
1.05502
1.02764
1.04248
1.03614
1.03893
1.03785
1.03851
1.03842
1.03862
1.03867
1.03876
1.03881
1.03885
1.03888
1.03891
1.03892
1.03893
1.03894
1.03895
1.03895
1.03895
1.03896
1.03896
1.03896
1.03896
1.03896
1.03896
1.03896
1.03896
1.03896
1.03896
1.03896
1.03896
1.03896
1.03896
1.03896
1.03896
1.03896
1.03896
1.03896
1.03896
1.03896
1.03896
1.03896
1.03896
1.03896
1.03896
1.03896
1.03896
1.03896
1.03896
1.03896
1.03896
1.03896
1.03896
1.03896
1.03896
1.03896
1.03896
1.03896
1.03896
1.03896
1.03896
1.03896
1.03896
1.03896
1.03896
1.03896
1.03896
1.03896
1.03896
1.03896
1.03896
1.03896
1.03896
1.03896
1.03896
1.03896
1.03896
1.03896
1.03896
1.03896
1.03896
1.03896
1.03896
1.03896
1.03896
1.03896
1.03896
1.03896
1.03896
1.03896
1.03897
1.03896
1.03897
1.03896
1.03901
1.03912
1.03982
0.973539
1.05675
1.02802
1.04276
1.03647
1.03924
1.03816
1.03876
1.03862
1.03879
1.0388
1.03886
1.03888
1.03891
1.03892
1.03893
1.03894
1.03894
1.03895
1.03895
1.03895
1.03895
1.03895
1.03895
1.03895
1.03895
1.03895
1.03895
1.03895
1.03895
1.03895
1.03895
1.03895
1.03895
1.03895
1.03895
1.03895
1.03895
1.03895
1.03895
1.03895
1.03895
1.03895
1.03895
1.03895
1.03895
1.03895
1.03895
1.03895
1.03895
1.03895
1.03895
1.03895
1.03895
1.03895
1.03895
1.03895
1.03895
1.03895
1.03895
1.03895
1.03895
1.03895
1.03895
1.03895
1.03895
1.03895
1.03895
1.03895
1.03895
1.03895
1.03895
1.03895
1.03895
1.03895
1.03895
1.03895
1.03895
1.03895
1.03895
1.03895
1.03895
1.03895
1.03895
1.03895
1.03895
1.03895
1.03895
1.03895
1.03895
1.03895
1.03895
1.03895
1.03895
1.03895
1.03894
1.03893
1.03892
1.03898
1.03921
0.975241
1.05874
1.02845
1.04306
1.03684
1.03958
1.03848
1.03902
1.03884
1.03895
1.03893
1.03895
1.03895
1.03895
1.03895
1.03895
1.03895
1.03894
1.03894
1.03894
1.03894
1.03894
1.03894
1.03894
1.03893
1.03893
1.03893
1.03893
1.03893
1.03893
1.03893
1.03893
1.03893
1.03893
1.03893
1.03893
1.03893
1.03893
1.03893
1.03893
1.03893
1.03893
1.03893
1.03893
1.03893
1.03893
1.03893
1.03893
1.03893
1.03893
1.03893
1.03893
1.03893
1.03893
1.03893
1.03893
1.03893
1.03893
1.03893
1.03893
1.03893
1.03893
1.03893
1.03893
1.03893
1.03893
1.03893
1.03893
1.03893
1.03893
1.03893
1.03893
1.03893
1.03893
1.03893
1.03893
1.03893
1.03893
1.03893
1.03893
1.03893
1.03893
1.03893
1.03893
1.03893
1.03893
1.03893
1.03893
1.03893
1.03893
1.03893
1.03893
1.03893
1.03893
1.03892
1.03891
1.03888
1.03882
1.03882
1.03856
0.977357
1.06102
1.02892
1.04336
1.03723
1.03992
1.0388
1.03927
1.03904
1.0391
1.03903
1.03902
1.03899
1.03897
1.03895
1.03893
1.03892
1.03891
1.0389
1.03889
1.03889
1.03889
1.03889
1.03888
1.03888
1.03888
1.03888
1.03888
1.03888
1.03888
1.03888
1.03888
1.03888
1.03888
1.03888
1.03888
1.03888
1.03888
1.03888
1.03888
1.03888
1.03888
1.03888
1.03888
1.03888
1.03888
1.03888
1.03888
1.03888
1.03888
1.03888
1.03888
1.03888
1.03888
1.03888
1.03888
1.03888
1.03888
1.03888
1.03888
1.03888
1.03888
1.03888
1.03888
1.03888
1.03888
1.03888
1.03888
1.03888
1.03888
1.03888
1.03888
1.03888
1.03888
1.03888
1.03888
1.03888
1.03888
1.03888
1.03888
1.03888
1.03888
1.03888
1.03888
1.03888
1.03888
1.03888
1.03888
1.03888
1.03888
1.03888
1.03888
1.03887
1.03887
1.03886
1.03884
1.03881
1.03869
1.03862
1.03784
0.979966
1.06355
1.02936
1.04358
1.03755
1.04017
1.03905
1.03943
1.03914
1.03914
1.03903
1.03898
1.03892
1.03888
1.03884
1.03881
1.03878
1.03877
1.03875
1.03874
1.03874
1.03873
1.03873
1.03873
1.03873
1.03872
1.03872
1.03872
1.03872
1.03872
1.03872
1.03872
1.03872
1.03872
1.03872
1.03872
1.03872
1.03872
1.03872
1.03872
1.03872
1.03872
1.03872
1.03872
1.03872
1.03872
1.03872
1.03872
1.03872
1.03872
1.03872
1.03872
1.03872
1.03872
1.03872
1.03872
1.03872
1.03872
1.03872
1.03872
1.03872
1.03872
1.03872
1.03872
1.03872
1.03872
1.03872
1.03872
1.03872
1.03872
1.03872
1.03872
1.03872
1.03872
1.03872
1.03872
1.03872
1.03872
1.03872
1.03872
1.03872
1.03872
1.03872
1.03872
1.03872
1.03872
1.03872
1.03872
1.03872
1.03872
1.03872
1.03871
1.03871
1.0387
1.03869
1.03866
1.03863
1.03847
1.03833
1.037
0.983077
1.06618
1.02959
1.04348
1.03761
1.04014
1.039
1.03928
1.03894
1.03888
1.03872
1.03863
1.03854
1.03847
1.03841
1.03837
1.03833
1.03831
1.03829
1.03828
1.03827
1.03826
1.03826
1.03825
1.03825
1.03825
1.03825
1.03825
1.03825
1.03825
1.03825
1.03825
1.03825
1.03825
1.03825
1.03825
1.03825
1.03825
1.03825
1.03825
1.03825
1.03825
1.03825
1.03825
1.03825
1.03825
1.03825
1.03825
1.03825
1.03825
1.03825
1.03825
1.03825
1.03825
1.03825
1.03825
1.03825
1.03825
1.03825
1.03825
1.03825
1.03825
1.03825
1.03825
1.03825
1.03825
1.03825
1.03825
1.03825
1.03825
1.03825
1.03825
1.03825
1.03825
1.03825
1.03825
1.03825
1.03825
1.03825
1.03825
1.03825
1.03825
1.03825
1.03825
1.03825
1.03825
1.03825
1.03825
1.03824
1.03824
1.03824
1.03824
1.03823
1.03822
1.03821
1.03818
1.03814
1.03793
1.03774
1.03586
0.986403
1.06831
1.02896
1.04243
1.03677
1.03917
1.03802
1.0382
1.0378
1.03767
1.03746
1.03733
1.03721
1.03711
1.03704
1.03698
1.03693
1.0369
1.03688
1.03686
1.03685
1.03684
1.03683
1.03683
1.03683
1.03683
1.03682
1.03682
1.03682
1.03682
1.03682
1.03682
1.03682
1.03682
1.03682
1.03682
1.03682
1.03682
1.03682
1.03682
1.03682
1.03682
1.03682
1.03682
1.03682
1.03682
1.03682
1.03682
1.03682
1.03682
1.03682
1.03682
1.03682
1.03682
1.03682
1.03682
1.03682
1.03682
1.03682
1.03682
1.03682
1.03682
1.03682
1.03682
1.03682
1.03682
1.03682
1.03682
1.03682
1.03682
1.03682
1.03682
1.03682
1.03682
1.03682
1.03682
1.03682
1.03682
1.03682
1.03682
1.03682
1.03682
1.03682
1.03682
1.03682
1.03682
1.03682
1.03682
1.03682
1.03682
1.03681
1.03681
1.0368
1.03679
1.03678
1.03674
1.0367
1.03647
1.03621
1.03381
0.988613
1.06805
1.02558
1.03849
1.03311
1.03536
1.0342
1.03428
1.03381
1.03361
1.03335
1.03318
1.03302
1.0329
1.0328
1.03273
1.03268
1.03264
1.03261
1.03259
1.03257
1.03257
1.03256
1.03255
1.03255
1.03255
1.03255
1.03255
1.03255
1.03255
1.03255
1.03255
1.03255
1.03255
1.03255
1.03255
1.03255
1.03255
1.03255
1.03255
1.03255
1.03255
1.03255
1.03255
1.03255
1.03255
1.03255
1.03255
1.03255
1.03255
1.03255
1.03255
1.03255
1.03255
1.03255
1.03255
1.03255
1.03255
1.03255
1.03255
1.03255
1.03255
1.03255
1.03255
1.03255
1.03255
1.03255
1.03255
1.03255
1.03255
1.03255
1.03255
1.03255
1.03255
1.03255
1.03255
1.03255
1.03255
1.03255
1.03255
1.03255
1.03255
1.03255
1.03255
1.03255
1.03255
1.03254
1.03254
1.03254
1.03254
1.03254
1.03253
1.03252
1.03251
1.03249
1.03246
1.03242
1.03218
1.03185
1.02901
0.985044
1.0596
1.01374
1.02588
1.0209
1.02298
1.02182
1.02178
1.02125
1.02098
1.02068
1.02046
1.02027
1.02013
1.02002
1.01993
1.01987
1.01982
1.01979
1.01977
1.01975
1.01974
1.01973
1.01973
1.01973
1.01972
1.01972
1.01972
1.01972
1.01972
1.01972
1.01972
1.01972
1.01972
1.01972
1.01972
1.01972
1.01972
1.01972
1.01972
1.01972
1.01972
1.01972
1.01972
1.01972
1.01972
1.01972
1.01972
1.01972
1.01972
1.01972
1.01972
1.01972
1.01972
1.01972
1.01972
1.01972
1.01972
1.01972
1.01972
1.01972
1.01972
1.01972
1.01972
1.01972
1.01972
1.01972
1.01972
1.01972
1.01972
1.01972
1.01972
1.01972
1.01972
1.01972
1.01972
1.01972
1.01972
1.01972
1.01972
1.01972
1.01972
1.01972
1.01972
1.01972
1.01972
1.01972
1.01972
1.01971
1.01971
1.01971
1.0197
1.01969
1.01968
1.01966
1.01963
1.0196
1.01935
1.01899
1.01588
0.960423
1.02546
0.976315
0.987367
0.982981
0.984829
0.983697
0.983549
0.982973
0.982648
0.982307
0.982059
0.981849
0.981688
0.981563
0.98147
0.9814
0.98135
0.981315
0.98129
0.981273
0.981262
0.981254
0.981249
0.981246
0.981244
0.981243
0.981242
0.981241
0.981241
0.981241
0.981241
0.98124
0.98124
0.98124
0.98124
0.98124
0.98124
0.98124
0.98124
0.98124
0.98124
0.98124
0.98124
0.98124
0.98124
0.98124
0.98124
0.98124
0.98124
0.98124
0.98124
0.98124
0.98124
0.98124
0.98124
0.98124
0.98124
0.98124
0.98124
0.98124
0.98124
0.98124
0.98124
0.98124
0.98124
0.98124
0.98124
0.98124
0.98124
0.98124
0.98124
0.98124
0.98124
0.98124
0.98124
0.98124
0.98124
0.98124
0.98124
0.98124
0.98124
0.98124
0.981239
0.981239
0.981239
0.981238
0.981236
0.981234
0.981231
0.981226
0.98122
0.98121
0.981197
0.981183
0.981156
0.981134
0.980909
0.980539
0.977588
0.865011
0.911694
0.86196
0.871302
0.867832
0.869358
0.868336
0.868109
0.867542
0.867198
0.866857
0.866605
0.866395
0.866236
0.866112
0.866021
0.865953
0.865905
0.865871
0.865848
0.865832
0.865821
0.865813
0.865809
0.865806
0.865804
0.865803
0.865802
0.865801
0.865801
0.865801
0.865801
0.8658
0.8658
0.8658
0.8658
0.8658
0.8658
0.8658
0.8658
0.8658
0.8658
0.8658
0.8658
0.8658
0.8658
0.8658
0.8658
0.8658
0.8658
0.8658
0.8658
0.8658
0.8658
0.8658
0.8658
0.8658
0.8658
0.8658
0.8658
0.8658
0.8658
0.8658
0.8658
0.8658
0.8658
0.8658
0.8658
0.8658
0.8658
0.8658
0.8658
0.8658
0.8658
0.8658
0.8658
0.8658
0.8658
0.8658
0.8658
0.8658
0.8658
0.8658
0.8658
0.865799
0.865799
0.865798
0.865797
0.865795
0.865792
0.865787
0.865781
0.865772
0.86576
0.865747
0.865728
0.865721
0.865547
0.865251
0.86318
0.537579
0.552259
0.517065
0.52285
0.520978
0.521865
0.521213
0.521021
0.520641
0.520402
0.520173
0.520004
0.519865
0.51976
0.519679
0.51962
0.519576
0.519546
0.519524
0.51951
0.519499
0.519493
0.519488
0.519485
0.519484
0.519482
0.519482
0.519481
0.519481
0.519481
0.519481
0.51948
0.51948
0.51948
0.51948
0.51948
0.51948
0.51948
0.51948
0.51948
0.51948
0.51948
0.51948
0.51948
0.51948
0.51948
0.51948
0.51948
0.51948
0.51948
0.51948
0.51948
0.51948
0.51948
0.51948
0.51948
0.51948
0.51948
0.51948
0.51948
0.51948
0.51948
0.51948
0.51948
0.51948
0.51948
0.51948
0.51948
0.51948
0.51948
0.51948
0.51948
0.51948
0.51948
0.51948
0.51948
0.51948
0.51948
0.51948
0.51948
0.51948
0.51948
0.51948
0.51948
0.51948
0.519479
0.519479
0.519478
0.519477
0.519475
0.519472
0.519468
0.519462
0.519454
0.519447
0.51944
0.519445
0.519362
0.519228
0.518635
)
;

boundaryField
{
    inlet
    {
        type            calculated;
        value           uniform 1;
    }
    outlet
    {
        type            calculated;
        value           nonuniform List<scalar> 
40
(
0.518635
0.86318
0.977587
1.01588
1.02901
1.03381
1.03586
1.037
1.03784
1.03856
1.03921
1.03982
1.04038
1.04088
1.04131
1.04169
1.04199
1.04222
1.04237
1.04245
1.04245
1.04237
1.04222
1.04199
1.04169
1.04131
1.04088
1.04038
1.03982
1.03921
1.03856
1.03784
1.037
1.03586
1.03381
1.02901
1.01588
0.977588
0.86318
0.518635
)
;
    }
    lowerWall
    {
        type            calculated;
        value           uniform 0;
    }
    upperWall
    {
        type            calculated;
        value           uniform 0;
    }
    frontAndBack
    {
        type            empty;
    }
}


// ************************************************************************* //
