/*--------------------------------*- C++ -*----------------------------------*\
| =========                 |                                                 |
| \\      /  F ield         | OpenFOAM: The Open Source CFD Toolbox           |
|  \\    /   O peration     | Version:  5.x                                   |
|   \\  /    A nd           | Web:      www.OpenFOAM.org                      |
|    \\/     M anipulation  |                                                 |
\*---------------------------------------------------------------------------*/
FoamFile
{
    version     2.0;
    format      ascii;
    class       volVectorField;
    location    "1.5";
    object      B;
}
// * * * * * * * * * * * * * * * * * * * * * * * * * * * * * * * * * * * * * //

dimensions      [1 0 -2 0 0 -1 0];

internalField   nonuniform List<vector> 
4000
(
(0.473674 20.0304 0)
(0.499781 19.9951 0)
(0.486473 19.9891 0)
(0.492112 19.9897 0)
(0.491816 19.9913 0)
(0.493073 19.9931 0)
(0.493117 19.9946 0)
(0.493372 19.9957 0)
(0.493417 19.9966 0)
(0.493497 19.9973 0)
(0.493532 19.9979 0)
(0.493567 19.9983 0)
(0.493586 19.9987 0)
(0.4936 19.999 0)
(0.493606 19.9992 0)
(0.493607 19.9994 0)
(0.493605 19.9995 0)
(0.4936 19.9996 0)
(0.493592 19.9997 0)
(0.493584 19.9998 0)
(0.493576 19.9998 0)
(0.493567 19.9999 0)
(0.493559 19.9999 0)
(0.493551 19.9999 0)
(0.493544 19.9999 0)
(0.493538 20 0)
(0.493533 20 0)
(0.493528 20 0)
(0.493524 20 0)
(0.493521 20 0)
(0.493518 20 0)
(0.493516 20 0)
(0.493514 20 0)
(0.493512 20 0)
(0.493511 20 0)
(0.49351 20 0)
(0.493509 20 0)
(0.493509 20 0)
(0.493508 20 0)
(0.493508 20 0)
(0.493508 20 0)
(0.493507 20 0)
(0.493507 20 0)
(0.493507 20 0)
(0.493507 20 0)
(0.493507 20 0)
(0.493507 20 0)
(0.493507 20 0)
(0.493507 20 0)
(0.493507 20 0)
(0.493507 20 0)
(0.493507 20 0)
(0.493507 20 0)
(0.493507 20 0)
(0.493507 20 0)
(0.493507 20 0)
(0.493507 20 0)
(0.493507 20 0)
(0.493507 20 0)
(0.493507 20 0)
(0.493507 20 0)
(0.493507 20 0)
(0.493507 20 0)
(0.493507 20 0)
(0.493507 20 0)
(0.493507 20 0)
(0.493507 20 0)
(0.493507 20 0)
(0.493507 20 0)
(0.493507 20 0)
(0.493507 20 0)
(0.493507 20 0)
(0.493507 20 0)
(0.493507 20 0)
(0.493507 20 0)
(0.493507 20 0)
(0.493507 20 0)
(0.493506 20 0)
(0.493506 20 0)
(0.493506 20 0)
(0.493506 20 0)
(0.493506 20 0)
(0.493506 20 0)
(0.493506 20 0)
(0.493506 20 0)
(0.493506 20 0)
(0.493506 20 0)
(0.493506 20 0)
(0.493506 20 0)
(0.493506 20 0)
(0.493507 20 0)
(0.493508 20 0)
(0.493511 20 0)
(0.493517 20 0)
(0.493528 20 0)
(0.493549 19.9999 0)
(0.493591 20 0)
(0.493595 20.0001 0)
(0.493551 20.0004 0)
(0.492789 20.0007 0)
(0.72071 20.0007 0)
(0.770237 19.9736 0)
(0.768846 19.9673 0)
(0.779639 19.9701 0)
(0.780858 19.9751 0)
(0.783525 19.9805 0)
(0.784343 19.9848 0)
(0.785288 19.9883 0)
(0.785832 19.991 0)
(0.786329 19.9931 0)
(0.786691 19.9948 0)
(0.78699 19.9962 0)
(0.787219 19.9972 0)
(0.7874 19.9981 0)
(0.787538 19.9988 0)
(0.787644 19.9993 0)
(0.787722 19.9997 0)
(0.78778 20 0)
(0.787821 20.0003 0)
(0.78785 20.0005 0)
(0.78787 20.0007 0)
(0.787882 20.0008 0)
(0.78789 20.0009 0)
(0.787894 20.001 0)
(0.787896 20.001 0)
(0.787896 20.0011 0)
(0.787895 20.0011 0)
(0.787893 20.0011 0)
(0.787892 20.0011 0)
(0.78789 20.0012 0)
(0.787888 20.0012 0)
(0.787887 20.0012 0)
(0.787885 20.0012 0)
(0.787884 20.0012 0)
(0.787883 20.0012 0)
(0.787882 20.0012 0)
(0.787882 20.0012 0)
(0.787881 20.0012 0)
(0.787881 20.0012 0)
(0.78788 20.0012 0)
(0.78788 20.0012 0)
(0.78788 20.0012 0)
(0.787879 20.0012 0)
(0.787879 20.0012 0)
(0.787879 20.0012 0)
(0.787879 20.0012 0)
(0.787879 20.0012 0)
(0.787879 20.0012 0)
(0.787879 20.0012 0)
(0.787879 20.0012 0)
(0.787879 20.0012 0)
(0.787879 20.0012 0)
(0.787879 20.0012 0)
(0.787879 20.0012 0)
(0.787879 20.0012 0)
(0.787879 20.0012 0)
(0.787879 20.0012 0)
(0.787879 20.0012 0)
(0.787879 20.0012 0)
(0.787879 20.0012 0)
(0.787879 20.0012 0)
(0.787879 20.0012 0)
(0.787879 20.0012 0)
(0.787879 20.0012 0)
(0.787879 20.0012 0)
(0.787879 20.0012 0)
(0.787879 20.0012 0)
(0.787879 20.0012 0)
(0.787879 20.0012 0)
(0.787879 20.0012 0)
(0.787879 20.0012 0)
(0.787879 20.0012 0)
(0.787879 20.0012 0)
(0.787879 20.0012 0)
(0.787879 20.0012 0)
(0.787879 20.0012 0)
(0.787879 20.0012 0)
(0.787879 20.0012 0)
(0.787879 20.0012 0)
(0.787879 20.0012 0)
(0.787879 20.0012 0)
(0.787879 20.0012 0)
(0.787879 20.0012 0)
(0.787879 20.0012 0)
(0.78788 20.0012 0)
(0.78788 20.0012 0)
(0.787881 20.0012 0)
(0.787883 20.0012 0)
(0.787885 20.0012 0)
(0.787889 20.0012 0)
(0.787895 20.0012 0)
(0.787905 20.0011 0)
(0.787921 20.0011 0)
(0.787948 20.0011 0)
(0.787993 20.001 0)
(0.788067 20.001 0)
(0.788196 20.0011 0)
(0.788338 20.0014 0)
(0.788458 20.0022 0)
(0.787401 20.0032 0)
(0.75521 19.9323 0)
(0.807948 19.9406 0)
(0.821199 19.9425 0)
(0.83564 19.9489 0)
(0.838879 19.9578 0)
(0.842631 19.9667 0)
(0.84431 19.9739 0)
(0.845933 19.9796 0)
(0.847033 19.9841 0)
(0.847981 19.9877 0)
(0.84871 19.9905 0)
(0.849305 19.9927 0)
(0.849774 19.9945 0)
(0.850148 19.9959 0)
(0.850442 19.997 0)
(0.850671 19.9979 0)
(0.850849 19.9986 0)
(0.850986 19.9992 0)
(0.851089 19.9996 0)
(0.851168 20 0)
(0.851226 20.0002 0)
(0.851269 20.0005 0)
(0.851301 20.0006 0)
(0.851323 20.0007 0)
(0.85134 20.0008 0)
(0.851351 20.0009 0)
(0.851359 20.001 0)
(0.851364 20.001 0)
(0.851367 20.001 0)
(0.85137 20.0011 0)
(0.851371 20.0011 0)
(0.851372 20.0011 0)
(0.851372 20.0011 0)
(0.851372 20.0011 0)
(0.851372 20.0011 0)
(0.851372 20.0011 0)
(0.851372 20.0011 0)
(0.851372 20.0011 0)
(0.851372 20.0011 0)
(0.851372 20.0011 0)
(0.851371 20.0011 0)
(0.851371 20.0011 0)
(0.851371 20.0011 0)
(0.851371 20.0011 0)
(0.851371 20.0011 0)
(0.851371 20.0011 0)
(0.851371 20.0011 0)
(0.851371 20.0011 0)
(0.851371 20.0011 0)
(0.851371 20.0011 0)
(0.851371 20.0011 0)
(0.851371 20.0011 0)
(0.851371 20.0011 0)
(0.851371 20.0011 0)
(0.851371 20.0011 0)
(0.851371 20.0011 0)
(0.851371 20.0011 0)
(0.851371 20.0011 0)
(0.851371 20.0011 0)
(0.851371 20.0011 0)
(0.851371 20.0011 0)
(0.851371 20.0011 0)
(0.851371 20.0011 0)
(0.851371 20.0011 0)
(0.851371 20.0011 0)
(0.851371 20.0011 0)
(0.851371 20.0011 0)
(0.851371 20.0011 0)
(0.851371 20.0011 0)
(0.851371 20.0011 0)
(0.851371 20.0011 0)
(0.851371 20.0011 0)
(0.851371 20.0011 0)
(0.851371 20.0011 0)
(0.851371 20.0011 0)
(0.851371 20.0011 0)
(0.851371 20.0011 0)
(0.851371 20.0011 0)
(0.851371 20.0011 0)
(0.851371 20.0011 0)
(0.851371 20.0011 0)
(0.851371 20.0011 0)
(0.851372 20.0011 0)
(0.851372 20.0011 0)
(0.851373 20.0011 0)
(0.851375 20.0011 0)
(0.851377 20.0011 0)
(0.85138 20.0011 0)
(0.851385 20.0011 0)
(0.851393 20.0011 0)
(0.851406 20.0011 0)
(0.851425 20.001 0)
(0.851457 20.001 0)
(0.851507 20.0009 0)
(0.85159 20.0009 0)
(0.851726 20.0008 0)
(0.851959 20.0009 0)
(0.852313 20.0014 0)
(0.852787 20.0026 0)
(0.852464 20.0042 0)
(0.726916 19.8651 0)
(0.774709 19.9023 0)
(0.798024 19.9157 0)
(0.815202 19.9274 0)
(0.820435 19.9405 0)
(0.825121 19.9527 0)
(0.827593 19.9627 0)
(0.829816 19.9707 0)
(0.831426 19.977 0)
(0.832784 19.9819 0)
(0.83385 19.9859 0)
(0.83472 19.989 0)
(0.835411 19.9915 0)
(0.835965 19.9935 0)
(0.836404 19.9951 0)
(0.836751 19.9963 0)
(0.837022 19.9973 0)
(0.837233 19.9981 0)
(0.837397 19.9987 0)
(0.837523 19.9992 0)
(0.837619 19.9996 0)
(0.837693 19.9999 0)
(0.837748 20.0001 0)
(0.837789 20.0003 0)
(0.83782 20.0004 0)
(0.837843 20.0005 0)
(0.83786 20.0006 0)
(0.837872 20.0006 0)
(0.837881 20.0007 0)
(0.837888 20.0007 0)
(0.837892 20.0007 0)
(0.837896 20.0008 0)
(0.837898 20.0008 0)
(0.837899 20.0008 0)
(0.837901 20.0008 0)
(0.837901 20.0008 0)
(0.837902 20.0008 0)
(0.837902 20.0008 0)
(0.837902 20.0008 0)
(0.837903 20.0008 0)
(0.837903 20.0008 0)
(0.837903 20.0008 0)
(0.837903 20.0008 0)
(0.837903 20.0008 0)
(0.837903 20.0008 0)
(0.837903 20.0008 0)
(0.837903 20.0008 0)
(0.837903 20.0008 0)
(0.837903 20.0008 0)
(0.837903 20.0008 0)
(0.837903 20.0008 0)
(0.837903 20.0008 0)
(0.837903 20.0008 0)
(0.837903 20.0008 0)
(0.837903 20.0008 0)
(0.837903 20.0008 0)
(0.837903 20.0008 0)
(0.837903 20.0008 0)
(0.837903 20.0008 0)
(0.837903 20.0008 0)
(0.837903 20.0008 0)
(0.837903 20.0008 0)
(0.837903 20.0008 0)
(0.837903 20.0008 0)
(0.837903 20.0008 0)
(0.837903 20.0008 0)
(0.837903 20.0008 0)
(0.837903 20.0008 0)
(0.837903 20.0008 0)
(0.837903 20.0008 0)
(0.837903 20.0008 0)
(0.837903 20.0008 0)
(0.837903 20.0008 0)
(0.837903 20.0008 0)
(0.837903 20.0008 0)
(0.837903 20.0008 0)
(0.837903 20.0008 0)
(0.837903 20.0008 0)
(0.837903 20.0008 0)
(0.837903 20.0008 0)
(0.837903 20.0008 0)
(0.837904 20.0008 0)
(0.837904 20.0008 0)
(0.837905 20.0008 0)
(0.837907 20.0008 0)
(0.837909 20.0008 0)
(0.837912 20.0008 0)
(0.837917 20.0008 0)
(0.837925 20.0008 0)
(0.837937 20.0007 0)
(0.837956 20.0007 0)
(0.837985 20.0007 0)
(0.838031 20.0006 0)
(0.838105 20.0005 0)
(0.838226 20.0005 0)
(0.838429 20.0004 0)
(0.83878 20.0005 0)
(0.839384 20.0009 0)
(0.840314 20.0024 0)
(0.841163 20.0043 0)
(0.681476 19.8081 0)
(0.722085 19.863 0)
(0.75104 19.8881 0)
(0.770097 19.906 0)
(0.777072 19.9236 0)
(0.782554 19.9392 0)
(0.785706 19.9519 0)
(0.788434 19.9621 0)
(0.790474 19.9701 0)
(0.792179 19.9764 0)
(0.793532 19.9815 0)
(0.794635 19.9855 0)
(0.795516 19.9887 0)
(0.796224 19.9913 0)
(0.796788 19.9933 0)
(0.797234 19.9949 0)
(0.797586 19.9962 0)
(0.797863 19.9972 0)
(0.798078 19.998 0)
(0.798246 19.9986 0)
(0.798375 19.9991 0)
(0.798474 19.9994 0)
(0.798551 19.9997 0)
(0.798609 20 0)
(0.798652 20.0001 0)
(0.798686 20.0003 0)
(0.798711 20.0004 0)
(0.798729 20.0004 0)
(0.798743 20.0005 0)
(0.798753 20.0005 0)
(0.798761 20.0006 0)
(0.798767 20.0006 0)
(0.798771 20.0006 0)
(0.798774 20.0006 0)
(0.798776 20.0006 0)
(0.798777 20.0007 0)
(0.798779 20.0007 0)
(0.798779 20.0007 0)
(0.79878 20.0007 0)
(0.79878 20.0007 0)
(0.798781 20.0007 0)
(0.798781 20.0007 0)
(0.798781 20.0007 0)
(0.798781 20.0007 0)
(0.798781 20.0007 0)
(0.798781 20.0007 0)
(0.798781 20.0007 0)
(0.798781 20.0007 0)
(0.798781 20.0007 0)
(0.798781 20.0007 0)
(0.798782 20.0007 0)
(0.798782 20.0007 0)
(0.798782 20.0007 0)
(0.798782 20.0007 0)
(0.798782 20.0007 0)
(0.798782 20.0007 0)
(0.798782 20.0007 0)
(0.798782 20.0007 0)
(0.798782 20.0007 0)
(0.798782 20.0007 0)
(0.798782 20.0007 0)
(0.798782 20.0007 0)
(0.798782 20.0007 0)
(0.798782 20.0007 0)
(0.798782 20.0007 0)
(0.798782 20.0007 0)
(0.798782 20.0007 0)
(0.798782 20.0007 0)
(0.798782 20.0007 0)
(0.798782 20.0007 0)
(0.798782 20.0007 0)
(0.798782 20.0007 0)
(0.798782 20.0007 0)
(0.798782 20.0007 0)
(0.798782 20.0007 0)
(0.798782 20.0007 0)
(0.798782 20.0007 0)
(0.798782 20.0007 0)
(0.798782 20.0007 0)
(0.798782 20.0007 0)
(0.798782 20.0007 0)
(0.798783 20.0007 0)
(0.798784 20.0007 0)
(0.798785 20.0007 0)
(0.798787 20.0007 0)
(0.79879 20.0007 0)
(0.798794 20.0007 0)
(0.798801 20.0006 0)
(0.798811 20.0006 0)
(0.798826 20.0006 0)
(0.79885 20.0006 0)
(0.798888 20.0005 0)
(0.798948 20.0004 0)
(0.799044 20.0003 0)
(0.799202 20.0002 0)
(0.799473 20.0001 0)
(0.799949 20.0001 0)
(0.800815 20.0006 0)
(0.802217 20.002 0)
(0.804221 20.0039 0)
(0.632578 19.7599 0)
(0.666111 19.8246 0)
(0.697499 19.8604 0)
(0.717624 19.885 0)
(0.725987 19.9072 0)
(0.732107 19.9261 0)
(0.735813 19.9415 0)
(0.738943 19.9537 0)
(0.741325 19.9634 0)
(0.743308 19.9711 0)
(0.744891 19.9773 0)
(0.746181 19.9822 0)
(0.747215 19.9861 0)
(0.748048 19.9892 0)
(0.748711 19.9916 0)
(0.749239 19.9936 0)
(0.749657 19.9951 0)
(0.749985 19.9964 0)
(0.750243 19.9973 0)
(0.750444 19.9981 0)
(0.7506 19.9987 0)
(0.750721 19.9991 0)
(0.750815 19.9995 0)
(0.750886 19.9998 0)
(0.750941 20 0)
(0.750983 20.0001 0)
(0.751014 20.0003 0)
(0.751038 20.0004 0)
(0.751056 20.0004 0)
(0.75107 20.0005 0)
(0.75108 20.0005 0)
(0.751088 20.0006 0)
(0.751093 20.0006 0)
(0.751097 20.0006 0)
(0.7511 20.0006 0)
(0.751103 20.0006 0)
(0.751104 20.0006 0)
(0.751106 20.0006 0)
(0.751107 20.0006 0)
(0.751107 20.0006 0)
(0.751108 20.0007 0)
(0.751108 20.0007 0)
(0.751108 20.0007 0)
(0.751108 20.0007 0)
(0.751109 20.0007 0)
(0.751109 20.0007 0)
(0.751109 20.0007 0)
(0.751109 20.0007 0)
(0.751109 20.0007 0)
(0.751109 20.0007 0)
(0.751109 20.0007 0)
(0.751109 20.0007 0)
(0.751109 20.0007 0)
(0.751109 20.0007 0)
(0.751109 20.0007 0)
(0.751109 20.0007 0)
(0.751109 20.0007 0)
(0.751109 20.0007 0)
(0.751109 20.0007 0)
(0.751109 20.0007 0)
(0.751109 20.0007 0)
(0.751109 20.0007 0)
(0.751109 20.0007 0)
(0.751109 20.0007 0)
(0.751109 20.0007 0)
(0.751109 20.0007 0)
(0.751109 20.0007 0)
(0.751109 20.0007 0)
(0.751109 20.0007 0)
(0.751109 20.0007 0)
(0.751109 20.0007 0)
(0.751109 20.0007 0)
(0.751109 20.0007 0)
(0.751109 20.0007 0)
(0.751109 20.0007 0)
(0.751109 20.0007 0)
(0.751109 20.0007 0)
(0.751109 20.0007 0)
(0.751109 20.0007 0)
(0.75111 20.0007 0)
(0.75111 20.0007 0)
(0.751111 20.0007 0)
(0.751112 20.0006 0)
(0.751113 20.0006 0)
(0.751116 20.0006 0)
(0.751119 20.0006 0)
(0.751124 20.0006 0)
(0.751132 20.0006 0)
(0.751144 20.0006 0)
(0.751163 20.0006 0)
(0.751192 20.0005 0)
(0.751237 20.0005 0)
(0.751308 20.0004 0)
(0.751425 20.0002 0)
(0.751618 20.0001 0)
(0.751955 19.9999 0)
(0.752551 19.9999 0)
(0.75367 20.0002 0)
(0.755507 20.0015 0)
(0.758459 20.0031 0)
(0.584076 19.7186 0)
(0.61141 19.7881 0)
(0.643074 19.8331 0)
(0.663547 19.8646 0)
(0.672909 19.8913 0)
(0.679494 19.9134 0)
(0.683622 19.9313 0)
(0.687049 19.9456 0)
(0.689688 19.957 0)
(0.691877 19.966 0)
(0.693632 19.9732 0)
(0.695062 19.9789 0)
(0.696213 19.9835 0)
(0.697139 19.9871 0)
(0.697879 19.99 0)
(0.698468 19.9923 0)
(0.698935 19.9942 0)
(0.699304 19.9956 0)
(0.699594 19.9967 0)
(0.699821 19.9976 0)
(0.699998 19.9983 0)
(0.700136 19.9988 0)
(0.700242 19.9993 0)
(0.700324 19.9996 0)
(0.700387 19.9999 0)
(0.700436 20 0)
(0.700472 20.0002 0)
(0.700501 20.0003 0)
(0.700522 20.0004 0)
(0.700538 20.0005 0)
(0.70055 20.0005 0)
(0.700559 20.0005 0)
(0.700566 20.0006 0)
(0.700571 20.0006 0)
(0.700575 20.0006 0)
(0.700578 20.0006 0)
(0.70058 20.0006 0)
(0.700582 20.0006 0)
(0.700583 20.0006 0)
(0.700584 20.0006 0)
(0.700584 20.0006 0)
(0.700585 20.0006 0)
(0.700585 20.0006 0)
(0.700585 20.0006 0)
(0.700586 20.0007 0)
(0.700586 20.0007 0)
(0.700586 20.0007 0)
(0.700586 20.0007 0)
(0.700586 20.0007 0)
(0.700586 20.0007 0)
(0.700586 20.0007 0)
(0.700586 20.0007 0)
(0.700586 20.0007 0)
(0.700586 20.0007 0)
(0.700586 20.0007 0)
(0.700586 20.0007 0)
(0.700586 20.0007 0)
(0.700586 20.0007 0)
(0.700586 20.0007 0)
(0.700586 20.0007 0)
(0.700586 20.0007 0)
(0.700586 20.0007 0)
(0.700586 20.0007 0)
(0.700586 20.0007 0)
(0.700586 20.0007 0)
(0.700586 20.0007 0)
(0.700586 20.0007 0)
(0.700586 20.0007 0)
(0.700586 20.0007 0)
(0.700586 20.0007 0)
(0.700586 20.0007 0)
(0.700586 20.0007 0)
(0.700586 20.0007 0)
(0.700586 20.0007 0)
(0.700586 20.0007 0)
(0.700586 20.0007 0)
(0.700586 20.0007 0)
(0.700587 20.0007 0)
(0.700587 20.0007 0)
(0.700587 20.0007 0)
(0.700588 20.0006 0)
(0.700588 20.0006 0)
(0.700589 20.0006 0)
(0.700591 20.0006 0)
(0.700594 20.0006 0)
(0.700598 20.0006 0)
(0.700603 20.0006 0)
(0.700612 20.0006 0)
(0.700626 20.0006 0)
(0.700647 20.0005 0)
(0.700679 20.0005 0)
(0.700731 20.0004 0)
(0.700812 20.0003 0)
(0.700946 20.0001 0)
(0.701171 19.9999 0)
(0.701569 19.9997 0)
(0.702276 19.9996 0)
(0.703621 19.9997 0)
(0.705827 20.0007 0)
(0.70948 20.002 0)
(0.536821 19.6831 0)
(0.558975 19.7541 0)
(0.589539 19.8069 0)
(0.609758 19.8448 0)
(0.619734 19.876 0)
(0.626604 19.9012 0)
(0.631021 19.9216 0)
(0.634643 19.9378 0)
(0.637454 19.9508 0)
(0.63978 19.9611 0)
(0.641651 19.9693 0)
(0.643177 19.9758 0)
(0.644406 19.981 0)
(0.645397 19.9852 0)
(0.646189 19.9885 0)
(0.646821 19.9911 0)
(0.647322 19.9932 0)
(0.647719 19.9948 0)
(0.648031 19.9961 0)
(0.648276 19.9971 0)
(0.648467 19.9979 0)
(0.648617 19.9986 0)
(0.648733 19.9991 0)
(0.648822 19.9994 0)
(0.648891 19.9997 0)
(0.648944 19.9999 0)
(0.648985 20.0001 0)
(0.649016 20.0002 0)
(0.64904 20.0003 0)
(0.649058 20.0004 0)
(0.649072 20.0005 0)
(0.649082 20.0005 0)
(0.64909 20.0006 0)
(0.649096 20.0006 0)
(0.6491 20.0006 0)
(0.649103 20.0006 0)
(0.649106 20.0006 0)
(0.649108 20.0006 0)
(0.649109 20.0006 0)
(0.64911 20.0006 0)
(0.649111 20.0006 0)
(0.649112 20.0006 0)
(0.649112 20.0006 0)
(0.649112 20.0006 0)
(0.649112 20.0006 0)
(0.649113 20.0006 0)
(0.649113 20.0006 0)
(0.649113 20.0006 0)
(0.649113 20.0006 0)
(0.649113 20.0006 0)
(0.649113 20.0006 0)
(0.649113 20.0006 0)
(0.649113 20.0006 0)
(0.649113 20.0006 0)
(0.649113 20.0006 0)
(0.649113 20.0006 0)
(0.649113 20.0006 0)
(0.649113 20.0006 0)
(0.649113 20.0006 0)
(0.649113 20.0006 0)
(0.649113 20.0006 0)
(0.649113 20.0006 0)
(0.649113 20.0006 0)
(0.649113 20.0006 0)
(0.649113 20.0006 0)
(0.649113 20.0006 0)
(0.649113 20.0006 0)
(0.649113 20.0006 0)
(0.649113 20.0006 0)
(0.649113 20.0006 0)
(0.649113 20.0006 0)
(0.649113 20.0006 0)
(0.649113 20.0006 0)
(0.649113 20.0006 0)
(0.649113 20.0006 0)
(0.649113 20.0006 0)
(0.649113 20.0006 0)
(0.649114 20.0006 0)
(0.649114 20.0006 0)
(0.649114 20.0006 0)
(0.649115 20.0006 0)
(0.649115 20.0006 0)
(0.649117 20.0006 0)
(0.649119 20.0006 0)
(0.649121 20.0006 0)
(0.649126 20.0006 0)
(0.649132 20.0006 0)
(0.649142 20.0006 0)
(0.649157 20.0006 0)
(0.649179 20.0005 0)
(0.649214 20.0005 0)
(0.64927 20.0004 0)
(0.64936 20.0002 0)
(0.649508 20 0)
(0.64976 19.9998 0)
(0.650211 19.9995 0)
(0.651012 19.9992 0)
(0.652546 19.9992 0)
(0.655035 19.9997 0)
(0.659159 20.0005 0)
(0.490801 19.6524 0)
(0.508712 19.7229 0)
(0.537347 19.782 0)
(0.556835 19.826 0)
(0.56707 19.8614 0)
(0.574046 19.8896 0)
(0.578621 19.9123 0)
(0.582341 19.9304 0)
(0.585243 19.9448 0)
(0.58764 19.9563 0)
(0.589574 19.9655 0)
(0.591152 19.9728 0)
(0.592424 19.9786 0)
(0.59345 19.9833 0)
(0.594271 19.987 0)
(0.594927 19.9899 0)
(0.595448 19.9923 0)
(0.595861 19.9941 0)
(0.596186 19.9956 0)
(0.596442 19.9967 0)
(0.596642 19.9976 0)
(0.596798 19.9983 0)
(0.596919 19.9988 0)
(0.597014 19.9993 0)
(0.597087 19.9996 0)
(0.597143 19.9998 0)
(0.597186 20 0)
(0.597219 20.0002 0)
(0.597244 20.0003 0)
(0.597264 20.0004 0)
(0.597278 20.0004 0)
(0.597289 20.0005 0)
(0.597298 20.0005 0)
(0.597304 20.0006 0)
(0.597309 20.0006 0)
(0.597313 20.0006 0)
(0.597315 20.0006 0)
(0.597317 20.0006 0)
(0.597319 20.0006 0)
(0.59732 20.0006 0)
(0.597321 20.0006 0)
(0.597322 20.0006 0)
(0.597322 20.0006 0)
(0.597322 20.0006 0)
(0.597323 20.0006 0)
(0.597323 20.0006 0)
(0.597323 20.0006 0)
(0.597323 20.0006 0)
(0.597323 20.0006 0)
(0.597323 20.0006 0)
(0.597323 20.0006 0)
(0.597323 20.0006 0)
(0.597323 20.0006 0)
(0.597323 20.0006 0)
(0.597323 20.0006 0)
(0.597323 20.0006 0)
(0.597323 20.0006 0)
(0.597323 20.0006 0)
(0.597323 20.0006 0)
(0.597323 20.0006 0)
(0.597323 20.0006 0)
(0.597323 20.0006 0)
(0.597323 20.0006 0)
(0.597323 20.0006 0)
(0.597323 20.0006 0)
(0.597323 20.0006 0)
(0.597323 20.0006 0)
(0.597323 20.0006 0)
(0.597323 20.0006 0)
(0.597323 20.0006 0)
(0.597323 20.0006 0)
(0.597323 20.0006 0)
(0.597324 20.0006 0)
(0.597324 20.0006 0)
(0.597324 20.0006 0)
(0.597324 20.0006 0)
(0.597324 20.0006 0)
(0.597324 20.0006 0)
(0.597324 20.0006 0)
(0.597325 20.0006 0)
(0.597325 20.0006 0)
(0.597326 20.0006 0)
(0.597327 20.0006 0)
(0.597329 20.0006 0)
(0.597332 20.0006 0)
(0.597337 20.0006 0)
(0.597343 20.0006 0)
(0.597353 20.0006 0)
(0.597369 20.0005 0)
(0.597393 20.0005 0)
(0.59743 20.0004 0)
(0.597489 20.0003 0)
(0.597584 20.0002 0)
(0.597743 19.9999 0)
(0.598016 19.9996 0)
(0.598508 19.9993 0)
(0.599383 19.9988 0)
(0.601058 19.9985 0)
(0.603743 19.9985 0)
(0.608134 19.9988 0)
(0.445809 19.6258 0)
(0.460273 19.6947 0)
(0.486512 19.7587 0)
(0.504907 19.8082 0)
(0.515085 19.8476 0)
(0.521997 19.8787 0)
(0.526606 19.9036 0)
(0.53033 19.9234 0)
(0.533247 19.9392 0)
(0.535655 19.9518 0)
(0.5376 19.9619 0)
(0.539188 19.97 0)
(0.54047 19.9764 0)
(0.541504 19.9815 0)
(0.542333 19.9856 0)
(0.542995 19.9888 0)
(0.543522 19.9914 0)
(0.543939 19.9934 0)
(0.544269 19.995 0)
(0.544528 19.9963 0)
(0.544731 19.9973 0)
(0.54489 19.998 0)
(0.545013 19.9986 0)
(0.545109 19.9991 0)
(0.545184 19.9995 0)
(0.545241 19.9997 0)
(0.545286 20 0)
(0.54532 20.0001 0)
(0.545346 20.0003 0)
(0.545366 20.0003 0)
(0.545381 20.0004 0)
(0.545392 20.0005 0)
(0.545401 20.0005 0)
(0.545408 20.0006 0)
(0.545413 20.0006 0)
(0.545417 20.0006 0)
(0.54542 20.0006 0)
(0.545422 20.0006 0)
(0.545423 20.0006 0)
(0.545425 20.0006 0)
(0.545426 20.0006 0)
(0.545426 20.0006 0)
(0.545427 20.0006 0)
(0.545427 20.0006 0)
(0.545427 20.0006 0)
(0.545428 20.0006 0)
(0.545428 20.0006 0)
(0.545428 20.0006 0)
(0.545428 20.0006 0)
(0.545428 20.0006 0)
(0.545428 20.0006 0)
(0.545428 20.0006 0)
(0.545428 20.0006 0)
(0.545428 20.0006 0)
(0.545428 20.0006 0)
(0.545428 20.0006 0)
(0.545428 20.0006 0)
(0.545428 20.0006 0)
(0.545428 20.0006 0)
(0.545428 20.0006 0)
(0.545428 20.0006 0)
(0.545428 20.0006 0)
(0.545428 20.0006 0)
(0.545428 20.0006 0)
(0.545428 20.0006 0)
(0.545428 20.0006 0)
(0.545428 20.0006 0)
(0.545428 20.0006 0)
(0.545428 20.0006 0)
(0.545428 20.0006 0)
(0.545428 20.0006 0)
(0.545428 20.0006 0)
(0.545428 20.0006 0)
(0.545428 20.0006 0)
(0.545428 20.0006 0)
(0.545428 20.0006 0)
(0.545429 20.0006 0)
(0.545429 20.0006 0)
(0.545429 20.0006 0)
(0.545429 20.0006 0)
(0.54543 20.0006 0)
(0.545431 20.0006 0)
(0.545432 20.0006 0)
(0.545434 20.0006 0)
(0.545437 20.0006 0)
(0.545442 20.0006 0)
(0.545448 20.0006 0)
(0.545459 20.0006 0)
(0.545475 20.0005 0)
(0.545499 20.0005 0)
(0.545537 20.0004 0)
(0.545597 20.0003 0)
(0.545696 20.0001 0)
(0.545862 19.9999 0)
(0.546149 19.9995 0)
(0.546669 19.999 0)
(0.547593 19.9984 0)
(0.549357 19.9978 0)
(0.552147 19.9972 0)
(0.55663 19.9969 0)
(0.401632 19.6028 0)
(0.413299 19.6694 0)
(0.436912 19.7373 0)
(0.453947 19.7917 0)
(0.463797 19.8348 0)
(0.470488 19.8685 0)
(0.475014 19.8955 0)
(0.478656 19.9169 0)
(0.481518 19.934 0)
(0.483878 19.9477 0)
(0.485787 19.9586 0)
(0.487347 19.9673 0)
(0.488607 19.9743 0)
(0.489624 19.9798 0)
(0.49044 19.9843 0)
(0.491092 19.9878 0)
(0.491611 19.9906 0)
(0.492022 19.9928 0)
(0.492347 19.9945 0)
(0.492603 19.9959 0)
(0.492804 19.9969 0)
(0.492961 19.9978 0)
(0.493084 19.9984 0)
(0.493179 19.9989 0)
(0.493253 19.9993 0)
(0.49331 19.9996 0)
(0.493354 19.9999 0)
(0.493388 20.0001 0)
(0.493414 20.0002 0)
(0.493434 20.0003 0)
(0.49345 20.0004 0)
(0.493461 20.0005 0)
(0.49347 20.0005 0)
(0.493477 20.0005 0)
(0.493482 20.0006 0)
(0.493486 20.0006 0)
(0.493489 20.0006 0)
(0.493491 20.0006 0)
(0.493493 20.0006 0)
(0.493494 20.0006 0)
(0.493495 20.0006 0)
(0.493496 20.0006 0)
(0.493496 20.0006 0)
(0.493497 20.0006 0)
(0.493497 20.0006 0)
(0.493497 20.0006 0)
(0.493497 20.0006 0)
(0.493497 20.0006 0)
(0.493497 20.0006 0)
(0.493498 20.0006 0)
(0.493498 20.0006 0)
(0.493498 20.0006 0)
(0.493498 20.0006 0)
(0.493498 20.0006 0)
(0.493498 20.0006 0)
(0.493498 20.0006 0)
(0.493498 20.0006 0)
(0.493498 20.0006 0)
(0.493498 20.0006 0)
(0.493498 20.0006 0)
(0.493498 20.0006 0)
(0.493498 20.0006 0)
(0.493498 20.0006 0)
(0.493498 20.0006 0)
(0.493498 20.0006 0)
(0.493498 20.0006 0)
(0.493498 20.0006 0)
(0.493498 20.0006 0)
(0.493498 20.0006 0)
(0.493498 20.0006 0)
(0.493498 20.0006 0)
(0.493498 20.0006 0)
(0.493498 20.0006 0)
(0.493498 20.0006 0)
(0.493498 20.0006 0)
(0.493498 20.0006 0)
(0.493498 20.0006 0)
(0.493498 20.0006 0)
(0.493498 20.0006 0)
(0.493499 20.0006 0)
(0.493499 20.0006 0)
(0.4935 20.0006 0)
(0.493502 20.0006 0)
(0.493504 20.0006 0)
(0.493507 20.0006 0)
(0.493511 20.0006 0)
(0.493518 20.0006 0)
(0.493528 20.0006 0)
(0.493544 20.0005 0)
(0.493568 20.0005 0)
(0.493606 20.0004 0)
(0.493667 20.0002 0)
(0.493766 20 0)
(0.493935 19.9998 0)
(0.494227 19.9993 0)
(0.494761 19.9988 0)
(0.495708 19.998 0)
(0.497506 19.997 0)
(0.500315 19.9959 0)
(0.504741 19.995 0)
(0.358092 19.5829 0)
(0.367484 19.647 0)
(0.388386 19.7179 0)
(0.403872 19.7766 0)
(0.413167 19.823 0)
(0.419498 19.8592 0)
(0.423835 19.888 0)
(0.427314 19.9108 0)
(0.430055 19.9292 0)
(0.432314 19.9438 0)
(0.434144 19.9555 0)
(0.43564 19.9649 0)
(0.436849 19.9723 0)
(0.437825 19.9783 0)
(0.438609 19.983 0)
(0.439236 19.9868 0)
(0.439735 19.9898 0)
(0.44013 19.9922 0)
(0.440443 19.994 0)
(0.44069 19.9955 0)
(0.440883 19.9966 0)
(0.441035 19.9975 0)
(0.441153 19.9983 0)
(0.441246 19.9988 0)
(0.441317 19.9992 0)
(0.441373 19.9996 0)
(0.441415 19.9998 0)
(0.441449 20 0)
(0.441474 20.0002 0)
(0.441493 20.0003 0)
(0.441508 20.0004 0)
(0.44152 20.0004 0)
(0.441528 20.0005 0)
(0.441535 20.0005 0)
(0.44154 20.0006 0)
(0.441544 20.0006 0)
(0.441547 20.0006 0)
(0.441549 20.0006 0)
(0.441551 20.0006 0)
(0.441552 20.0006 0)
(0.441553 20.0006 0)
(0.441553 20.0006 0)
(0.441554 20.0006 0)
(0.441554 20.0006 0)
(0.441555 20.0006 0)
(0.441555 20.0006 0)
(0.441555 20.0006 0)
(0.441555 20.0006 0)
(0.441555 20.0006 0)
(0.441555 20.0006 0)
(0.441555 20.0006 0)
(0.441555 20.0006 0)
(0.441555 20.0006 0)
(0.441555 20.0006 0)
(0.441556 20.0006 0)
(0.441556 20.0006 0)
(0.441556 20.0006 0)
(0.441556 20.0006 0)
(0.441555 20.0006 0)
(0.441555 20.0006 0)
(0.441555 20.0006 0)
(0.441556 20.0006 0)
(0.441556 20.0006 0)
(0.441556 20.0006 0)
(0.441556 20.0006 0)
(0.441556 20.0006 0)
(0.441556 20.0006 0)
(0.441556 20.0006 0)
(0.441556 20.0006 0)
(0.441556 20.0006 0)
(0.441556 20.0006 0)
(0.441556 20.0006 0)
(0.441556 20.0006 0)
(0.441556 20.0006 0)
(0.441556 20.0006 0)
(0.441556 20.0006 0)
(0.441556 20.0006 0)
(0.441556 20.0006 0)
(0.441556 20.0006 0)
(0.441557 20.0006 0)
(0.441557 20.0006 0)
(0.441558 20.0006 0)
(0.441559 20.0006 0)
(0.441561 20.0006 0)
(0.441564 20.0006 0)
(0.441569 20.0006 0)
(0.441575 20.0006 0)
(0.441585 20.0006 0)
(0.4416 20.0005 0)
(0.441624 20.0004 0)
(0.441661 20.0003 0)
(0.44172 20.0002 0)
(0.441817 20 0)
(0.441985 19.9997 0)
(0.442275 19.9992 0)
(0.442807 19.9985 0)
(0.443749 19.9976 0)
(0.445527 19.9962 0)
(0.448272 19.9945 0)
(0.452516 19.9931 0)
(0.315049 19.5657 0)
(0.322579 19.6274 0)
(0.340775 19.7006 0)
(0.354585 19.763 0)
(0.363137 19.8123 0)
(0.368986 19.8507 0)
(0.373037 19.8812 0)
(0.376281 19.9054 0)
(0.378843 19.9248 0)
(0.380952 19.9403 0)
(0.382664 19.9527 0)
(0.384062 19.9626 0)
(0.385194 19.9706 0)
(0.386108 19.9769 0)
(0.386842 19.9819 0)
(0.38743 19.9859 0)
(0.387897 19.9891 0)
(0.388269 19.9916 0)
(0.388562 19.9936 0)
(0.388794 19.9951 0)
(0.388975 19.9964 0)
(0.389118 19.9973 0)
(0.389229 19.9981 0)
(0.389316 19.9987 0)
(0.389384 19.9991 0)
(0.389436 19.9995 0)
(0.389476 19.9998 0)
(0.389508 20 0)
(0.389532 20.0001 0)
(0.38955 20.0002 0)
(0.389564 20.0003 0)
(0.389575 20.0004 0)
(0.389583 20.0005 0)
(0.38959 20.0005 0)
(0.389595 20.0005 0)
(0.389598 20.0006 0)
(0.389601 20.0006 0)
(0.389603 20.0006 0)
(0.389605 20.0006 0)
(0.389606 20.0006 0)
(0.389607 20.0006 0)
(0.389607 20.0006 0)
(0.389608 20.0006 0)
(0.389608 20.0006 0)
(0.389609 20.0006 0)
(0.389609 20.0006 0)
(0.389609 20.0006 0)
(0.389609 20.0006 0)
(0.389609 20.0006 0)
(0.389609 20.0006 0)
(0.389609 20.0006 0)
(0.389609 20.0006 0)
(0.389609 20.0006 0)
(0.389609 20.0006 0)
(0.389609 20.0006 0)
(0.389609 20.0006 0)
(0.389609 20.0006 0)
(0.389609 20.0006 0)
(0.389609 20.0006 0)
(0.389609 20.0006 0)
(0.389609 20.0006 0)
(0.389609 20.0006 0)
(0.389609 20.0006 0)
(0.389609 20.0006 0)
(0.389609 20.0006 0)
(0.389609 20.0006 0)
(0.389609 20.0006 0)
(0.389609 20.0006 0)
(0.389609 20.0006 0)
(0.389609 20.0006 0)
(0.389609 20.0006 0)
(0.389609 20.0006 0)
(0.38961 20.0006 0)
(0.38961 20.0006 0)
(0.38961 20.0006 0)
(0.38961 20.0006 0)
(0.38961 20.0006 0)
(0.38961 20.0006 0)
(0.38961 20.0006 0)
(0.389611 20.0006 0)
(0.389611 20.0006 0)
(0.389612 20.0006 0)
(0.389613 20.0006 0)
(0.389615 20.0006 0)
(0.389618 20.0006 0)
(0.389622 20.0006 0)
(0.389628 20.0006 0)
(0.389637 20.0005 0)
(0.389652 20.0005 0)
(0.389674 20.0004 0)
(0.389709 20.0003 0)
(0.389765 20.0002 0)
(0.389858 19.9999 0)
(0.390019 19.9996 0)
(0.3903 19.9991 0)
(0.390814 19.9983 0)
(0.391723 19.9971 0)
(0.393429 19.9955 0)
(0.396034 19.9932 0)
(0.399993 19.9912 0)
(0.272395 19.5511 0)
(0.278389 19.6104 0)
(0.293931 19.6853 0)
(0.30598 19.7509 0)
(0.313641 19.8028 0)
(0.318904 19.8432 0)
(0.322584 19.8751 0)
(0.325528 19.9005 0)
(0.327857 19.9209 0)
(0.329774 19.9372 0)
(0.331331 19.9502 0)
(0.332603 19.9606 0)
(0.333634 19.969 0)
(0.334467 19.9756 0)
(0.335136 19.9809 0)
(0.335671 19.9851 0)
(0.336097 19.9885 0)
(0.336436 19.9911 0)
(0.336704 19.9932 0)
(0.336915 19.9948 0)
(0.337081 19.9961 0)
(0.337211 19.9971 0)
(0.337313 19.9979 0)
(0.337393 19.9986 0)
(0.337454 19.999 0)
(0.337502 19.9994 0)
(0.337539 19.9997 0)
(0.337568 19.9999 0)
(0.33759 20.0001 0)
(0.337607 20.0002 0)
(0.33762 20.0003 0)
(0.33763 20.0004 0)
(0.337638 20.0005 0)
(0.337644 20.0005 0)
(0.337648 20.0005 0)
(0.337652 20.0006 0)
(0.337654 20.0006 0)
(0.337656 20.0006 0)
(0.337658 20.0006 0)
(0.337659 20.0006 0)
(0.33766 20.0006 0)
(0.33766 20.0006 0)
(0.337661 20.0006 0)
(0.337661 20.0006 0)
(0.337661 20.0006 0)
(0.337661 20.0006 0)
(0.337662 20.0006 0)
(0.337662 20.0006 0)
(0.337662 20.0006 0)
(0.337662 20.0006 0)
(0.337662 20.0006 0)
(0.337662 20.0006 0)
(0.337662 20.0006 0)
(0.337662 20.0006 0)
(0.337662 20.0006 0)
(0.337662 20.0006 0)
(0.337662 20.0006 0)
(0.337662 20.0006 0)
(0.337662 20.0006 0)
(0.337662 20.0006 0)
(0.337662 20.0006 0)
(0.337662 20.0006 0)
(0.337662 20.0006 0)
(0.337662 20.0006 0)
(0.337662 20.0006 0)
(0.337662 20.0006 0)
(0.337662 20.0006 0)
(0.337662 20.0006 0)
(0.337662 20.0006 0)
(0.337662 20.0006 0)
(0.337662 20.0006 0)
(0.337662 20.0006 0)
(0.337662 20.0006 0)
(0.337662 20.0006 0)
(0.337662 20.0006 0)
(0.337662 20.0006 0)
(0.337662 20.0006 0)
(0.337662 20.0006 0)
(0.337663 20.0006 0)
(0.337663 20.0006 0)
(0.337664 20.0006 0)
(0.337664 20.0006 0)
(0.337665 20.0006 0)
(0.337667 20.0006 0)
(0.33767 20.0006 0)
(0.337673 20.0006 0)
(0.337679 20.0006 0)
(0.337688 20.0005 0)
(0.337701 20.0005 0)
(0.337721 20.0004 0)
(0.337753 20.0003 0)
(0.337805 20.0001 0)
(0.337892 19.9999 0)
(0.338042 19.9995 0)
(0.338304 19.9989 0)
(0.338786 19.9981 0)
(0.339635 19.9967 0)
(0.341221 19.9948 0)
(0.343618 19.992 0)
(0.347206 19.9895 0)
(0.230045 19.5389 0)
(0.234756 19.5961 0)
(0.24772 19.6723 0)
(0.257957 19.7405 0)
(0.264607 19.7946 0)
(0.269198 19.8366 0)
(0.272433 19.8699 0)
(0.275021 19.8963 0)
(0.277071 19.9175 0)
(0.278758 19.9344 0)
(0.280129 19.948 0)
(0.28125 19.9589 0)
(0.282158 19.9676 0)
(0.282892 19.9745 0)
(0.283482 19.9801 0)
(0.283955 19.9844 0)
(0.284331 19.9879 0)
(0.28463 19.9907 0)
(0.284866 19.9929 0)
(0.285053 19.9946 0)
(0.2852 19.9959 0)
(0.285315 19.997 0)
(0.285405 19.9978 0)
(0.285475 19.9984 0)
(0.28553 19.999 0)
(0.285572 19.9993 0)
(0.285605 19.9996 0)
(0.285631 19.9999 0)
(0.28565 20.0001 0)
(0.285665 20.0002 0)
(0.285677 20.0003 0)
(0.285686 20.0004 0)
(0.285693 20.0004 0)
(0.285698 20.0005 0)
(0.285702 20.0005 0)
(0.285705 20.0006 0)
(0.285707 20.0006 0)
(0.285709 20.0006 0)
(0.28571 20.0006 0)
(0.285711 20.0006 0)
(0.285712 20.0006 0)
(0.285712 20.0006 0)
(0.285713 20.0006 0)
(0.285713 20.0006 0)
(0.285713 20.0006 0)
(0.285714 20.0006 0)
(0.285714 20.0006 0)
(0.285714 20.0006 0)
(0.285714 20.0006 0)
(0.285714 20.0006 0)
(0.285714 20.0006 0)
(0.285714 20.0006 0)
(0.285714 20.0006 0)
(0.285714 20.0006 0)
(0.285714 20.0006 0)
(0.285714 20.0006 0)
(0.285714 20.0006 0)
(0.285714 20.0006 0)
(0.285714 20.0006 0)
(0.285714 20.0006 0)
(0.285714 20.0006 0)
(0.285714 20.0006 0)
(0.285714 20.0006 0)
(0.285714 20.0006 0)
(0.285714 20.0006 0)
(0.285714 20.0006 0)
(0.285714 20.0006 0)
(0.285714 20.0006 0)
(0.285714 20.0006 0)
(0.285714 20.0006 0)
(0.285714 20.0006 0)
(0.285714 20.0006 0)
(0.285714 20.0006 0)
(0.285714 20.0006 0)
(0.285714 20.0006 0)
(0.285714 20.0006 0)
(0.285714 20.0006 0)
(0.285715 20.0006 0)
(0.285715 20.0006 0)
(0.285715 20.0006 0)
(0.285716 20.0006 0)
(0.285716 20.0006 0)
(0.285717 20.0006 0)
(0.285719 20.0006 0)
(0.285721 20.0006 0)
(0.285724 20.0006 0)
(0.285729 20.0006 0)
(0.285737 20.0005 0)
(0.285749 20.0005 0)
(0.285767 20.0004 0)
(0.285795 20.0003 0)
(0.285842 20.0001 0)
(0.285919 19.9998 0)
(0.286054 19.9994 0)
(0.286291 19.9988 0)
(0.286726 19.9979 0)
(0.28749 19.9964 0)
(0.288911 19.9941 0)
(0.291042 19.9909 0)
(0.294187 19.9879 0)
(0.187931 19.5289 0)
(0.191552 19.5843 0)
(0.202022 19.6614 0)
(0.210416 19.7317 0)
(0.215966 19.7877 0)
(0.219812 19.8311 0)
(0.222542 19.8654 0)
(0.224725 19.8927 0)
(0.226456 19.9146 0)
(0.227882 19.9321 0)
(0.22904 19.9462 0)
(0.229987 19.9574 0)
(0.230755 19.9664 0)
(0.231376 19.9736 0)
(0.231875 19.9793 0)
(0.232275 19.9839 0)
(0.232594 19.9875 0)
(0.232847 19.9903 0)
(0.233047 19.9926 0)
(0.233205 19.9943 0)
(0.233329 19.9957 0)
(0.233427 19.9968 0)
(0.233503 19.9977 0)
(0.233563 19.9984 0)
(0.233609 19.9989 0)
(0.233645 19.9993 0)
(0.233673 19.9996 0)
(0.233695 19.9998 0)
(0.233712 20 0)
(0.233724 20.0002 0)
(0.233734 20.0003 0)
(0.233742 20.0004 0)
(0.233748 20.0004 0)
(0.233752 20.0005 0)
(0.233756 20.0005 0)
(0.233758 20.0006 0)
(0.23376 20.0006 0)
(0.233762 20.0006 0)
(0.233763 20.0006 0)
(0.233764 20.0006 0)
(0.233764 20.0006 0)
(0.233765 20.0006 0)
(0.233765 20.0006 0)
(0.233765 20.0006 0)
(0.233766 20.0006 0)
(0.233766 20.0006 0)
(0.233766 20.0006 0)
(0.233766 20.0006 0)
(0.233766 20.0006 0)
(0.233766 20.0006 0)
(0.233766 20.0006 0)
(0.233766 20.0006 0)
(0.233766 20.0006 0)
(0.233766 20.0006 0)
(0.233766 20.0006 0)
(0.233766 20.0006 0)
(0.233766 20.0006 0)
(0.233766 20.0006 0)
(0.233766 20.0006 0)
(0.233766 20.0006 0)
(0.233766 20.0006 0)
(0.233766 20.0006 0)
(0.233766 20.0006 0)
(0.233766 20.0006 0)
(0.233766 20.0006 0)
(0.233766 20.0006 0)
(0.233766 20.0006 0)
(0.233766 20.0006 0)
(0.233766 20.0006 0)
(0.233766 20.0006 0)
(0.233766 20.0006 0)
(0.233766 20.0006 0)
(0.233766 20.0006 0)
(0.233766 20.0006 0)
(0.233766 20.0006 0)
(0.233766 20.0006 0)
(0.233766 20.0006 0)
(0.233767 20.0006 0)
(0.233767 20.0006 0)
(0.233767 20.0006 0)
(0.233767 20.0006 0)
(0.233768 20.0006 0)
(0.233769 20.0006 0)
(0.23377 20.0006 0)
(0.233772 20.0006 0)
(0.233775 20.0006 0)
(0.233779 20.0006 0)
(0.233785 20.0005 0)
(0.233795 20.0005 0)
(0.233811 20.0004 0)
(0.233835 20.0003 0)
(0.233875 20.0001 0)
(0.233942 19.9998 0)
(0.234058 19.9994 0)
(0.234262 19.9987 0)
(0.234636 19.9977 0)
(0.235294 19.996 0)
(0.236511 19.9935 0)
(0.238324 19.9899 0)
(0.240971 19.9866 0)
(0.145996 19.521 0)
(0.148675 19.5749 0)
(0.156728 19.6526 0)
(0.163263 19.7246 0)
(0.167643 19.7821 0)
(0.170691 19.8267 0)
(0.172865 19.8618 0)
(0.174603 19.8898 0)
(0.175984 19.9123 0)
(0.17712 19.9303 0)
(0.178044 19.9447 0)
(0.1788 19.9563 0)
(0.179413 19.9655 0)
(0.179908 19.9729 0)
(0.180307 19.9787 0)
(0.180626 19.9834 0)
(0.180881 19.9871 0)
(0.181083 19.99 0)
(0.181243 19.9923 0)
(0.181369 19.9942 0)
(0.181468 19.9956 0)
(0.181546 19.9967 0)
(0.181607 19.9976 0)
(0.181655 19.9983 0)
(0.181692 19.9988 0)
(0.181721 19.9992 0)
(0.181744 19.9996 0)
(0.181761 19.9998 0)
(0.181774 20 0)
(0.181785 20.0002 0)
(0.181793 20.0003 0)
(0.181799 20.0004 0)
(0.181803 20.0004 0)
(0.181807 20.0005 0)
(0.18181 20.0005 0)
(0.181812 20.0005 0)
(0.181813 20.0006 0)
(0.181815 20.0006 0)
(0.181815 20.0006 0)
(0.181816 20.0006 0)
(0.181817 20.0006 0)
(0.181817 20.0006 0)
(0.181817 20.0006 0)
(0.181817 20.0006 0)
(0.181818 20.0006 0)
(0.181818 20.0006 0)
(0.181818 20.0006 0)
(0.181818 20.0006 0)
(0.181818 20.0006 0)
(0.181818 20.0006 0)
(0.181818 20.0006 0)
(0.181818 20.0006 0)
(0.181818 20.0006 0)
(0.181818 20.0006 0)
(0.181818 20.0006 0)
(0.181818 20.0006 0)
(0.181818 20.0006 0)
(0.181818 20.0006 0)
(0.181818 20.0006 0)
(0.181818 20.0006 0)
(0.181818 20.0006 0)
(0.181818 20.0006 0)
(0.181818 20.0006 0)
(0.181818 20.0006 0)
(0.181818 20.0006 0)
(0.181818 20.0006 0)
(0.181818 20.0006 0)
(0.181818 20.0006 0)
(0.181818 20.0006 0)
(0.181818 20.0006 0)
(0.181818 20.0006 0)
(0.181818 20.0006 0)
(0.181818 20.0006 0)
(0.181818 20.0006 0)
(0.181818 20.0006 0)
(0.181818 20.0006 0)
(0.181818 20.0006 0)
(0.181818 20.0006 0)
(0.181819 20.0006 0)
(0.181819 20.0006 0)
(0.181819 20.0006 0)
(0.18182 20.0006 0)
(0.18182 20.0006 0)
(0.181821 20.0006 0)
(0.181823 20.0006 0)
(0.181825 20.0006 0)
(0.181828 20.0006 0)
(0.181834 20.0005 0)
(0.181842 20.0005 0)
(0.181854 20.0004 0)
(0.181874 20.0003 0)
(0.181906 20.0001 0)
(0.181959 19.9998 0)
(0.182053 19.9993 0)
(0.182218 19.9986 0)
(0.182522 19.9975 0)
(0.183054 19.9958 0)
(0.184036 19.993 0)
(0.185489 19.9891 0)
(0.187591 19.9854 0)
(0.104193 19.5152 0)
(0.106035 19.5679 0)
(0.111737 19.6461 0)
(0.116407 19.7193 0)
(0.119569 19.7779 0)
(0.121775 19.8233 0)
(0.123355 19.8591 0)
(0.124618 19.8876 0)
(0.125622 19.9105 0)
(0.126449 19.9289 0)
(0.127121 19.9436 0)
(0.127671 19.9554 0)
(0.128117 19.9648 0)
(0.128478 19.9723 0)
(0.128769 19.9783 0)
(0.129001 19.983 0)
(0.129186 19.9868 0)
(0.129334 19.9898 0)
(0.12945 19.9921 0)
(0.129542 19.994 0)
(0.129615 19.9955 0)
(0.129672 19.9966 0)
(0.129716 19.9975 0)
(0.129751 19.9982 0)
(0.129778 19.9988 0)
(0.129799 19.9992 0)
(0.129816 19.9995 0)
(0.129828 19.9998 0)
(0.129838 20 0)
(0.129846 20.0001 0)
(0.129851 20.0003 0)
(0.129856 20.0004 0)
(0.129859 20.0004 0)
(0.129862 20.0005 0)
(0.129864 20.0005 0)
(0.129865 20.0005 0)
(0.129867 20.0006 0)
(0.129867 20.0006 0)
(0.129868 20.0006 0)
(0.129869 20.0006 0)
(0.129869 20.0006 0)
(0.129869 20.0006 0)
(0.129869 20.0006 0)
(0.12987 20.0006 0)
(0.12987 20.0006 0)
(0.12987 20.0006 0)
(0.12987 20.0006 0)
(0.12987 20.0006 0)
(0.12987 20.0006 0)
(0.12987 20.0006 0)
(0.12987 20.0006 0)
(0.12987 20.0006 0)
(0.12987 20.0006 0)
(0.12987 20.0006 0)
(0.12987 20.0006 0)
(0.12987 20.0006 0)
(0.12987 20.0006 0)
(0.12987 20.0006 0)
(0.12987 20.0006 0)
(0.12987 20.0006 0)
(0.12987 20.0006 0)
(0.12987 20.0006 0)
(0.12987 20.0006 0)
(0.12987 20.0006 0)
(0.12987 20.0006 0)
(0.12987 20.0006 0)
(0.12987 20.0006 0)
(0.12987 20.0006 0)
(0.12987 20.0006 0)
(0.12987 20.0006 0)
(0.12987 20.0006 0)
(0.12987 20.0006 0)
(0.12987 20.0006 0)
(0.12987 20.0006 0)
(0.12987 20.0006 0)
(0.12987 20.0006 0)
(0.12987 20.0006 0)
(0.12987 20.0006 0)
(0.12987 20.0006 0)
(0.129871 20.0006 0)
(0.129871 20.0006 0)
(0.129871 20.0006 0)
(0.129872 20.0006 0)
(0.129872 20.0006 0)
(0.129873 20.0006 0)
(0.129875 20.0006 0)
(0.129878 20.0006 0)
(0.129881 20.0005 0)
(0.129887 20.0005 0)
(0.129896 20.0004 0)
(0.129911 20.0002 0)
(0.129934 20 0)
(0.129974 19.9997 0)
(0.130043 19.9993 0)
(0.130164 19.9986 0)
(0.130388 19.9974 0)
(0.130779 19.9956 0)
(0.131499 19.9927 0)
(0.13256 19.9884 0)
(0.134085 19.9846 0)
(0.0624809 19.5113 0)
(0.0635585 19.5633 0)
(0.0669594 19.6418 0)
(0.0697614 19.7158 0)
(0.0716712 19.775 0)
(0.0730059 19.821 0)
(0.0739646 19.8573 0)
(0.0747313 19.8862 0)
(0.0753411 19.9093 0)
(0.0758429 19.9279 0)
(0.0762512 19.9428 0)
(0.0765853 19.9548 0)
(0.0768563 19.9643 0)
(0.0770757 19.9719 0)
(0.0772521 19.978 0)
(0.0773934 19.9828 0)
(0.0775061 19.9866 0)
(0.0775957 19.9896 0)
(0.0776666 19.992 0)
(0.0777226 19.9939 0)
(0.0777667 19.9954 0)
(0.0778013 19.9966 0)
(0.0778284 19.9975 0)
(0.0778496 19.9982 0)
(0.0778661 19.9988 0)
(0.0778789 19.9992 0)
(0.0778889 19.9995 0)
(0.0778966 19.9998 0)
(0.0779025 20 0)
(0.0779071 20.0001 0)
(0.0779107 20.0003 0)
(0.0779134 20.0003 0)
(0.0779155 20.0004 0)
(0.0779171 20.0005 0)
(0.0779183 20.0005 0)
(0.0779192 20.0005 0)
(0.0779199 20.0006 0)
(0.0779205 20.0006 0)
(0.0779209 20.0006 0)
(0.0779211 20.0006 0)
(0.0779214 20.0006 0)
(0.0779215 20.0006 0)
(0.0779217 20.0006 0)
(0.0779217 20.0006 0)
(0.0779218 20.0006 0)
(0.0779219 20.0006 0)
(0.0779219 20.0006 0)
(0.077922 20.0006 0)
(0.077922 20.0006 0)
(0.077922 20.0006 0)
(0.0779221 20.0006 0)
(0.0779221 20.0006 0)
(0.0779221 20.0006 0)
(0.0779221 20.0006 0)
(0.0779221 20.0006 0)
(0.0779221 20.0006 0)
(0.0779221 20.0006 0)
(0.0779221 20.0006 0)
(0.0779221 20.0006 0)
(0.077922 20.0006 0)
(0.077922 20.0006 0)
(0.077922 20.0006 0)
(0.077922 20.0006 0)
(0.0779221 20.0006 0)
(0.0779221 20.0006 0)
(0.0779221 20.0006 0)
(0.0779221 20.0006 0)
(0.0779221 20.0006 0)
(0.0779221 20.0006 0)
(0.0779221 20.0006 0)
(0.0779221 20.0006 0)
(0.0779221 20.0006 0)
(0.0779221 20.0006 0)
(0.0779221 20.0006 0)
(0.0779222 20.0006 0)
(0.0779222 20.0006 0)
(0.0779222 20.0006 0)
(0.0779222 20.0006 0)
(0.0779223 20.0006 0)
(0.0779224 20.0006 0)
(0.0779225 20.0006 0)
(0.0779227 20.0006 0)
(0.077923 20.0006 0)
(0.0779235 20.0006 0)
(0.0779241 20.0006 0)
(0.0779251 20.0006 0)
(0.0779266 20.0006 0)
(0.0779289 20.0005 0)
(0.0779325 20.0005 0)
(0.077938 20.0004 0)
(0.0779467 20.0002 0)
(0.0779611 20 0)
(0.0779852 19.9997 0)
(0.0780274 19.9992 0)
(0.0781019 19.9985 0)
(0.0782388 19.9973 0)
(0.0784781 19.9954 0)
(0.0789174 19.9924 0)
(0.0795636 19.988 0)
(0.0804878 19.984 0)
(0.0208215 19.5094 0)
(0.0211762 19.561 0)
(0.0223064 19.6396 0)
(0.0232404 19.714 0)
(0.0238791 19.7736 0)
(0.0243257 19.8199 0)
(0.0246469 19.8564 0)
(0.0249037 19.8854 0)
(0.0251079 19.9087 0)
(0.025276 19.9274 0)
(0.0254128 19.9424 0)
(0.0255248 19.9544 0)
(0.0256157 19.964 0)
(0.0256893 19.9717 0)
(0.0257486 19.9778 0)
(0.0257961 19.9827 0)
(0.025834 19.9865 0)
(0.0258642 19.9896 0)
(0.0258881 19.992 0)
(0.0259069 19.9939 0)
(0.0259218 19.9954 0)
(0.0259335 19.9965 0)
(0.0259426 19.9975 0)
(0.0259497 19.9982 0)
(0.0259553 19.9987 0)
(0.0259596 19.9992 0)
(0.0259629 19.9995 0)
(0.0259655 19.9998 0)
(0.0259675 20 0)
(0.0259691 20.0001 0)
(0.0259702 20.0003 0)
(0.0259711 20.0003 0)
(0.0259718 20.0004 0)
(0.0259724 20.0005 0)
(0.0259728 20.0005 0)
(0.0259731 20.0005 0)
(0.0259733 20.0006 0)
(0.0259735 20.0006 0)
(0.0259736 20.0006 0)
(0.0259737 20.0006 0)
(0.0259738 20.0006 0)
(0.0259738 20.0006 0)
(0.0259739 20.0006 0)
(0.0259739 20.0006 0)
(0.0259739 20.0006 0)
(0.0259739 20.0006 0)
(0.025974 20.0006 0)
(0.025974 20.0006 0)
(0.025974 20.0006 0)
(0.025974 20.0006 0)
(0.025974 20.0006 0)
(0.025974 20.0006 0)
(0.025974 20.0006 0)
(0.025974 20.0006 0)
(0.025974 20.0006 0)
(0.025974 20.0006 0)
(0.025974 20.0006 0)
(0.025974 20.0006 0)
(0.025974 20.0006 0)
(0.025974 20.0006 0)
(0.025974 20.0006 0)
(0.025974 20.0006 0)
(0.025974 20.0006 0)
(0.025974 20.0006 0)
(0.025974 20.0006 0)
(0.025974 20.0006 0)
(0.025974 20.0006 0)
(0.025974 20.0006 0)
(0.0259741 20.0006 0)
(0.0259741 20.0006 0)
(0.0259741 20.0006 0)
(0.0259741 20.0006 0)
(0.0259741 20.0006 0)
(0.0259741 20.0006 0)
(0.0259741 20.0006 0)
(0.0259741 20.0006 0)
(0.0259741 20.0006 0)
(0.0259741 20.0006 0)
(0.0259741 20.0006 0)
(0.0259742 20.0006 0)
(0.0259742 20.0006 0)
(0.0259743 20.0006 0)
(0.0259744 20.0006 0)
(0.0259745 20.0006 0)
(0.0259747 20.0006 0)
(0.0259751 20.0006 0)
(0.0259756 20.0006 0)
(0.0259763 20.0005 0)
(0.0259775 20.0005 0)
(0.0259793 20.0004 0)
(0.0259823 20.0002 0)
(0.0259871 20 0)
(0.0259952 19.9997 0)
(0.0260094 19.9992 0)
(0.0260345 19.9985 0)
(0.0260806 19.9973 0)
(0.0261611 19.9953 0)
(0.0263088 19.9923 0)
(0.0265258 19.9878 0)
(0.0268354 19.9837 0)
(-0.0208206 19.5094 0)
(-0.0211751 19.561 0)
(-0.0223051 19.6396 0)
(-0.023239 19.714 0)
(-0.0238778 19.7736 0)
(-0.0243249 19.8199 0)
(-0.0246467 19.8564 0)
(-0.0249042 19.8854 0)
(-0.0251092 19.9087 0)
(-0.0252778 19.9274 0)
(-0.025415 19.9424 0)
(-0.0255271 19.9544 0)
(-0.025618 19.964 0)
(-0.0256915 19.9717 0)
(-0.0257505 19.9778 0)
(-0.0257977 19.9827 0)
(-0.0258353 19.9865 0)
(-0.0258651 19.9896 0)
(-0.0258887 19.992 0)
(-0.0259074 19.9939 0)
(-0.025922 19.9954 0)
(-0.0259335 19.9965 0)
(-0.0259426 19.9975 0)
(-0.0259496 19.9982 0)
(-0.0259552 19.9987 0)
(-0.0259594 19.9992 0)
(-0.0259628 19.9995 0)
(-0.0259654 19.9998 0)
(-0.0259674 20 0)
(-0.0259689 20.0001 0)
(-0.0259701 20.0003 0)
(-0.025971 20.0003 0)
(-0.0259717 20.0004 0)
(-0.0259723 20.0005 0)
(-0.0259727 20.0005 0)
(-0.025973 20.0005 0)
(-0.0259732 20.0006 0)
(-0.0259734 20.0006 0)
(-0.0259736 20.0006 0)
(-0.0259737 20.0006 0)
(-0.0259738 20.0006 0)
(-0.0259738 20.0006 0)
(-0.0259739 20.0006 0)
(-0.0259739 20.0006 0)
(-0.025974 20.0006 0)
(-0.025974 20.0006 0)
(-0.025974 20.0006 0)
(-0.025974 20.0006 0)
(-0.025974 20.0006 0)
(-0.025974 20.0006 0)
(-0.025974 20.0006 0)
(-0.025974 20.0006 0)
(-0.025974 20.0006 0)
(-0.025974 20.0006 0)
(-0.025974 20.0006 0)
(-0.025974 20.0006 0)
(-0.025974 20.0006 0)
(-0.025974 20.0006 0)
(-0.025974 20.0006 0)
(-0.0259741 20.0006 0)
(-0.0259741 20.0006 0)
(-0.0259741 20.0006 0)
(-0.0259741 20.0006 0)
(-0.0259741 20.0006 0)
(-0.0259741 20.0006 0)
(-0.025974 20.0006 0)
(-0.025974 20.0006 0)
(-0.025974 20.0006 0)
(-0.025974 20.0006 0)
(-0.025974 20.0006 0)
(-0.025974 20.0006 0)
(-0.025974 20.0006 0)
(-0.025974 20.0006 0)
(-0.025974 20.0006 0)
(-0.025974 20.0006 0)
(-0.025974 20.0006 0)
(-0.025974 20.0006 0)
(-0.025974 20.0006 0)
(-0.025974 20.0006 0)
(-0.0259741 20.0006 0)
(-0.0259741 20.0006 0)
(-0.0259742 20.0006 0)
(-0.0259743 20.0006 0)
(-0.0259744 20.0006 0)
(-0.0259747 20.0006 0)
(-0.025975 20.0006 0)
(-0.0259756 20.0006 0)
(-0.0259763 20.0005 0)
(-0.0259776 20.0005 0)
(-0.0259794 20.0004 0)
(-0.0259824 20.0002 0)
(-0.0259872 20 0)
(-0.0259953 19.9997 0)
(-0.0260095 19.9992 0)
(-0.0260345 19.9985 0)
(-0.0260806 19.9973 0)
(-0.0261611 19.9953 0)
(-0.0263088 19.9923 0)
(-0.0265258 19.9878 0)
(-0.0268353 19.9837 0)
(-0.0624801 19.5113 0)
(-0.0635574 19.5633 0)
(-0.0669581 19.6418 0)
(-0.06976 19.7158 0)
(-0.0716699 19.775 0)
(-0.0730051 19.821 0)
(-0.0739645 19.8573 0)
(-0.0747318 19.8862 0)
(-0.0753424 19.9093 0)
(-0.0758447 19.9279 0)
(-0.0762533 19.9428 0)
(-0.0765876 19.9548 0)
(-0.0768586 19.9643 0)
(-0.0770778 19.9719 0)
(-0.077254 19.978 0)
(-0.077395 19.9828 0)
(-0.0775073 19.9866 0)
(-0.0775966 19.9896 0)
(-0.0776672 19.992 0)
(-0.077723 19.9939 0)
(-0.0777669 19.9954 0)
(-0.0778014 19.9966 0)
(-0.0778284 19.9975 0)
(-0.0778495 19.9982 0)
(-0.077866 19.9988 0)
(-0.0778788 19.9992 0)
(-0.0778887 19.9995 0)
(-0.0778964 19.9998 0)
(-0.0779024 20 0)
(-0.077907 20.0001 0)
(-0.0779105 20.0003 0)
(-0.0779133 20.0003 0)
(-0.0779154 20.0004 0)
(-0.0779169 20.0005 0)
(-0.0779182 20.0005 0)
(-0.0779191 20.0005 0)
(-0.0779198 20.0006 0)
(-0.0779204 20.0006 0)
(-0.0779208 20.0006 0)
(-0.0779211 20.0006 0)
(-0.0779214 20.0006 0)
(-0.0779215 20.0006 0)
(-0.0779217 20.0006 0)
(-0.0779218 20.0006 0)
(-0.0779219 20.0006 0)
(-0.0779219 20.0006 0)
(-0.077922 20.0006 0)
(-0.077922 20.0006 0)
(-0.077922 20.0006 0)
(-0.077922 20.0006 0)
(-0.077922 20.0006 0)
(-0.077922 20.0006 0)
(-0.0779221 20.0006 0)
(-0.0779221 20.0006 0)
(-0.077922 20.0006 0)
(-0.0779221 20.0006 0)
(-0.0779221 20.0006 0)
(-0.0779221 20.0006 0)
(-0.0779221 20.0006 0)
(-0.0779221 20.0006 0)
(-0.0779221 20.0006 0)
(-0.0779221 20.0006 0)
(-0.0779221 20.0006 0)
(-0.0779221 20.0006 0)
(-0.0779221 20.0006 0)
(-0.0779221 20.0006 0)
(-0.0779221 20.0006 0)
(-0.0779221 20.0006 0)
(-0.0779221 20.0006 0)
(-0.0779221 20.0006 0)
(-0.0779221 20.0006 0)
(-0.077922 20.0006 0)
(-0.0779221 20.0006 0)
(-0.0779221 20.0006 0)
(-0.0779221 20.0006 0)
(-0.0779221 20.0006 0)
(-0.0779221 20.0006 0)
(-0.0779221 20.0006 0)
(-0.0779222 20.0006 0)
(-0.0779223 20.0006 0)
(-0.0779224 20.0006 0)
(-0.0779226 20.0006 0)
(-0.0779229 20.0006 0)
(-0.0779234 20.0006 0)
(-0.0779241 20.0006 0)
(-0.0779251 20.0006 0)
(-0.0779266 20.0006 0)
(-0.077929 20.0005 0)
(-0.0779325 20.0005 0)
(-0.0779381 20.0004 0)
(-0.0779468 20.0002 0)
(-0.0779612 20 0)
(-0.0779853 19.9997 0)
(-0.0780275 19.9992 0)
(-0.0781019 19.9985 0)
(-0.0782388 19.9973 0)
(-0.0784781 19.9954 0)
(-0.0789173 19.9924 0)
(-0.0795636 19.988 0)
(-0.0804877 19.984 0)
(-0.104192 19.5152 0)
(-0.106034 19.5679 0)
(-0.111736 19.6461 0)
(-0.116406 19.7193 0)
(-0.119568 19.7779 0)
(-0.121774 19.8233 0)
(-0.123354 19.8591 0)
(-0.124619 19.8876 0)
(-0.125624 19.9105 0)
(-0.126451 19.9289 0)
(-0.127123 19.9436 0)
(-0.127674 19.9554 0)
(-0.12812 19.9648 0)
(-0.128481 19.9723 0)
(-0.128771 19.9783 0)
(-0.129003 19.983 0)
(-0.129188 19.9868 0)
(-0.129335 19.9898 0)
(-0.129451 19.9921 0)
(-0.129543 19.994 0)
(-0.129615 19.9955 0)
(-0.129672 19.9966 0)
(-0.129716 19.9975 0)
(-0.129751 19.9982 0)
(-0.129778 19.9988 0)
(-0.129799 19.9992 0)
(-0.129815 19.9995 0)
(-0.129828 19.9998 0)
(-0.129838 20 0)
(-0.129845 20.0001 0)
(-0.129851 20.0003 0)
(-0.129856 20.0004 0)
(-0.129859 20.0004 0)
(-0.129862 20.0005 0)
(-0.129864 20.0005 0)
(-0.129865 20.0005 0)
(-0.129866 20.0006 0)
(-0.129867 20.0006 0)
(-0.129868 20.0006 0)
(-0.129869 20.0006 0)
(-0.129869 20.0006 0)
(-0.129869 20.0006 0)
(-0.129869 20.0006 0)
(-0.12987 20.0006 0)
(-0.12987 20.0006 0)
(-0.12987 20.0006 0)
(-0.12987 20.0006 0)
(-0.12987 20.0006 0)
(-0.12987 20.0006 0)
(-0.12987 20.0006 0)
(-0.12987 20.0006 0)
(-0.12987 20.0006 0)
(-0.12987 20.0006 0)
(-0.12987 20.0006 0)
(-0.12987 20.0006 0)
(-0.12987 20.0006 0)
(-0.12987 20.0006 0)
(-0.12987 20.0006 0)
(-0.12987 20.0006 0)
(-0.12987 20.0006 0)
(-0.12987 20.0006 0)
(-0.12987 20.0006 0)
(-0.12987 20.0006 0)
(-0.12987 20.0006 0)
(-0.12987 20.0006 0)
(-0.12987 20.0006 0)
(-0.12987 20.0006 0)
(-0.12987 20.0006 0)
(-0.12987 20.0006 0)
(-0.12987 20.0006 0)
(-0.12987 20.0006 0)
(-0.12987 20.0006 0)
(-0.12987 20.0006 0)
(-0.12987 20.0006 0)
(-0.12987 20.0006 0)
(-0.12987 20.0006 0)
(-0.12987 20.0006 0)
(-0.12987 20.0006 0)
(-0.12987 20.0006 0)
(-0.129871 20.0006 0)
(-0.129871 20.0006 0)
(-0.129871 20.0006 0)
(-0.129872 20.0006 0)
(-0.129872 20.0006 0)
(-0.129873 20.0006 0)
(-0.129875 20.0006 0)
(-0.129878 20.0006 0)
(-0.129881 20.0005 0)
(-0.129887 20.0005 0)
(-0.129896 20.0004 0)
(-0.129911 20.0002 0)
(-0.129934 20 0)
(-0.129974 19.9997 0)
(-0.130043 19.9993 0)
(-0.130164 19.9985 0)
(-0.130388 19.9974 0)
(-0.130779 19.9956 0)
(-0.131499 19.9927 0)
(-0.13256 19.9884 0)
(-0.134085 19.9846 0)
(-0.145995 19.521 0)
(-0.148674 19.5749 0)
(-0.156727 19.6526 0)
(-0.163262 19.7246 0)
(-0.167642 19.7821 0)
(-0.17069 19.8267 0)
(-0.172865 19.8618 0)
(-0.174604 19.8898 0)
(-0.175985 19.9123 0)
(-0.177122 19.9303 0)
(-0.178046 19.9447 0)
(-0.178802 19.9563 0)
(-0.179415 19.9655 0)
(-0.179911 19.9729 0)
(-0.180309 19.9787 0)
(-0.180628 19.9834 0)
(-0.180882 19.9871 0)
(-0.181084 19.99 0)
(-0.181243 19.9923 0)
(-0.181369 19.9942 0)
(-0.181469 19.9956 0)
(-0.181546 19.9967 0)
(-0.181607 19.9976 0)
(-0.181655 19.9983 0)
(-0.181692 19.9988 0)
(-0.181721 19.9992 0)
(-0.181743 19.9996 0)
(-0.181761 19.9998 0)
(-0.181774 20 0)
(-0.181784 20.0002 0)
(-0.181792 20.0003 0)
(-0.181799 20.0004 0)
(-0.181803 20.0004 0)
(-0.181807 20.0005 0)
(-0.18181 20.0005 0)
(-0.181812 20.0005 0)
(-0.181813 20.0006 0)
(-0.181814 20.0006 0)
(-0.181815 20.0006 0)
(-0.181816 20.0006 0)
(-0.181817 20.0006 0)
(-0.181817 20.0006 0)
(-0.181817 20.0006 0)
(-0.181818 20.0006 0)
(-0.181818 20.0006 0)
(-0.181818 20.0006 0)
(-0.181818 20.0006 0)
(-0.181818 20.0006 0)
(-0.181818 20.0006 0)
(-0.181818 20.0006 0)
(-0.181818 20.0006 0)
(-0.181818 20.0006 0)
(-0.181818 20.0006 0)
(-0.181818 20.0006 0)
(-0.181818 20.0006 0)
(-0.181818 20.0006 0)
(-0.181818 20.0006 0)
(-0.181818 20.0006 0)
(-0.181818 20.0006 0)
(-0.181818 20.0006 0)
(-0.181818 20.0006 0)
(-0.181818 20.0006 0)
(-0.181818 20.0006 0)
(-0.181818 20.0006 0)
(-0.181818 20.0006 0)
(-0.181818 20.0006 0)
(-0.181818 20.0006 0)
(-0.181818 20.0006 0)
(-0.181818 20.0006 0)
(-0.181818 20.0006 0)
(-0.181818 20.0006 0)
(-0.181818 20.0006 0)
(-0.181818 20.0006 0)
(-0.181818 20.0006 0)
(-0.181818 20.0006 0)
(-0.181818 20.0006 0)
(-0.181818 20.0006 0)
(-0.181818 20.0006 0)
(-0.181819 20.0006 0)
(-0.181819 20.0006 0)
(-0.181819 20.0006 0)
(-0.181819 20.0006 0)
(-0.18182 20.0006 0)
(-0.181821 20.0006 0)
(-0.181823 20.0006 0)
(-0.181825 20.0006 0)
(-0.181828 20.0006 0)
(-0.181834 20.0005 0)
(-0.181842 20.0005 0)
(-0.181854 20.0004 0)
(-0.181874 20.0003 0)
(-0.181906 20.0001 0)
(-0.181959 19.9998 0)
(-0.182053 19.9993 0)
(-0.182218 19.9986 0)
(-0.182522 19.9975 0)
(-0.183054 19.9958 0)
(-0.184036 19.993 0)
(-0.185489 19.9891 0)
(-0.187591 19.9854 0)
(-0.18793 19.5289 0)
(-0.191551 19.5843 0)
(-0.202021 19.6614 0)
(-0.210415 19.7317 0)
(-0.215965 19.7877 0)
(-0.219812 19.8311 0)
(-0.222542 19.8654 0)
(-0.224725 19.8927 0)
(-0.226458 19.9146 0)
(-0.227883 19.9321 0)
(-0.229042 19.9462 0)
(-0.229989 19.9574 0)
(-0.230757 19.9664 0)
(-0.231378 19.9736 0)
(-0.231877 19.9793 0)
(-0.232277 19.9839 0)
(-0.232595 19.9875 0)
(-0.232847 19.9903 0)
(-0.233047 19.9926 0)
(-0.233205 19.9943 0)
(-0.233329 19.9957 0)
(-0.233427 19.9968 0)
(-0.233503 19.9977 0)
(-0.233563 19.9984 0)
(-0.233609 19.9989 0)
(-0.233645 19.9993 0)
(-0.233673 19.9996 0)
(-0.233695 19.9998 0)
(-0.233711 20 0)
(-0.233724 20.0002 0)
(-0.233734 20.0003 0)
(-0.233742 20.0004 0)
(-0.233748 20.0004 0)
(-0.233752 20.0005 0)
(-0.233756 20.0005 0)
(-0.233758 20.0006 0)
(-0.23376 20.0006 0)
(-0.233762 20.0006 0)
(-0.233763 20.0006 0)
(-0.233764 20.0006 0)
(-0.233764 20.0006 0)
(-0.233765 20.0006 0)
(-0.233765 20.0006 0)
(-0.233765 20.0006 0)
(-0.233766 20.0006 0)
(-0.233766 20.0006 0)
(-0.233766 20.0006 0)
(-0.233766 20.0006 0)
(-0.233766 20.0006 0)
(-0.233766 20.0006 0)
(-0.233766 20.0006 0)
(-0.233766 20.0006 0)
(-0.233766 20.0006 0)
(-0.233766 20.0006 0)
(-0.233766 20.0006 0)
(-0.233766 20.0006 0)
(-0.233766 20.0006 0)
(-0.233766 20.0006 0)
(-0.233766 20.0006 0)
(-0.233766 20.0006 0)
(-0.233766 20.0006 0)
(-0.233766 20.0006 0)
(-0.233766 20.0006 0)
(-0.233766 20.0006 0)
(-0.233766 20.0006 0)
(-0.233766 20.0006 0)
(-0.233766 20.0006 0)
(-0.233766 20.0006 0)
(-0.233766 20.0006 0)
(-0.233766 20.0006 0)
(-0.233766 20.0006 0)
(-0.233766 20.0006 0)
(-0.233766 20.0006 0)
(-0.233766 20.0006 0)
(-0.233766 20.0006 0)
(-0.233766 20.0006 0)
(-0.233766 20.0006 0)
(-0.233766 20.0006 0)
(-0.233767 20.0006 0)
(-0.233767 20.0006 0)
(-0.233767 20.0006 0)
(-0.233768 20.0006 0)
(-0.233769 20.0006 0)
(-0.23377 20.0006 0)
(-0.233772 20.0006 0)
(-0.233775 20.0006 0)
(-0.233779 20.0006 0)
(-0.233786 20.0005 0)
(-0.233795 20.0005 0)
(-0.233811 20.0004 0)
(-0.233835 20.0003 0)
(-0.233875 20.0001 0)
(-0.233942 19.9998 0)
(-0.234058 19.9994 0)
(-0.234262 19.9987 0)
(-0.234636 19.9977 0)
(-0.235294 19.996 0)
(-0.236511 19.9935 0)
(-0.238324 19.9899 0)
(-0.24097 19.9866 0)
(-0.230045 19.5389 0)
(-0.234755 19.5961 0)
(-0.247719 19.6723 0)
(-0.257956 19.7405 0)
(-0.264606 19.7946 0)
(-0.269197 19.8366 0)
(-0.272433 19.8699 0)
(-0.275021 19.8963 0)
(-0.277072 19.9175 0)
(-0.27876 19.9344 0)
(-0.280131 19.948 0)
(-0.281252 19.9589 0)
(-0.28216 19.9676 0)
(-0.282894 19.9745 0)
(-0.283484 19.9801 0)
(-0.283956 19.9844 0)
(-0.284332 19.9879 0)
(-0.284631 19.9907 0)
(-0.284867 19.9929 0)
(-0.285053 19.9946 0)
(-0.2852 19.9959 0)
(-0.285315 19.997 0)
(-0.285405 19.9978 0)
(-0.285475 19.9984 0)
(-0.28553 19.999 0)
(-0.285572 19.9993 0)
(-0.285605 19.9996 0)
(-0.28563 19.9999 0)
(-0.28565 20.0001 0)
(-0.285665 20.0002 0)
(-0.285677 20.0003 0)
(-0.285686 20.0004 0)
(-0.285693 20.0004 0)
(-0.285698 20.0005 0)
(-0.285702 20.0005 0)
(-0.285705 20.0006 0)
(-0.285707 20.0006 0)
(-0.285709 20.0006 0)
(-0.28571 20.0006 0)
(-0.285711 20.0006 0)
(-0.285712 20.0006 0)
(-0.285712 20.0006 0)
(-0.285713 20.0006 0)
(-0.285713 20.0006 0)
(-0.285713 20.0006 0)
(-0.285714 20.0006 0)
(-0.285714 20.0006 0)
(-0.285714 20.0006 0)
(-0.285714 20.0006 0)
(-0.285714 20.0006 0)
(-0.285714 20.0006 0)
(-0.285714 20.0006 0)
(-0.285714 20.0006 0)
(-0.285714 20.0006 0)
(-0.285714 20.0006 0)
(-0.285714 20.0006 0)
(-0.285714 20.0006 0)
(-0.285714 20.0006 0)
(-0.285714 20.0006 0)
(-0.285714 20.0006 0)
(-0.285714 20.0006 0)
(-0.285714 20.0006 0)
(-0.285714 20.0006 0)
(-0.285714 20.0006 0)
(-0.285714 20.0006 0)
(-0.285714 20.0006 0)
(-0.285714 20.0006 0)
(-0.285714 20.0006 0)
(-0.285714 20.0006 0)
(-0.285714 20.0006 0)
(-0.285714 20.0006 0)
(-0.285714 20.0006 0)
(-0.285714 20.0006 0)
(-0.285714 20.0006 0)
(-0.285714 20.0006 0)
(-0.285714 20.0006 0)
(-0.285714 20.0006 0)
(-0.285715 20.0006 0)
(-0.285715 20.0006 0)
(-0.285715 20.0006 0)
(-0.285715 20.0006 0)
(-0.285716 20.0006 0)
(-0.285717 20.0006 0)
(-0.285719 20.0006 0)
(-0.285721 20.0006 0)
(-0.285724 20.0006 0)
(-0.285729 20.0006 0)
(-0.285737 20.0005 0)
(-0.285749 20.0005 0)
(-0.285767 20.0004 0)
(-0.285795 20.0003 0)
(-0.285842 20.0001 0)
(-0.28592 19.9998 0)
(-0.286054 19.9994 0)
(-0.286291 19.9988 0)
(-0.286726 19.9979 0)
(-0.28749 19.9964 0)
(-0.288911 19.9941 0)
(-0.291042 19.9909 0)
(-0.294187 19.9879 0)
(-0.272395 19.5511 0)
(-0.278388 19.6104 0)
(-0.29393 19.6853 0)
(-0.305979 19.7509 0)
(-0.31364 19.8028 0)
(-0.318903 19.8432 0)
(-0.322584 19.8751 0)
(-0.325528 19.9005 0)
(-0.327858 19.9209 0)
(-0.329776 19.9372 0)
(-0.331333 19.9502 0)
(-0.332605 19.9606 0)
(-0.333636 19.969 0)
(-0.334469 19.9756 0)
(-0.335137 19.9809 0)
(-0.335672 19.9851 0)
(-0.336098 19.9885 0)
(-0.336437 19.9911 0)
(-0.336704 19.9932 0)
(-0.336915 19.9948 0)
(-0.337081 19.9961 0)
(-0.337211 19.9971 0)
(-0.337313 19.9979 0)
(-0.337392 19.9986 0)
(-0.337454 19.999 0)
(-0.337502 19.9994 0)
(-0.337539 19.9997 0)
(-0.337568 19.9999 0)
(-0.33759 20.0001 0)
(-0.337607 20.0002 0)
(-0.33762 20.0003 0)
(-0.33763 20.0004 0)
(-0.337638 20.0005 0)
(-0.337644 20.0005 0)
(-0.337648 20.0005 0)
(-0.337652 20.0006 0)
(-0.337654 20.0006 0)
(-0.337656 20.0006 0)
(-0.337658 20.0006 0)
(-0.337659 20.0006 0)
(-0.337659 20.0006 0)
(-0.33766 20.0006 0)
(-0.337661 20.0006 0)
(-0.337661 20.0006 0)
(-0.337661 20.0006 0)
(-0.337661 20.0006 0)
(-0.337662 20.0006 0)
(-0.337662 20.0006 0)
(-0.337662 20.0006 0)
(-0.337662 20.0006 0)
(-0.337662 20.0006 0)
(-0.337662 20.0006 0)
(-0.337662 20.0006 0)
(-0.337662 20.0006 0)
(-0.337662 20.0006 0)
(-0.337662 20.0006 0)
(-0.337662 20.0006 0)
(-0.337662 20.0006 0)
(-0.337662 20.0006 0)
(-0.337662 20.0006 0)
(-0.337662 20.0006 0)
(-0.337662 20.0006 0)
(-0.337662 20.0006 0)
(-0.337662 20.0006 0)
(-0.337662 20.0006 0)
(-0.337662 20.0006 0)
(-0.337662 20.0006 0)
(-0.337662 20.0006 0)
(-0.337662 20.0006 0)
(-0.337662 20.0006 0)
(-0.337662 20.0006 0)
(-0.337662 20.0006 0)
(-0.337662 20.0006 0)
(-0.337662 20.0006 0)
(-0.337662 20.0006 0)
(-0.337662 20.0006 0)
(-0.337662 20.0006 0)
(-0.337662 20.0006 0)
(-0.337663 20.0006 0)
(-0.337663 20.0006 0)
(-0.337663 20.0006 0)
(-0.337664 20.0006 0)
(-0.337665 20.0006 0)
(-0.337667 20.0006 0)
(-0.33767 20.0006 0)
(-0.337673 20.0006 0)
(-0.337679 20.0006 0)
(-0.337688 20.0005 0)
(-0.337701 20.0005 0)
(-0.337721 20.0004 0)
(-0.337753 20.0003 0)
(-0.337806 20.0001 0)
(-0.337892 19.9999 0)
(-0.338042 19.9995 0)
(-0.338304 19.9989 0)
(-0.338786 19.9981 0)
(-0.339635 19.9967 0)
(-0.341221 19.9948 0)
(-0.343618 19.992 0)
(-0.347206 19.9895 0)
(-0.315049 19.5657 0)
(-0.322579 19.6274 0)
(-0.340774 19.7006 0)
(-0.354584 19.763 0)
(-0.363136 19.8123 0)
(-0.368986 19.8507 0)
(-0.373037 19.8812 0)
(-0.376282 19.9054 0)
(-0.378844 19.9248 0)
(-0.380954 19.9403 0)
(-0.382666 19.9527 0)
(-0.384064 19.9626 0)
(-0.385196 19.9706 0)
(-0.38611 19.9769 0)
(-0.386844 19.9819 0)
(-0.387431 19.9859 0)
(-0.387898 19.9891 0)
(-0.388269 19.9916 0)
(-0.388563 19.9936 0)
(-0.388794 19.9951 0)
(-0.388975 19.9964 0)
(-0.389118 19.9973 0)
(-0.389229 19.9981 0)
(-0.389316 19.9987 0)
(-0.389383 19.9991 0)
(-0.389436 19.9995 0)
(-0.389476 19.9998 0)
(-0.389507 20 0)
(-0.389532 20.0001 0)
(-0.38955 20.0002 0)
(-0.389564 20.0003 0)
(-0.389575 20.0004 0)
(-0.389583 20.0005 0)
(-0.38959 20.0005 0)
(-0.389595 20.0005 0)
(-0.389598 20.0006 0)
(-0.389601 20.0006 0)
(-0.389603 20.0006 0)
(-0.389605 20.0006 0)
(-0.389606 20.0006 0)
(-0.389607 20.0006 0)
(-0.389607 20.0006 0)
(-0.389608 20.0006 0)
(-0.389608 20.0006 0)
(-0.389609 20.0006 0)
(-0.389609 20.0006 0)
(-0.389609 20.0006 0)
(-0.389609 20.0006 0)
(-0.389609 20.0006 0)
(-0.389609 20.0006 0)
(-0.389609 20.0006 0)
(-0.389609 20.0006 0)
(-0.389609 20.0006 0)
(-0.389609 20.0006 0)
(-0.389609 20.0006 0)
(-0.389609 20.0006 0)
(-0.389609 20.0006 0)
(-0.389609 20.0006 0)
(-0.389609 20.0006 0)
(-0.389609 20.0006 0)
(-0.389609 20.0006 0)
(-0.389609 20.0006 0)
(-0.389609 20.0006 0)
(-0.389609 20.0006 0)
(-0.389609 20.0006 0)
(-0.389609 20.0006 0)
(-0.389609 20.0006 0)
(-0.389609 20.0006 0)
(-0.389609 20.0006 0)
(-0.389609 20.0006 0)
(-0.389609 20.0006 0)
(-0.389609 20.0006 0)
(-0.389609 20.0006 0)
(-0.389609 20.0006 0)
(-0.38961 20.0006 0)
(-0.38961 20.0006 0)
(-0.38961 20.0006 0)
(-0.38961 20.0006 0)
(-0.38961 20.0006 0)
(-0.38961 20.0006 0)
(-0.389611 20.0006 0)
(-0.389612 20.0006 0)
(-0.389613 20.0006 0)
(-0.389615 20.0006 0)
(-0.389618 20.0006 0)
(-0.389622 20.0006 0)
(-0.389628 20.0006 0)
(-0.389637 20.0005 0)
(-0.389652 20.0005 0)
(-0.389674 20.0004 0)
(-0.389709 20.0003 0)
(-0.389765 20.0002 0)
(-0.389859 19.9999 0)
(-0.390019 19.9996 0)
(-0.3903 19.9991 0)
(-0.390814 19.9983 0)
(-0.391723 19.9971 0)
(-0.393429 19.9955 0)
(-0.396034 19.9932 0)
(-0.399993 19.9912 0)
(-0.358091 19.5829 0)
(-0.367483 19.647 0)
(-0.388385 19.7179 0)
(-0.403872 19.7766 0)
(-0.413166 19.823 0)
(-0.419498 19.8592 0)
(-0.423835 19.888 0)
(-0.427315 19.9108 0)
(-0.430057 19.9292 0)
(-0.432316 19.9438 0)
(-0.434146 19.9555 0)
(-0.435642 19.9649 0)
(-0.436851 19.9723 0)
(-0.437827 19.9783 0)
(-0.438611 19.983 0)
(-0.439237 19.9868 0)
(-0.439736 19.9898 0)
(-0.440131 19.9922 0)
(-0.440444 19.994 0)
(-0.44069 19.9955 0)
(-0.440883 19.9966 0)
(-0.441035 19.9975 0)
(-0.441153 19.9983 0)
(-0.441245 19.9988 0)
(-0.441317 19.9992 0)
(-0.441372 19.9996 0)
(-0.441415 19.9998 0)
(-0.441448 20 0)
(-0.441474 20.0002 0)
(-0.441493 20.0003 0)
(-0.441508 20.0004 0)
(-0.44152 20.0004 0)
(-0.441528 20.0005 0)
(-0.441535 20.0005 0)
(-0.44154 20.0006 0)
(-0.441544 20.0006 0)
(-0.441547 20.0006 0)
(-0.441549 20.0006 0)
(-0.441551 20.0006 0)
(-0.441552 20.0006 0)
(-0.441553 20.0006 0)
(-0.441553 20.0006 0)
(-0.441554 20.0006 0)
(-0.441554 20.0006 0)
(-0.441555 20.0006 0)
(-0.441555 20.0006 0)
(-0.441555 20.0006 0)
(-0.441555 20.0006 0)
(-0.441555 20.0006 0)
(-0.441555 20.0006 0)
(-0.441555 20.0006 0)
(-0.441555 20.0006 0)
(-0.441555 20.0006 0)
(-0.441555 20.0006 0)
(-0.441555 20.0006 0)
(-0.441555 20.0006 0)
(-0.441555 20.0006 0)
(-0.441555 20.0006 0)
(-0.441556 20.0006 0)
(-0.441556 20.0006 0)
(-0.441556 20.0006 0)
(-0.441556 20.0006 0)
(-0.441556 20.0006 0)
(-0.441556 20.0006 0)
(-0.441556 20.0006 0)
(-0.441556 20.0006 0)
(-0.441556 20.0006 0)
(-0.441556 20.0006 0)
(-0.441556 20.0006 0)
(-0.441556 20.0006 0)
(-0.441556 20.0006 0)
(-0.441556 20.0006 0)
(-0.441556 20.0006 0)
(-0.441556 20.0006 0)
(-0.441556 20.0006 0)
(-0.441556 20.0006 0)
(-0.441556 20.0006 0)
(-0.441556 20.0006 0)
(-0.441556 20.0006 0)
(-0.441557 20.0006 0)
(-0.441557 20.0006 0)
(-0.441558 20.0006 0)
(-0.441559 20.0006 0)
(-0.441561 20.0006 0)
(-0.441564 20.0006 0)
(-0.441569 20.0006 0)
(-0.441575 20.0006 0)
(-0.441585 20.0006 0)
(-0.4416 20.0005 0)
(-0.441624 20.0004 0)
(-0.441661 20.0003 0)
(-0.44172 20.0002 0)
(-0.441817 20 0)
(-0.441985 19.9997 0)
(-0.442275 19.9992 0)
(-0.442807 19.9985 0)
(-0.443749 19.9976 0)
(-0.445527 19.9962 0)
(-0.448272 19.9945 0)
(-0.452516 19.9931 0)
(-0.401632 19.6028 0)
(-0.413299 19.6694 0)
(-0.436911 19.7373 0)
(-0.453946 19.7917 0)
(-0.463796 19.8348 0)
(-0.470488 19.8685 0)
(-0.475015 19.8955 0)
(-0.478657 19.9169 0)
(-0.481519 19.934 0)
(-0.483879 19.9477 0)
(-0.485789 19.9586 0)
(-0.487349 19.9673 0)
(-0.488609 19.9743 0)
(-0.489626 19.9798 0)
(-0.490441 19.9843 0)
(-0.491093 19.9878 0)
(-0.491612 19.9906 0)
(-0.492023 19.9928 0)
(-0.492348 19.9945 0)
(-0.492603 19.9959 0)
(-0.492804 19.9969 0)
(-0.492961 19.9978 0)
(-0.493083 19.9984 0)
(-0.493179 19.9989 0)
(-0.493253 19.9993 0)
(-0.49331 19.9996 0)
(-0.493354 19.9999 0)
(-0.493388 20.0001 0)
(-0.493414 20.0002 0)
(-0.493434 20.0003 0)
(-0.49345 20.0004 0)
(-0.493461 20.0005 0)
(-0.49347 20.0005 0)
(-0.493477 20.0005 0)
(-0.493482 20.0006 0)
(-0.493486 20.0006 0)
(-0.493489 20.0006 0)
(-0.493491 20.0006 0)
(-0.493493 20.0006 0)
(-0.493494 20.0006 0)
(-0.493495 20.0006 0)
(-0.493496 20.0006 0)
(-0.493496 20.0006 0)
(-0.493497 20.0006 0)
(-0.493497 20.0006 0)
(-0.493497 20.0006 0)
(-0.493497 20.0006 0)
(-0.493497 20.0006 0)
(-0.493497 20.0006 0)
(-0.493498 20.0006 0)
(-0.493498 20.0006 0)
(-0.493498 20.0006 0)
(-0.493498 20.0006 0)
(-0.493498 20.0006 0)
(-0.493498 20.0006 0)
(-0.493498 20.0006 0)
(-0.493498 20.0006 0)
(-0.493498 20.0006 0)
(-0.493498 20.0006 0)
(-0.493498 20.0006 0)
(-0.493498 20.0006 0)
(-0.493498 20.0006 0)
(-0.493498 20.0006 0)
(-0.493498 20.0006 0)
(-0.493498 20.0006 0)
(-0.493498 20.0006 0)
(-0.493498 20.0006 0)
(-0.493498 20.0006 0)
(-0.493498 20.0006 0)
(-0.493498 20.0006 0)
(-0.493498 20.0006 0)
(-0.493498 20.0006 0)
(-0.493498 20.0006 0)
(-0.493498 20.0006 0)
(-0.493498 20.0006 0)
(-0.493498 20.0006 0)
(-0.493498 20.0006 0)
(-0.493498 20.0006 0)
(-0.493498 20.0006 0)
(-0.493499 20.0006 0)
(-0.493499 20.0006 0)
(-0.4935 20.0006 0)
(-0.493502 20.0006 0)
(-0.493504 20.0006 0)
(-0.493507 20.0006 0)
(-0.493511 20.0006 0)
(-0.493518 20.0006 0)
(-0.493528 20.0006 0)
(-0.493544 20.0005 0)
(-0.493568 20.0005 0)
(-0.493606 20.0004 0)
(-0.493667 20.0002 0)
(-0.493766 20 0)
(-0.493935 19.9998 0)
(-0.494227 19.9993 0)
(-0.494761 19.9988 0)
(-0.495708 19.998 0)
(-0.497506 19.997 0)
(-0.500315 19.9959 0)
(-0.504741 19.995 0)
(-0.445809 19.6258 0)
(-0.460273 19.6947 0)
(-0.486512 19.7587 0)
(-0.504907 19.8082 0)
(-0.515085 19.8476 0)
(-0.521997 19.8787 0)
(-0.526607 19.9036 0)
(-0.530331 19.9234 0)
(-0.533249 19.9392 0)
(-0.535657 19.9518 0)
(-0.537602 19.9619 0)
(-0.53919 19.97 0)
(-0.540472 19.9764 0)
(-0.541506 19.9815 0)
(-0.542335 19.9856 0)
(-0.542997 19.9888 0)
(-0.543523 19.9914 0)
(-0.54394 19.9934 0)
(-0.544269 19.995 0)
(-0.544528 19.9963 0)
(-0.544731 19.9973 0)
(-0.544889 19.998 0)
(-0.545013 19.9986 0)
(-0.545109 19.9991 0)
(-0.545184 19.9995 0)
(-0.545241 19.9997 0)
(-0.545285 20 0)
(-0.545319 20.0001 0)
(-0.545346 20.0003 0)
(-0.545366 20.0003 0)
(-0.545381 20.0004 0)
(-0.545392 20.0005 0)
(-0.545401 20.0005 0)
(-0.545408 20.0006 0)
(-0.545413 20.0006 0)
(-0.545417 20.0006 0)
(-0.54542 20.0006 0)
(-0.545422 20.0006 0)
(-0.545423 20.0006 0)
(-0.545425 20.0006 0)
(-0.545426 20.0006 0)
(-0.545426 20.0006 0)
(-0.545427 20.0006 0)
(-0.545427 20.0006 0)
(-0.545427 20.0006 0)
(-0.545428 20.0006 0)
(-0.545428 20.0006 0)
(-0.545428 20.0006 0)
(-0.545428 20.0006 0)
(-0.545428 20.0006 0)
(-0.545428 20.0006 0)
(-0.545428 20.0006 0)
(-0.545428 20.0006 0)
(-0.545428 20.0006 0)
(-0.545428 20.0006 0)
(-0.545428 20.0006 0)
(-0.545428 20.0006 0)
(-0.545428 20.0006 0)
(-0.545428 20.0006 0)
(-0.545428 20.0006 0)
(-0.545428 20.0006 0)
(-0.545428 20.0006 0)
(-0.545428 20.0006 0)
(-0.545428 20.0006 0)
(-0.545428 20.0006 0)
(-0.545428 20.0006 0)
(-0.545428 20.0006 0)
(-0.545428 20.0006 0)
(-0.545428 20.0006 0)
(-0.545428 20.0006 0)
(-0.545428 20.0006 0)
(-0.545428 20.0006 0)
(-0.545428 20.0006 0)
(-0.545428 20.0006 0)
(-0.545428 20.0006 0)
(-0.545428 20.0006 0)
(-0.545428 20.0006 0)
(-0.545429 20.0006 0)
(-0.545429 20.0006 0)
(-0.545429 20.0006 0)
(-0.54543 20.0006 0)
(-0.545431 20.0006 0)
(-0.545432 20.0006 0)
(-0.545434 20.0006 0)
(-0.545437 20.0006 0)
(-0.545442 20.0006 0)
(-0.545448 20.0006 0)
(-0.545459 20.0006 0)
(-0.545475 20.0005 0)
(-0.545499 20.0005 0)
(-0.545537 20.0004 0)
(-0.545597 20.0003 0)
(-0.545696 20.0001 0)
(-0.545862 19.9999 0)
(-0.546149 19.9995 0)
(-0.546669 19.999 0)
(-0.547593 19.9984 0)
(-0.549357 19.9978 0)
(-0.552147 19.9972 0)
(-0.55663 19.9969 0)
(-0.490801 19.6524 0)
(-0.508712 19.7229 0)
(-0.537346 19.782 0)
(-0.556835 19.826 0)
(-0.56707 19.8614 0)
(-0.574046 19.8896 0)
(-0.578622 19.9123 0)
(-0.582342 19.9304 0)
(-0.585244 19.9448 0)
(-0.587642 19.9563 0)
(-0.589576 19.9655 0)
(-0.591154 19.9728 0)
(-0.592426 19.9786 0)
(-0.593451 19.9833 0)
(-0.594273 19.987 0)
(-0.594928 19.9899 0)
(-0.595449 19.9923 0)
(-0.595861 19.9941 0)
(-0.596186 19.9956 0)
(-0.596442 19.9967 0)
(-0.596642 19.9976 0)
(-0.596798 19.9983 0)
(-0.596919 19.9988 0)
(-0.597013 19.9993 0)
(-0.597086 19.9996 0)
(-0.597143 19.9998 0)
(-0.597186 20 0)
(-0.597219 20.0002 0)
(-0.597244 20.0003 0)
(-0.597264 20.0004 0)
(-0.597278 20.0004 0)
(-0.597289 20.0005 0)
(-0.597298 20.0005 0)
(-0.597304 20.0006 0)
(-0.597309 20.0006 0)
(-0.597313 20.0006 0)
(-0.597315 20.0006 0)
(-0.597317 20.0006 0)
(-0.597319 20.0006 0)
(-0.59732 20.0006 0)
(-0.597321 20.0006 0)
(-0.597322 20.0006 0)
(-0.597322 20.0006 0)
(-0.597322 20.0006 0)
(-0.597323 20.0006 0)
(-0.597323 20.0006 0)
(-0.597323 20.0006 0)
(-0.597323 20.0006 0)
(-0.597323 20.0006 0)
(-0.597323 20.0006 0)
(-0.597323 20.0006 0)
(-0.597323 20.0006 0)
(-0.597323 20.0006 0)
(-0.597323 20.0006 0)
(-0.597323 20.0006 0)
(-0.597323 20.0006 0)
(-0.597323 20.0006 0)
(-0.597323 20.0006 0)
(-0.597323 20.0006 0)
(-0.597323 20.0006 0)
(-0.597323 20.0006 0)
(-0.597323 20.0006 0)
(-0.597323 20.0006 0)
(-0.597323 20.0006 0)
(-0.597323 20.0006 0)
(-0.597323 20.0006 0)
(-0.597323 20.0006 0)
(-0.597323 20.0006 0)
(-0.597323 20.0006 0)
(-0.597323 20.0006 0)
(-0.597323 20.0006 0)
(-0.597323 20.0006 0)
(-0.597323 20.0006 0)
(-0.597324 20.0006 0)
(-0.597324 20.0006 0)
(-0.597324 20.0006 0)
(-0.597324 20.0006 0)
(-0.597324 20.0006 0)
(-0.597324 20.0006 0)
(-0.597325 20.0006 0)
(-0.597325 20.0006 0)
(-0.597326 20.0006 0)
(-0.597327 20.0006 0)
(-0.597329 20.0006 0)
(-0.597332 20.0006 0)
(-0.597337 20.0006 0)
(-0.597343 20.0006 0)
(-0.597354 20.0006 0)
(-0.597369 20.0005 0)
(-0.597393 20.0005 0)
(-0.59743 20.0004 0)
(-0.597489 20.0003 0)
(-0.597584 20.0002 0)
(-0.597744 19.9999 0)
(-0.598016 19.9996 0)
(-0.598508 19.9993 0)
(-0.599383 19.9988 0)
(-0.601058 19.9985 0)
(-0.603743 19.9985 0)
(-0.608134 19.9988 0)
(-0.536821 19.6831 0)
(-0.558975 19.7541 0)
(-0.589539 19.8069 0)
(-0.609758 19.8448 0)
(-0.619735 19.876 0)
(-0.626605 19.9012 0)
(-0.631022 19.9216 0)
(-0.634645 19.9378 0)
(-0.637455 19.9508 0)
(-0.639782 19.9611 0)
(-0.641653 19.9693 0)
(-0.643179 19.9758 0)
(-0.644408 19.981 0)
(-0.645398 19.9852 0)
(-0.64619 19.9885 0)
(-0.646821 19.9911 0)
(-0.647323 19.9932 0)
(-0.647719 19.9948 0)
(-0.648031 19.9961 0)
(-0.648276 19.9971 0)
(-0.648467 19.9979 0)
(-0.648616 19.9986 0)
(-0.648732 19.9991 0)
(-0.648822 19.9994 0)
(-0.648891 19.9997 0)
(-0.648944 19.9999 0)
(-0.648985 20.0001 0)
(-0.649016 20.0002 0)
(-0.64904 20.0003 0)
(-0.649058 20.0004 0)
(-0.649072 20.0005 0)
(-0.649082 20.0005 0)
(-0.64909 20.0006 0)
(-0.649096 20.0006 0)
(-0.6491 20.0006 0)
(-0.649103 20.0006 0)
(-0.649106 20.0006 0)
(-0.649108 20.0006 0)
(-0.649109 20.0006 0)
(-0.64911 20.0006 0)
(-0.649111 20.0006 0)
(-0.649112 20.0006 0)
(-0.649112 20.0006 0)
(-0.649112 20.0006 0)
(-0.649113 20.0006 0)
(-0.649113 20.0006 0)
(-0.649113 20.0006 0)
(-0.649113 20.0006 0)
(-0.649113 20.0006 0)
(-0.649113 20.0006 0)
(-0.649113 20.0006 0)
(-0.649113 20.0006 0)
(-0.649113 20.0006 0)
(-0.649113 20.0006 0)
(-0.649113 20.0006 0)
(-0.649113 20.0006 0)
(-0.649113 20.0006 0)
(-0.649113 20.0006 0)
(-0.649113 20.0006 0)
(-0.649113 20.0006 0)
(-0.649113 20.0006 0)
(-0.649113 20.0006 0)
(-0.649113 20.0006 0)
(-0.649113 20.0006 0)
(-0.649113 20.0006 0)
(-0.649113 20.0006 0)
(-0.649113 20.0006 0)
(-0.649113 20.0006 0)
(-0.649113 20.0006 0)
(-0.649113 20.0006 0)
(-0.649113 20.0006 0)
(-0.649113 20.0006 0)
(-0.649113 20.0006 0)
(-0.649113 20.0006 0)
(-0.649113 20.0006 0)
(-0.649113 20.0006 0)
(-0.649113 20.0006 0)
(-0.649114 20.0006 0)
(-0.649114 20.0006 0)
(-0.649114 20.0006 0)
(-0.649115 20.0006 0)
(-0.649115 20.0006 0)
(-0.649117 20.0006 0)
(-0.649119 20.0006 0)
(-0.649121 20.0006 0)
(-0.649126 20.0006 0)
(-0.649132 20.0006 0)
(-0.649142 20.0006 0)
(-0.649157 20.0006 0)
(-0.649179 20.0005 0)
(-0.649215 20.0005 0)
(-0.64927 20.0004 0)
(-0.64936 20.0002 0)
(-0.649508 20 0)
(-0.64976 19.9998 0)
(-0.650211 19.9995 0)
(-0.651012 19.9992 0)
(-0.652546 19.9992 0)
(-0.655035 19.9997 0)
(-0.659159 20.0005 0)
(-0.584076 19.7186 0)
(-0.61141 19.7881 0)
(-0.643074 19.8331 0)
(-0.663548 19.8646 0)
(-0.672909 19.8913 0)
(-0.679495 19.9134 0)
(-0.683624 19.9313 0)
(-0.68705 19.9456 0)
(-0.689689 19.957 0)
(-0.691878 19.966 0)
(-0.693634 19.9732 0)
(-0.695064 19.9789 0)
(-0.696214 19.9835 0)
(-0.69714 19.9871 0)
(-0.69788 19.99 0)
(-0.698469 19.9923 0)
(-0.698936 19.9942 0)
(-0.699304 19.9956 0)
(-0.699594 19.9967 0)
(-0.699821 19.9976 0)
(-0.699998 19.9983 0)
(-0.700135 19.9988 0)
(-0.700242 19.9993 0)
(-0.700324 19.9996 0)
(-0.700387 19.9999 0)
(-0.700435 20 0)
(-0.700472 20.0002 0)
(-0.7005 20.0003 0)
(-0.700522 20.0004 0)
(-0.700538 20.0005 0)
(-0.70055 20.0005 0)
(-0.700559 20.0005 0)
(-0.700566 20.0006 0)
(-0.700571 20.0006 0)
(-0.700575 20.0006 0)
(-0.700578 20.0006 0)
(-0.70058 20.0006 0)
(-0.700582 20.0006 0)
(-0.700583 20.0006 0)
(-0.700584 20.0006 0)
(-0.700584 20.0006 0)
(-0.700585 20.0006 0)
(-0.700585 20.0006 0)
(-0.700585 20.0006 0)
(-0.700586 20.0007 0)
(-0.700586 20.0007 0)
(-0.700586 20.0007 0)
(-0.700586 20.0007 0)
(-0.700586 20.0007 0)
(-0.700586 20.0007 0)
(-0.700586 20.0007 0)
(-0.700586 20.0007 0)
(-0.700586 20.0007 0)
(-0.700586 20.0007 0)
(-0.700586 20.0007 0)
(-0.700586 20.0007 0)
(-0.700586 20.0007 0)
(-0.700586 20.0007 0)
(-0.700586 20.0007 0)
(-0.700586 20.0007 0)
(-0.700586 20.0007 0)
(-0.700586 20.0007 0)
(-0.700586 20.0007 0)
(-0.700586 20.0007 0)
(-0.700586 20.0007 0)
(-0.700586 20.0007 0)
(-0.700586 20.0007 0)
(-0.700586 20.0007 0)
(-0.700586 20.0007 0)
(-0.700586 20.0007 0)
(-0.700586 20.0007 0)
(-0.700586 20.0007 0)
(-0.700586 20.0007 0)
(-0.700586 20.0007 0)
(-0.700586 20.0007 0)
(-0.700586 20.0007 0)
(-0.700586 20.0007 0)
(-0.700586 20.0007 0)
(-0.700587 20.0007 0)
(-0.700587 20.0007 0)
(-0.700588 20.0006 0)
(-0.700588 20.0006 0)
(-0.700589 20.0006 0)
(-0.700591 20.0006 0)
(-0.700594 20.0006 0)
(-0.700598 20.0006 0)
(-0.700603 20.0006 0)
(-0.700612 20.0006 0)
(-0.700626 20.0006 0)
(-0.700647 20.0005 0)
(-0.70068 20.0005 0)
(-0.700731 20.0004 0)
(-0.700812 20.0003 0)
(-0.700946 20.0001 0)
(-0.701171 19.9999 0)
(-0.701569 19.9997 0)
(-0.702276 19.9996 0)
(-0.703621 19.9997 0)
(-0.705827 20.0007 0)
(-0.70948 20.002 0)
(-0.632578 19.7599 0)
(-0.666111 19.8246 0)
(-0.697499 19.8604 0)
(-0.717625 19.885 0)
(-0.725987 19.9072 0)
(-0.732108 19.9261 0)
(-0.735815 19.9415 0)
(-0.738944 19.9537 0)
(-0.741327 19.9634 0)
(-0.74331 19.9711 0)
(-0.744892 19.9773 0)
(-0.746182 19.9822 0)
(-0.747217 19.9861 0)
(-0.748049 19.9892 0)
(-0.748712 19.9916 0)
(-0.74924 19.9936 0)
(-0.749657 19.9951 0)
(-0.749986 19.9964 0)
(-0.750243 19.9973 0)
(-0.750444 19.9981 0)
(-0.7506 19.9987 0)
(-0.750721 19.9991 0)
(-0.750814 19.9995 0)
(-0.750886 19.9998 0)
(-0.750941 20 0)
(-0.750982 20.0001 0)
(-0.751014 20.0003 0)
(-0.751038 20.0004 0)
(-0.751056 20.0004 0)
(-0.75107 20.0005 0)
(-0.75108 20.0005 0)
(-0.751087 20.0006 0)
(-0.751093 20.0006 0)
(-0.751097 20.0006 0)
(-0.7511 20.0006 0)
(-0.751103 20.0006 0)
(-0.751104 20.0006 0)
(-0.751106 20.0006 0)
(-0.751107 20.0006 0)
(-0.751107 20.0006 0)
(-0.751108 20.0007 0)
(-0.751108 20.0007 0)
(-0.751108 20.0007 0)
(-0.751109 20.0007 0)
(-0.751109 20.0007 0)
(-0.751109 20.0007 0)
(-0.751109 20.0007 0)
(-0.751109 20.0007 0)
(-0.751109 20.0007 0)
(-0.751109 20.0007 0)
(-0.751109 20.0007 0)
(-0.751109 20.0007 0)
(-0.751109 20.0007 0)
(-0.751109 20.0007 0)
(-0.751109 20.0007 0)
(-0.751109 20.0007 0)
(-0.751109 20.0007 0)
(-0.751109 20.0007 0)
(-0.751109 20.0007 0)
(-0.751109 20.0007 0)
(-0.751109 20.0007 0)
(-0.751109 20.0007 0)
(-0.751109 20.0007 0)
(-0.751109 20.0007 0)
(-0.751109 20.0007 0)
(-0.751109 20.0007 0)
(-0.751109 20.0007 0)
(-0.751109 20.0007 0)
(-0.751109 20.0007 0)
(-0.751109 20.0007 0)
(-0.751109 20.0007 0)
(-0.751109 20.0007 0)
(-0.751109 20.0007 0)
(-0.751109 20.0007 0)
(-0.751109 20.0007 0)
(-0.751109 20.0007 0)
(-0.751109 20.0007 0)
(-0.751109 20.0007 0)
(-0.751109 20.0007 0)
(-0.75111 20.0007 0)
(-0.75111 20.0007 0)
(-0.751111 20.0007 0)
(-0.751112 20.0006 0)
(-0.751113 20.0006 0)
(-0.751116 20.0006 0)
(-0.751119 20.0006 0)
(-0.751124 20.0006 0)
(-0.751132 20.0006 0)
(-0.751144 20.0006 0)
(-0.751163 20.0006 0)
(-0.751192 20.0005 0)
(-0.751237 20.0005 0)
(-0.751308 20.0004 0)
(-0.751425 20.0002 0)
(-0.751618 20.0001 0)
(-0.751955 19.9999 0)
(-0.752551 19.9999 0)
(-0.75367 20.0002 0)
(-0.755507 20.0015 0)
(-0.758459 20.0031 0)
(-0.681476 19.8081 0)
(-0.722085 19.863 0)
(-0.751041 19.8881 0)
(-0.770098 19.906 0)
(-0.777073 19.9236 0)
(-0.782555 19.9392 0)
(-0.785708 19.9519 0)
(-0.788436 19.9621 0)
(-0.790475 19.9701 0)
(-0.792181 19.9764 0)
(-0.793534 19.9815 0)
(-0.794637 19.9855 0)
(-0.795518 19.9887 0)
(-0.796226 19.9913 0)
(-0.796789 19.9933 0)
(-0.797235 19.9949 0)
(-0.797587 19.9962 0)
(-0.797863 19.9972 0)
(-0.798078 19.998 0)
(-0.798245 19.9986 0)
(-0.798375 19.9991 0)
(-0.798474 19.9994 0)
(-0.79855 19.9997 0)
(-0.798608 20 0)
(-0.798652 20.0001 0)
(-0.798685 20.0003 0)
(-0.79871 20.0004 0)
(-0.798729 20.0004 0)
(-0.798743 20.0005 0)
(-0.798753 20.0005 0)
(-0.798761 20.0006 0)
(-0.798767 20.0006 0)
(-0.798771 20.0006 0)
(-0.798774 20.0006 0)
(-0.798776 20.0006 0)
(-0.798777 20.0007 0)
(-0.798779 20.0007 0)
(-0.798779 20.0007 0)
(-0.79878 20.0007 0)
(-0.79878 20.0007 0)
(-0.798781 20.0007 0)
(-0.798781 20.0007 0)
(-0.798781 20.0007 0)
(-0.798781 20.0007 0)
(-0.798781 20.0007 0)
(-0.798781 20.0007 0)
(-0.798781 20.0007 0)
(-0.798781 20.0007 0)
(-0.798781 20.0007 0)
(-0.798782 20.0007 0)
(-0.798782 20.0007 0)
(-0.798782 20.0007 0)
(-0.798781 20.0007 0)
(-0.798781 20.0007 0)
(-0.798781 20.0007 0)
(-0.798781 20.0007 0)
(-0.798781 20.0007 0)
(-0.798781 20.0007 0)
(-0.798781 20.0007 0)
(-0.798782 20.0007 0)
(-0.798782 20.0007 0)
(-0.798782 20.0007 0)
(-0.798782 20.0007 0)
(-0.798782 20.0007 0)
(-0.798782 20.0007 0)
(-0.798782 20.0007 0)
(-0.798782 20.0007 0)
(-0.798782 20.0007 0)
(-0.798782 20.0007 0)
(-0.798782 20.0007 0)
(-0.798782 20.0007 0)
(-0.798782 20.0007 0)
(-0.798782 20.0007 0)
(-0.798782 20.0007 0)
(-0.798782 20.0007 0)
(-0.798782 20.0007 0)
(-0.798782 20.0007 0)
(-0.798782 20.0007 0)
(-0.798782 20.0007 0)
(-0.798782 20.0007 0)
(-0.798782 20.0007 0)
(-0.798783 20.0007 0)
(-0.798784 20.0007 0)
(-0.798785 20.0007 0)
(-0.798787 20.0007 0)
(-0.79879 20.0007 0)
(-0.798794 20.0007 0)
(-0.798801 20.0006 0)
(-0.798811 20.0006 0)
(-0.798826 20.0006 0)
(-0.79885 20.0006 0)
(-0.798888 20.0005 0)
(-0.798948 20.0004 0)
(-0.799044 20.0003 0)
(-0.799202 20.0002 0)
(-0.799473 20.0001 0)
(-0.799949 20.0001 0)
(-0.800815 20.0006 0)
(-0.802217 20.002 0)
(-0.804221 20.0039 0)
(-0.726916 19.8651 0)
(-0.774709 19.9023 0)
(-0.798024 19.9157 0)
(-0.815203 19.9274 0)
(-0.820436 19.9405 0)
(-0.825122 19.9527 0)
(-0.827594 19.9627 0)
(-0.829818 19.9707 0)
(-0.831428 19.977 0)
(-0.832786 19.9819 0)
(-0.833852 19.9859 0)
(-0.834721 19.989 0)
(-0.835413 19.9915 0)
(-0.835967 19.9935 0)
(-0.836405 19.9951 0)
(-0.836751 19.9963 0)
(-0.837022 19.9973 0)
(-0.837233 19.9981 0)
(-0.837397 19.9987 0)
(-0.837523 19.9992 0)
(-0.837619 19.9996 0)
(-0.837692 19.9999 0)
(-0.837747 20.0001 0)
(-0.837789 20.0003 0)
(-0.83782 20.0004 0)
(-0.837843 20.0005 0)
(-0.83786 20.0006 0)
(-0.837872 20.0006 0)
(-0.837881 20.0007 0)
(-0.837887 20.0007 0)
(-0.837892 20.0007 0)
(-0.837895 20.0008 0)
(-0.837898 20.0008 0)
(-0.837899 20.0008 0)
(-0.837901 20.0008 0)
(-0.837901 20.0008 0)
(-0.837902 20.0008 0)
(-0.837902 20.0008 0)
(-0.837903 20.0008 0)
(-0.837903 20.0008 0)
(-0.837903 20.0008 0)
(-0.837903 20.0008 0)
(-0.837903 20.0008 0)
(-0.837903 20.0008 0)
(-0.837903 20.0008 0)
(-0.837903 20.0008 0)
(-0.837903 20.0008 0)
(-0.837903 20.0008 0)
(-0.837903 20.0008 0)
(-0.837903 20.0008 0)
(-0.837903 20.0008 0)
(-0.837903 20.0008 0)
(-0.837903 20.0008 0)
(-0.837903 20.0008 0)
(-0.837903 20.0008 0)
(-0.837903 20.0008 0)
(-0.837903 20.0008 0)
(-0.837903 20.0008 0)
(-0.837903 20.0008 0)
(-0.837903 20.0008 0)
(-0.837903 20.0008 0)
(-0.837903 20.0008 0)
(-0.837903 20.0008 0)
(-0.837903 20.0008 0)
(-0.837903 20.0008 0)
(-0.837903 20.0008 0)
(-0.837903 20.0008 0)
(-0.837903 20.0008 0)
(-0.837903 20.0008 0)
(-0.837903 20.0008 0)
(-0.837903 20.0008 0)
(-0.837903 20.0008 0)
(-0.837903 20.0008 0)
(-0.837903 20.0008 0)
(-0.837903 20.0008 0)
(-0.837903 20.0008 0)
(-0.837903 20.0008 0)
(-0.837903 20.0008 0)
(-0.837903 20.0008 0)
(-0.837903 20.0008 0)
(-0.837904 20.0008 0)
(-0.837904 20.0008 0)
(-0.837904 20.0008 0)
(-0.837905 20.0008 0)
(-0.837907 20.0008 0)
(-0.837909 20.0008 0)
(-0.837912 20.0008 0)
(-0.837917 20.0008 0)
(-0.837925 20.0008 0)
(-0.837937 20.0007 0)
(-0.837956 20.0007 0)
(-0.837985 20.0007 0)
(-0.838031 20.0006 0)
(-0.838105 20.0005 0)
(-0.838226 20.0005 0)
(-0.838429 20.0004 0)
(-0.83878 20.0005 0)
(-0.839384 20.0009 0)
(-0.840314 20.0024 0)
(-0.841163 20.0043 0)
(-0.755209 19.9323 0)
(-0.807949 19.9406 0)
(-0.821199 19.9425 0)
(-0.835641 19.9489 0)
(-0.83888 19.9578 0)
(-0.842633 19.9667 0)
(-0.844312 19.9739 0)
(-0.845934 19.9796 0)
(-0.847035 19.9841 0)
(-0.847983 19.9877 0)
(-0.848712 19.9905 0)
(-0.849307 19.9927 0)
(-0.849776 19.9945 0)
(-0.85015 19.9959 0)
(-0.850443 19.997 0)
(-0.850672 19.9979 0)
(-0.850849 19.9986 0)
(-0.850986 19.9992 0)
(-0.851089 19.9996 0)
(-0.851167 20 0)
(-0.851226 20.0002 0)
(-0.851269 20.0005 0)
(-0.8513 20.0006 0)
(-0.851323 20.0007 0)
(-0.851339 20.0008 0)
(-0.85135 20.0009 0)
(-0.851358 20.001 0)
(-0.851364 20.001 0)
(-0.851367 20.001 0)
(-0.851369 20.0011 0)
(-0.851371 20.0011 0)
(-0.851372 20.0011 0)
(-0.851372 20.0011 0)
(-0.851372 20.0011 0)
(-0.851372 20.0011 0)
(-0.851372 20.0011 0)
(-0.851372 20.0011 0)
(-0.851372 20.0011 0)
(-0.851372 20.0011 0)
(-0.851372 20.0011 0)
(-0.851371 20.0011 0)
(-0.851371 20.0011 0)
(-0.851371 20.0011 0)
(-0.851371 20.0011 0)
(-0.851371 20.0011 0)
(-0.851371 20.0011 0)
(-0.851371 20.0011 0)
(-0.851371 20.0011 0)
(-0.851371 20.0011 0)
(-0.851371 20.0011 0)
(-0.851371 20.0011 0)
(-0.851371 20.0011 0)
(-0.851371 20.0011 0)
(-0.851371 20.0011 0)
(-0.851371 20.0011 0)
(-0.851371 20.0011 0)
(-0.851371 20.0011 0)
(-0.851371 20.0011 0)
(-0.851371 20.0011 0)
(-0.851371 20.0011 0)
(-0.851371 20.0011 0)
(-0.851371 20.0011 0)
(-0.851371 20.0011 0)
(-0.851371 20.0011 0)
(-0.851371 20.0011 0)
(-0.851371 20.0011 0)
(-0.851371 20.0011 0)
(-0.851371 20.0011 0)
(-0.851371 20.0011 0)
(-0.851371 20.0011 0)
(-0.851371 20.0011 0)
(-0.851371 20.0011 0)
(-0.851371 20.0011 0)
(-0.851371 20.0011 0)
(-0.851371 20.0011 0)
(-0.851371 20.0011 0)
(-0.851371 20.0011 0)
(-0.851371 20.0011 0)
(-0.851371 20.0011 0)
(-0.851371 20.0011 0)
(-0.851371 20.0011 0)
(-0.851371 20.0011 0)
(-0.851372 20.0011 0)
(-0.851372 20.0011 0)
(-0.851373 20.0011 0)
(-0.851375 20.0011 0)
(-0.851377 20.0011 0)
(-0.85138 20.0011 0)
(-0.851385 20.0011 0)
(-0.851393 20.0011 0)
(-0.851406 20.0011 0)
(-0.851425 20.001 0)
(-0.851457 20.001 0)
(-0.851507 20.0009 0)
(-0.85159 20.0009 0)
(-0.851726 20.0008 0)
(-0.851959 20.0009 0)
(-0.852313 20.0014 0)
(-0.852787 20.0026 0)
(-0.852464 20.0042 0)
(-0.72071 20.0007 0)
(-0.770238 19.9736 0)
(-0.768847 19.9673 0)
(-0.77964 19.9701 0)
(-0.78086 19.9751 0)
(-0.783527 19.9805 0)
(-0.784345 19.9848 0)
(-0.78529 19.9883 0)
(-0.785834 19.991 0)
(-0.786331 19.9931 0)
(-0.786693 19.9948 0)
(-0.786992 19.9962 0)
(-0.787221 19.9972 0)
(-0.787402 19.9981 0)
(-0.78754 19.9988 0)
(-0.787645 19.9993 0)
(-0.787723 19.9997 0)
(-0.78778 20 0)
(-0.787821 20.0003 0)
(-0.78785 20.0005 0)
(-0.787869 20.0007 0)
(-0.787882 20.0008 0)
(-0.787889 20.0009 0)
(-0.787893 20.001 0)
(-0.787895 20.001 0)
(-0.787895 20.0011 0)
(-0.787894 20.0011 0)
(-0.787893 20.0011 0)
(-0.787891 20.0011 0)
(-0.78789 20.0011 0)
(-0.787888 20.0012 0)
(-0.787886 20.0012 0)
(-0.787885 20.0012 0)
(-0.787884 20.0012 0)
(-0.787883 20.0012 0)
(-0.787882 20.0012 0)
(-0.787882 20.0012 0)
(-0.787881 20.0012 0)
(-0.787881 20.0012 0)
(-0.78788 20.0012 0)
(-0.78788 20.0012 0)
(-0.78788 20.0012 0)
(-0.78788 20.0012 0)
(-0.787879 20.0012 0)
(-0.787879 20.0012 0)
(-0.787879 20.0012 0)
(-0.787879 20.0012 0)
(-0.787879 20.0012 0)
(-0.787879 20.0012 0)
(-0.787879 20.0012 0)
(-0.787879 20.0012 0)
(-0.787879 20.0012 0)
(-0.787879 20.0012 0)
(-0.787879 20.0012 0)
(-0.787879 20.0012 0)
(-0.787879 20.0012 0)
(-0.787879 20.0012 0)
(-0.787879 20.0012 0)
(-0.787879 20.0012 0)
(-0.787879 20.0012 0)
(-0.787879 20.0012 0)
(-0.787879 20.0012 0)
(-0.787879 20.0012 0)
(-0.787879 20.0012 0)
(-0.787879 20.0012 0)
(-0.787879 20.0012 0)
(-0.787879 20.0012 0)
(-0.787879 20.0012 0)
(-0.787879 20.0012 0)
(-0.787879 20.0012 0)
(-0.787879 20.0012 0)
(-0.787879 20.0012 0)
(-0.787879 20.0012 0)
(-0.787879 20.0012 0)
(-0.787879 20.0012 0)
(-0.787879 20.0012 0)
(-0.787879 20.0012 0)
(-0.787879 20.0012 0)
(-0.787879 20.0012 0)
(-0.787879 20.0012 0)
(-0.787879 20.0012 0)
(-0.787879 20.0012 0)
(-0.787879 20.0012 0)
(-0.787879 20.0012 0)
(-0.78788 20.0012 0)
(-0.78788 20.0012 0)
(-0.787881 20.0012 0)
(-0.787883 20.0012 0)
(-0.787885 20.0012 0)
(-0.787889 20.0012 0)
(-0.787895 20.0012 0)
(-0.787905 20.0011 0)
(-0.787921 20.0011 0)
(-0.787948 20.0011 0)
(-0.787993 20.001 0)
(-0.788067 20.001 0)
(-0.788196 20.0011 0)
(-0.788338 20.0014 0)
(-0.788458 20.0022 0)
(-0.787401 20.0032 0)
(-0.473674 20.0304 0)
(-0.499782 19.9951 0)
(-0.486473 19.9891 0)
(-0.492113 19.9897 0)
(-0.491817 19.9913 0)
(-0.493074 19.9931 0)
(-0.493119 19.9946 0)
(-0.493374 19.9957 0)
(-0.493419 19.9966 0)
(-0.493498 19.9973 0)
(-0.493534 19.9979 0)
(-0.493568 19.9983 0)
(-0.493588 19.9987 0)
(-0.493601 19.999 0)
(-0.493607 19.9992 0)
(-0.493608 19.9994 0)
(-0.493605 19.9995 0)
(-0.493599 19.9996 0)
(-0.493592 19.9997 0)
(-0.493584 19.9998 0)
(-0.493575 19.9998 0)
(-0.493566 19.9999 0)
(-0.493558 19.9999 0)
(-0.493551 19.9999 0)
(-0.493544 19.9999 0)
(-0.493537 20 0)
(-0.493532 20 0)
(-0.493527 20 0)
(-0.493524 20 0)
(-0.49352 20 0)
(-0.493518 20 0)
(-0.493515 20 0)
(-0.493514 20 0)
(-0.493512 20 0)
(-0.493511 20 0)
(-0.49351 20 0)
(-0.493509 20 0)
(-0.493509 20 0)
(-0.493508 20 0)
(-0.493508 20 0)
(-0.493508 20 0)
(-0.493507 20 0)
(-0.493507 20 0)
(-0.493507 20 0)
(-0.493507 20 0)
(-0.493507 20 0)
(-0.493507 20 0)
(-0.493507 20 0)
(-0.493507 20 0)
(-0.493507 20 0)
(-0.493507 20 0)
(-0.493507 20 0)
(-0.493507 20 0)
(-0.493507 20 0)
(-0.493507 20 0)
(-0.493507 20 0)
(-0.493507 20 0)
(-0.493507 20 0)
(-0.493507 20 0)
(-0.493507 20 0)
(-0.493507 20 0)
(-0.493507 20 0)
(-0.493507 20 0)
(-0.493507 20 0)
(-0.493507 20 0)
(-0.493507 20 0)
(-0.493507 20 0)
(-0.493507 20 0)
(-0.493507 20 0)
(-0.493507 20 0)
(-0.493507 20 0)
(-0.493507 20 0)
(-0.493507 20 0)
(-0.493507 20 0)
(-0.493507 20 0)
(-0.493507 20 0)
(-0.493507 20 0)
(-0.493507 20 0)
(-0.493506 20 0)
(-0.493506 20 0)
(-0.493506 20 0)
(-0.493506 20 0)
(-0.493506 20 0)
(-0.493506 20 0)
(-0.493506 20 0)
(-0.493506 20 0)
(-0.493506 20 0)
(-0.493506 20 0)
(-0.493506 20 0)
(-0.493506 20 0)
(-0.493507 20 0)
(-0.493508 20 0)
(-0.493511 20 0)
(-0.493517 20 0)
(-0.493528 20 0)
(-0.493549 19.9999 0)
(-0.493591 20 0)
(-0.493595 20.0001 0)
(-0.493551 20.0004 0)
(-0.492789 20.0007 0)
)
;

boundaryField
{
    inlet
    {
        type            zeroGradient;
    }
    outlet
    {
        type            zeroGradient;
    }
    lowerWall
    {
        type            fixedValue;
        value           uniform (0 20 0);
    }
    upperWall
    {
        type            fixedValue;
        value           uniform (0 20 0);
    }
    frontAndBack
    {
        type            empty;
    }
}


// ************************************************************************* //
