/*--------------------------------*- C++ -*----------------------------------*\
| =========                 |                                                 |
| \\      /  F ield         | OpenFOAM: The Open Source CFD Toolbox           |
|  \\    /   O peration     | Version:  5.x                                   |
|   \\  /    A nd           | Web:      www.OpenFOAM.org                      |
|    \\/     M anipulation  |                                                 |
\*---------------------------------------------------------------------------*/
FoamFile
{
    version     2.0;
    format      ascii;
    class       surfaceScalarField;
    location    "1.5";
    object      phi;
}
// * * * * * * * * * * * * * * * * * * * * * * * * * * * * * * * * * * * * * //

dimensions      [0 3 -1 0 0 0 0];

internalField   nonuniform List<scalar> 
7860
(
0.00283437
0.00216563
0.00262131
0.00021306
0.00260897
1.23456e-05
0.00260646
2.50289e-06
0.00260917
-2.70927e-06
0.0026079
1.27707e-06
0.00260679
1.10503e-06
0.00260521
1.57611e-06
0.00260399
1.22877e-06
0.00260289
1.09494e-06
0.00260201
8.80394e-07
0.00260127
7.42468e-07
0.00260066
6.12664e-07
0.00260014
5.15539e-07
0.00259971
4.33368e-07
0.00259934
3.66371e-07
0.00259903
3.11748e-07
0.00259877
2.64578e-07
0.00259854
2.24919e-07
0.00259835
1.91038e-07
0.00259819
1.62403e-07
0.00259805
1.37471e-07
0.00259793
1.15826e-07
0.00259784
9.65106e-08
0.00259776
8.08192e-08
0.00259769
6.71801e-08
0.00259763
5.5967e-08
0.00259759
4.5925e-08
0.00259755
3.71264e-08
0.00259752
2.98368e-08
0.0025975
2.46501e-08
0.00259748
1.93051e-08
0.00259746
1.54811e-08
0.00259745
1.21273e-08
0.00259744
1.00508e-08
0.00259743
7.64758e-09
0.00259742
6.41274e-09
0.00259742
5.0317e-09
0.00259742
4.19078e-09
0.00259741
2.91407e-09
0.00259741
2.29714e-09
0.00259741
1.59828e-09
0.00259741
1.5987e-09
0.00259741
1.19082e-09
0.00259741
1.12892e-09
0.00259741
2.4729e-10
0.0025974
1.55186e-10
0.0025974
-1.53069e-10
0.0025974
9.21923e-10
0.0025974
4.65222e-10
0.0025974
2.69431e-10
0.0025974
-5.46385e-11
0.0025974
2.19751e-10
0.0025974
-1.1972e-10
0.0025974
3.38498e-10
0.0025974
7.09339e-12
0.0025974
5.25882e-11
0.0025974
-3.60986e-10
0.0025974
2.00196e-10
0.0025974
-2.03748e-10
0.0025974
8.52294e-11
0.0025974
1.53078e-10
0.0025974
4.39542e-10
0.0025974
1.72492e-11
0.0025974
-1.10258e-10
0.0025974
-1.7424e-10
0.0025974
3.81079e-10
0.0025974
1.08117e-10
0.0025974
1.60549e-10
0.0025974
-1.65473e-10
0.0025974
1.0884e-10
0.0025974
-2.80255e-10
0.0025974
-5.09838e-11
0.0025974
-4.09266e-12
0.0025974
3.98625e-10
0.0025974
3.08181e-11
0.0025974
9.33551e-11
0.0025974
-1.04635e-10
0.0025974
4.52493e-10
0.0025974
2.97136e-10
0.0025974
6.6553e-10
0.0025974
6.23088e-10
0.0025974
1.04857e-09
0.0025974
1.6487e-09
0.0025974
2.4775e-09
0.00259739
3.50993e-09
0.00259739
5.12535e-09
0.00259738
7.15495e-09
0.00259737
1.03279e-08
0.00259736
1.42704e-08
0.00259734
1.99455e-08
0.00259731
2.6135e-08
0.00259728
3.38584e-08
0.00259724
3.78681e-08
0.0025972
3.37653e-08
0.00259718
2.2843e-08
0.00259708
1.0146e-07
0.00259638
6.95861e-07
0.00259378
2.6029e-06
-1.1899e-06
0.00456773
0.00259789
0.00437551
0.000405288
0.00434671
4.1142e-05
0.00434295
6.26406e-06
0.00434595
-5.71366e-06
0.00434442
2.809e-06
0.00434279
2.7323e-06
0.00434059
3.78389e-06
0.00433879
3.02447e-06
0.0043372
2.684e-06
0.00433591
2.17202e-06
0.00433482
1.83044e-06
0.00433392
1.51571e-06
0.00433316
1.27675e-06
0.00433252
1.07531e-06
0.00433197
9.10446e-07
0.00433151
7.74924e-07
0.00433111
6.60821e-07
0.00433077
5.64107e-07
0.00433048
4.80739e-07
0.00433024
4.09946e-07
0.00433003
3.46963e-07
0.00432985
2.94336e-07
0.0043297
2.47306e-07
0.00432957
2.07266e-07
0.00432947
1.72553e-07
0.00432938
1.43487e-07
0.00432931
1.18131e-07
0.00432925
9.68935e-08
0.0043292
7.8077e-08
0.00432916
6.40011e-08
0.00432913
5.08709e-08
0.0043291
4.12979e-08
0.00432908
3.23276e-08
0.00432907
2.66646e-08
0.00432905
2.09587e-08
0.00432904
1.69025e-08
0.00432903
1.30323e-08
0.00432903
1.10181e-08
0.00432902
8.14211e-09
0.00432902
6.71207e-09
0.00432902
4.70744e-09
0.00432901
4.21004e-09
0.00432901
2.58946e-09
0.00432901
2.93135e-09
0.00432901
1.60644e-09
0.00432901
1.59644e-09
0.00432901
3.57225e-10
0.00432901
1.57463e-09
0.00432901
8.86572e-10
0.00432901
9.65635e-10
0.00432901
2.74967e-10
0.00432901
9.41006e-10
0.00432901
-1.81277e-10
0.00432901
6.01059e-10
0.00432901
2.89012e-12
0.00432901
5.777e-10
0.00432901
-4.28855e-10
0.00432901
3.64261e-10
0.00432901
-1.93441e-10
0.00432901
5.07968e-10
0.00432901
2.79858e-10
0.00432901
7.13313e-10
0.00432901
-1.00478e-10
0.00432901
2.9809e-10
0.00432901
1.26583e-10
0.00432901
9.35093e-10
0.00432901
-8.74567e-11
0.00432901
1.16492e-10
0.00432901
-3.90482e-10
0.00432901
4.1854e-10
0.00432901
-2.63146e-10
0.00432901
-8.77935e-11
0.00432901
-3.82385e-10
0.00432901
6.1955e-10
0.00432901
3.63456e-11
0.00432901
4.73825e-10
0.00432901
-2.37529e-10
0.00432901
7.0527e-10
0.004329
7.0897e-10
0.004329
1.78926e-09
0.004329
2.02964e-09
0.004329
2.97365e-09
0.004329
4.2304e-09
0.00432899
6.59297e-09
0.00432899
9.19618e-09
0.00432898
1.32085e-08
0.00432897
1.80077e-08
0.00432895
2.57858e-08
0.00432893
3.57283e-08
0.0043289
5.012e-08
0.00432886
6.65377e-08
0.00432881
8.66522e-08
0.00432875
1.00555e-07
0.00432868
1.0508e-07
0.00432859
1.11378e-07
0.00432827
4.17359e-07
0.00432694
2.02802e-06
0.00432236
7.18291e-06
7.91052e-06
0.00507214
0.00252575
0.00495559
0.000521843
0.00492292
7.38115e-05
0.00492067
8.51279e-06
0.00492251
-7.55209e-06
0.00492136
3.95287e-06
0.0049197
4.39565e-06
0.00491763
5.85199e-06
0.00491587
4.78312e-06
0.00491434
4.21951e-06
0.00491307
3.43574e-06
0.00491201
2.89171e-06
0.00491113
2.39922e-06
0.00491038
2.02066e-06
0.00490975
1.7053e-06
0.00490922
1.4472e-06
0.00490876
1.23302e-06
0.00490837
1.05395e-06
0.00490803
9.02681e-07
0.00490774
7.70871e-07
0.00490749
6.59189e-07
0.00490728
5.59673e-07
0.00490709
4.7605e-07
0.00490694
4.01778e-07
0.00490681
3.37527e-07
0.0049067
2.8194e-07
0.00490661
2.35289e-07
0.00490653
1.9402e-07
0.00490647
1.59578e-07
0.00490642
1.29212e-07
0.00490638
1.0637e-07
0.00490634
8.52096e-08
0.00490631
6.91469e-08
0.00490629
5.45436e-08
0.00490627
4.46114e-08
0.00490626
3.53466e-08
0.00490625
2.87902e-08
0.00490624
2.22227e-08
0.00490623
1.80173e-08
0.00490623
1.32542e-08
0.00490622
1.12711e-08
0.00490622
8.19882e-09
0.00490622
7.36356e-09
0.00490621
4.56787e-09
0.00490621
4.81526e-09
0.00490621
2.82069e-09
0.00490621
2.86913e-09
0.00490621
1.08329e-09
0.00490621
2.11275e-09
0.00490621
1.01857e-09
0.00490621
1.16668e-09
0.00490621
8.76763e-11
0.00490621
1.33706e-09
0.00490621
-1.50852e-10
0.00490621
8.99948e-10
0.00490621
-2.34127e-10
0.00490621
6.15064e-10
0.00490621
-4.50138e-10
0.00490621
6.61168e-10
0.00490621
-2.07529e-10
0.00490621
6.40508e-10
0.00490621
2.28255e-10
0.00490621
1.21682e-09
0.00490621
1.35402e-10
0.00490621
5.84821e-10
0.00490621
-8.7125e-11
0.00490621
1.26271e-09
0.00490621
1.13557e-10
0.00490621
4.72235e-10
0.00490621
-8.12127e-10
0.00490621
8.53855e-11
0.00490621
-2.1386e-10
0.00490621
3.78892e-10
0.00490621
-5.25698e-10
0.00490621
4.09151e-10
0.00490621
-5.03502e-10
0.00490621
7.50675e-10
0.00490621
-1.57295e-11
0.00490621
1.08478e-09
0.0049062
1.17996e-09
0.0049062
2.67737e-09
0.0049062
3.47526e-09
0.0049062
5.34252e-09
0.0049062
7.19546e-09
0.00490619
1.09085e-08
0.00490619
1.49027e-08
0.00490618
2.12345e-08
0.00490617
2.89758e-08
0.00490615
4.16055e-08
0.00490613
5.77236e-08
0.0049061
8.0545e-08
0.00490606
1.07726e-07
0.00490601
1.42024e-07
0.00490594
1.70796e-07
0.00490584
2.01219e-07
0.00490569
2.56568e-07
0.00490522
8.91208e-07
0.0049036
3.64753e-06
0.00489776
1.30256e-05
2.27393e-05
0.00521003
0.00231572
0.00513971
0.000592166
0.00511263
0.000100888
0.00511151
9.63642e-06
0.0051126
-8.64853e-06
0.00511178
4.77352e-06
0.00511033
5.85077e-06
0.00510859
7.58672e-06
0.00510708
6.29937e-06
0.00510576
5.53563e-06
0.00510467
4.52667e-06
0.00510375
3.80837e-06
0.00510299
3.16458e-06
0.00510234
2.66709e-06
0.00510179
2.25298e-06
0.00510132
1.91545e-06
0.00510092
1.63566e-06
0.00510057
1.40064e-06
0.00510028
1.2023e-06
0.00510002
1.02899e-06
0.00509979
8.82523e-07
0.0050996
7.52151e-07
0.00509944
6.40909e-07
0.0050993
5.42584e-07
0.00509918
4.57218e-07
0.00509908
3.82844e-07
0.00509899
3.20637e-07
0.00509892
2.65556e-07
0.00509886
2.19199e-07
0.00509881
1.77952e-07
0.00509877
1.46207e-07
0.00509874
1.17544e-07
0.00509871
9.59146e-08
0.00509869
7.62957e-08
0.00509867
6.22122e-08
0.00509866
4.91908e-08
0.00509865
3.99291e-08
0.00509864
3.10351e-08
0.00509863
2.51213e-08
0.00509863
1.85191e-08
0.00509862
1.56288e-08
0.00509862
1.17342e-08
0.00509862
1.08048e-08
0.00509861
6.9495e-09
0.00509861
6.76337e-09
0.00509861
4.05362e-09
0.00509861
3.90493e-09
0.00509861
1.60321e-09
0.00509861
2.42901e-09
0.00509861
1.14702e-09
0.00509861
1.53514e-09
0.00509861
5.94085e-12
0.00509861
1.58037e-09
0.00509861
-3.68891e-11
0.00509861
1.27295e-09
0.00509861
-3.25428e-10
0.00509861
5.13339e-10
0.00509861
-7.65818e-10
0.00509861
8.36132e-10
0.00509861
1.50055e-11
0.00509861
8.03083e-10
0.00509861
-2.4559e-10
0.00509861
1.25761e-09
0.00509861
5.30193e-10
0.00509861
1.26906e-09
0.00509861
-9.98413e-11
0.00509861
1.23347e-09
0.00509861
1.16987e-10
0.00509861
1.13089e-09
0.00509861
-4.83613e-10
0.00509861
6.97819e-12
0.00509861
-4.32248e-10
0.00509861
5.78128e-10
0.00509861
-5.15618e-10
0.00509861
5.27589e-10
0.00509861
-8.65702e-10
0.00509861
7.02906e-10
0.00509861
8.70625e-11
0.00509861
1.5425e-09
0.00509861
1.77007e-09
0.0050986
3.5577e-09
0.0050986
4.6798e-09
0.0050986
7.46095e-09
0.0050986
1.00559e-08
0.00509859
1.4826e-08
0.00509859
1.99663e-08
0.00509858
2.83644e-08
0.00509857
3.89099e-08
0.00509856
5.58027e-08
0.00509854
7.74874e-08
0.00509851
1.0797e-07
0.00509847
1.45208e-07
0.00509842
1.94281e-07
0.00509835
2.41923e-07
0.00509824
3.12604e-07
0.00509806
4.41359e-07
0.00509749
1.45864e-06
0.00509583
5.30018e-06
0.00508957
1.92892e-05
3.78149e-05
0.0052334
0.00208232
0.00519429
0.000631274
0.00517363
0.000121548
0.00517332
9.95025e-06
0.00517395
-9.28228e-06
0.00517344
5.28499e-06
0.00517227
7.02387e-06
0.00517091
8.94759e-06
0.00516969
7.51362e-06
0.00516864
6.5899e-06
0.00516776
5.40529e-06
0.00516702
4.54827e-06
0.0051664
3.78457e-06
0.00516588
3.19077e-06
0.00516543
2.69863e-06
0.00516505
2.29839e-06
0.00516471
1.96683e-06
0.00516443
1.68726e-06
0.00516418
1.4517e-06
0.00516396
1.24568e-06
0.00516377
1.07072e-06
0.00516361
9.1541e-07
0.00516347
7.81533e-07
0.00516335
6.63201e-07
0.00516325
5.61049e-07
0.00516316
4.7098e-07
0.00516309
3.95189e-07
0.00516302
3.2826e-07
0.00516297
2.71747e-07
0.00516293
2.21154e-07
0.00516289
1.81839e-07
0.00516286
1.46664e-07
0.00516284
1.20027e-07
0.00516282
9.60607e-08
0.0051628
7.83836e-08
0.00516279
6.18887e-08
0.00516278
4.98515e-08
0.00516277
3.87141e-08
0.00516276
3.15813e-08
0.00516276
2.36982e-08
0.00516275
1.99845e-08
0.00516275
1.51312e-08
0.00516275
1.39135e-08
0.00516275
9.19713e-09
0.00516275
8.5256e-09
0.00516274
5.13935e-09
0.00516274
4.77801e-09
0.00516274
1.98879e-09
0.00516274
2.61917e-09
0.00516274
1.15682e-09
0.00516274
1.92509e-09
0.00516274
1.39416e-10
0.00516274
1.87763e-09
0.00516274
5.62992e-11
0.00516274
1.52553e-09
0.00516274
-4.05047e-10
0.00516274
4.64483e-10
0.00516274
-1.10907e-09
0.00516274
6.81788e-10
0.00516274
2.22803e-11
0.00516274
1.12402e-09
0.00516274
-4.61051e-10
0.00516274
1.07657e-09
0.00516274
5.96959e-10
0.00516274
1.91572e-09
0.00516274
3.17633e-10
0.00516274
1.55264e-09
0.00516274
6.89756e-11
0.00516274
1.38288e-09
0.00516274
-1.6378e-10
0.00516274
3.12982e-10
0.00516274
-5.27448e-10
0.00516274
4.95865e-10
0.00516274
-8.19322e-10
0.00516274
5.50719e-10
0.00516274
-1.03761e-09
0.00516274
6.13176e-10
0.00516274
-5.93974e-11
0.00516274
1.73792e-09
0.00516274
2.31942e-09
0.00516274
4.52338e-09
0.00516274
5.81616e-09
0.00516274
9.15395e-09
0.00516273
1.2384e-08
0.00516273
1.81788e-08
0.00516273
2.4375e-08
0.00516272
3.4413e-08
0.00516271
4.7271e-08
0.0051627
6.77695e-08
0.00516268
9.41119e-08
0.00516266
1.31237e-07
0.00516263
1.77583e-07
0.00516258
2.41344e-07
0.00516251
3.10464e-07
0.00516239
4.30853e-07
0.00516219
6.48298e-07
0.0051616
2.04266e-06
0.00516004
6.86656e-06
0.00515415
2.51727e-05
5.09458e-05
0.00522268
0.00185964
0.00520664
0.000647313
0.00519192
0.000136275
0.00519215
9.72095e-06
0.0051925
-9.63604e-06
0.00519226
5.52563e-06
0.00519139
7.89787e-06
0.0051904
9.9358e-06
0.00518949
8.41991e-06
0.0051887
7.37742e-06
0.00518804
6.06798e-06
0.00518748
5.10763e-06
0.00518701
4.25574e-06
0.00518661
3.59015e-06
0.00518627
3.04084e-06
0.00518597
2.59347e-06
0.00518571
2.22366e-06
0.00518549
1.91138e-06
0.0051853
1.64779e-06
0.00518512
1.41768e-06
0.00518497
1.22106e-06
0.00518484
1.0464e-06
0.00518473
8.95551e-07
0.00518463
7.61624e-07
0.00518455
6.46254e-07
0.00518447
5.44089e-07
0.00518441
4.56905e-07
0.00518436
3.79978e-07
0.00518432
3.15874e-07
0.00518428
2.57803e-07
0.00518425
2.12039e-07
0.00518422
1.71576e-07
0.0051842
1.40753e-07
0.00518419
1.12901e-07
0.00518417
9.20126e-08
0.00518416
7.28545e-08
0.00518415
5.87024e-08
0.00518415
4.54608e-08
0.00518414
3.72094e-08
0.00518413
2.84161e-08
0.00518413
2.40046e-08
0.00518413
1.82731e-08
0.00518413
1.67292e-08
0.00518412
1.11806e-08
0.00518412
9.91943e-09
0.00518412
5.83854e-09
0.00518412
5.41897e-09
0.00518412
2.40561e-09
0.00518412
2.97131e-09
0.00518412
1.23268e-09
0.00518412
2.33572e-09
0.00518412
4.78029e-10
0.00518412
2.32783e-09
0.00518412
1.61629e-10
0.00518412
1.56865e-09
0.00518412
-6.48675e-10
0.00518412
3.87451e-10
0.00518412
-1.28778e-09
0.00518412
4.86071e-10
0.00518412
-2.21666e-10
0.00518412
1.31037e-09
0.00518412
-3.90852e-10
0.00518412
1.20783e-09
0.00518412
6.54951e-10
0.00518412
2.2383e-09
0.00518412
5.6962e-10
0.00518412
1.9595e-09
0.00518412
2.43822e-10
0.00518412
1.50599e-09
0.00518412
-1.38941e-10
0.00518412
5.80077e-10
0.00518412
-4.07095e-10
0.00518412
5.95133e-10
0.00518412
-1.12441e-09
0.00518412
4.21778e-10
0.00518412
-1.16625e-09
0.00518412
6.87802e-10
0.00518412
-6.00702e-12
0.00518412
1.906e-09
0.00518412
2.70906e-09
0.00518412
5.30115e-09
0.00518412
6.81584e-09
0.00518411
1.05685e-08
0.00518411
1.41596e-08
0.00518411
2.08214e-08
0.00518411
2.80005e-08
0.0051841
3.94646e-08
0.00518409
5.40788e-08
0.00518409
7.73468e-08
0.00518407
1.07395e-07
0.00518405
1.49984e-07
0.00518403
2.04233e-07
0.00518399
2.81986e-07
0.00518392
3.73098e-07
0.00518381
5.48191e-07
0.0051836
8.58744e-07
0.00518303
2.61295e-06
0.00518165
8.24537e-06
0.0051766
3.02173e-05
6.15784e-05
0.00520401
0.00165562
0.00520555
0.000645775
0.00519615
0.000145675
0.00519673
9.13898e-06
0.00519691
-9.80646e-06
0.00519689
5.53552e-06
0.00519631
8.47976e-06
0.00519567
1.0575e-05
0.00519506
9.03135e-06
0.00519453
7.90947e-06
0.00519408
6.52224e-06
0.00519369
5.49255e-06
0.00519336
4.58306e-06
0.00519308
3.86916e-06
0.00519284
3.28214e-06
0.00519263
2.80322e-06
0.00519245
2.40717e-06
0.00519229
2.07349e-06
0.00519214
1.79085e-06
0.00519202
1.544e-06
0.00519191
1.33256e-06
0.00519181
1.14413e-06
0.00519172
9.81399e-07
0.00519165
8.36587e-07
0.00519158
7.11295e-07
0.00519153
6.00377e-07
0.00519148
5.05164e-07
0.00519144
4.20389e-07
0.0051914
3.50278e-07
0.00519138
2.86834e-07
0.00519135
2.36183e-07
0.00519133
1.91593e-07
0.00519131
1.57416e-07
0.0051913
1.26567e-07
0.00519129
1.03107e-07
0.00519128
8.18012e-08
0.00519127
6.61993e-08
0.00519127
5.12914e-08
0.00519126
4.20156e-08
0.00519126
3.22507e-08
0.00519126
2.7373e-08
0.00519125
2.09229e-08
0.00519125
1.89684e-08
0.00519125
1.27406e-08
0.00519125
1.09709e-08
0.00519125
6.39969e-09
0.00519125
6.03829e-09
0.00519125
2.98647e-09
0.00519124
3.60681e-09
0.00519124
1.58725e-09
0.00519124
2.79448e-09
0.00519124
7.87204e-10
0.00519124
2.59084e-09
0.00519124
1.13805e-10
0.00519124
1.4756e-09
0.00519124
-8.60997e-10
0.00519124
2.49474e-10
0.00519124
-1.42261e-09
0.00519124
4.34232e-10
0.00519124
-3.40503e-10
0.00519124
1.53456e-09
0.00519124
-2.24243e-10
0.00519125
1.44908e-09
0.00519125
8.1417e-10
0.00519125
2.42595e-09
0.00519125
6.2542e-10
0.00519124
2.1879e-09
0.00519125
4.59193e-10
0.00519124
1.65364e-09
0.00519124
-1.48463e-10
0.00519124
7.31386e-10
0.00519124
-2.74885e-10
0.00519124
8.43384e-10
0.00519124
-1.19168e-09
0.00519124
2.94188e-10
0.00519124
-1.36478e-09
0.00519124
6.75516e-10
0.00519124
1.30182e-10
0.00519124
2.04868e-09
0.00519124
2.91414e-09
0.00519124
5.77826e-09
0.00519124
7.54378e-09
0.00519124
1.17884e-08
0.00519124
1.55877e-08
0.00519124
2.27347e-08
0.00519123
3.06818e-08
0.00519123
4.3366e-08
0.00519123
5.92466e-08
0.00519122
8.44001e-08
0.00519121
1.17161e-07
0.0051912
1.64086e-07
0.00519118
2.25068e-07
0.00519114
3.15462e-07
0.00519109
4.28041e-07
0.00519098
6.57746e-07
0.00519078
1.05899e-06
0.00519026
3.13046e-06
0.00518913
9.37831e-06
0.00518513
3.4213e-05
6.96153e-05
0.00518542
0.00147021
0.0052006
0.000630595
0.00519591
0.000150361
0.0051967
8.34916e-06
0.00519673
-9.83773e-06
0.00519691
5.35906e-06
0.0051966
8.78848e-06
0.00519628
1.08946e-05
0.00519594
9.36803e-06
0.00519565
8.2031e-06
0.00519539
6.7804e-06
0.00519517
5.71318e-06
0.00519498
4.7741e-06
0.00519481
4.03392e-06
0.00519467
3.42648e-06
0.00519454
2.93111e-06
0.00519443
2.52034e-06
0.00519433
2.17504e-06
0.00519424
1.88209e-06
0.00519416
1.62538e-06
0.00519408
1.40535e-06
0.00519402
1.20896e-06
0.00519396
1.03904e-06
0.00519391
8.87843e-07
0.00519386
7.5616e-07
0.00519383
6.39265e-07
0.00519379
5.3888e-07
0.00519376
4.49002e-07
0.00519374
3.74502e-07
0.00519372
3.07612e-07
0.0051937
2.53941e-07
0.00519369
2.06499e-07
0.00519367
1.69676e-07
0.00519366
1.36617e-07
0.00519365
1.11486e-07
0.00519365
8.86086e-08
0.00519364
7.19912e-08
0.00519364
5.59267e-08
0.00519363
4.57526e-08
0.00519363
3.52417e-08
0.00519363
2.97676e-08
0.00519363
2.27781e-08
0.00519362
2.05342e-08
0.00519362
1.39867e-08
0.00519362
1.18168e-08
0.00519362
6.94192e-09
0.00519362
6.69463e-09
0.00519362
3.69646e-09
0.00519362
4.36721e-09
0.00519362
2.08641e-09
0.00519362
3.22242e-09
0.00519362
1.00969e-09
0.00519362
2.58552e-09
0.00519362
-5.31418e-11
0.00519362
1.33194e-09
0.00519362
-9.02556e-10
0.00519362
2.33289e-10
0.00519362
-1.47683e-09
0.00519362
5.68643e-10
0.00519362
-2.64653e-10
0.00519362
1.84171e-09
0.00519362
2.22103e-11
0.00519362
1.66101e-09
0.00519362
9.60605e-10
0.00519362
2.54225e-09
0.00519362
5.52155e-10
0.00519362
2.17717e-09
0.00519362
5.7879e-10
0.00519362
1.77826e-09
0.00519362
-7.03944e-11
0.00519362
8.70996e-10
0.00519362
-1.99861e-10
0.00519362
1.03251e-09
0.00519362
-1.15718e-09
0.00519362
1.7444e-10
0.00519362
-1.60601e-09
0.00519362
4.46777e-10
0.00519362
1.79245e-10
0.00519362
2.18396e-09
0.00519362
3.01257e-09
0.00519362
6.03832e-09
0.00519362
7.91792e-09
0.00519362
1.25858e-08
0.00519362
1.67063e-08
0.00519362
2.40482e-08
0.00519361
3.23554e-08
0.00519361
4.59386e-08
0.00519361
6.27598e-08
0.0051936
8.90407e-08
0.0051936
1.23542e-07
0.00519359
1.73569e-07
0.00519357
2.39884e-07
0.00519355
3.41096e-07
0.0051935
4.73183e-07
0.00519341
7.53236e-07
0.00519323
1.23582e-06
0.0051928
3.56401e-06
0.00519194
1.02327e-05
0.00518908
3.70727e-05
7.50836e-05
0.00516896
0.00130125
0.00519492
0.000604636
0.00519438
0.000150902
0.00519527
7.46033e-06
0.00519517
-9.74309e-06
0.00519549
5.041e-06
0.00519543
8.84832e-06
0.0051954
1.09255e-05
0.00519531
9.45224e-06
0.00519524
8.27733e-06
0.00519516
6.85655e-06
0.0051951
5.78101e-06
0.00519503
4.83735e-06
0.00519498
4.09135e-06
0.00519492
3.47936e-06
0.00519487
2.98097e-06
0.00519483
2.56678e-06
0.00519478
2.2183e-06
0.00519474
1.92292e-06
0.00519471
1.66323e-06
0.00519467
1.44028e-06
0.00519464
1.24144e-06
0.00519461
1.06865e-06
0.00519458
9.14902e-07
0.00519456
7.8034e-07
0.00519454
6.60516e-07
0.00519452
5.57684e-07
0.0051945
4.65532e-07
0.00519449
3.88732e-07
0.00519447
3.19992e-07
0.00519446
2.64886e-07
0.00519445
2.15906e-07
0.00519445
1.77364e-07
0.00519444
1.42876e-07
0.00519443
1.16939e-07
0.00519443
9.32091e-08
0.00519443
7.5916e-08
0.00519442
5.9145e-08
0.00519442
4.84038e-08
0.00519442
3.72331e-08
0.00519442
3.12562e-08
0.00519442
2.37819e-08
0.00519441
2.1415e-08
0.00519441
1.49231e-08
0.00519441
1.25318e-08
0.00519441
7.50193e-09
0.00519441
7.40216e-09
0.00519441
4.49049e-09
0.00519441
5.14722e-09
0.00519441
2.62643e-09
0.00519441
3.58706e-09
0.00519441
1.15248e-09
0.00519441
2.39662e-09
0.00519441
-2.80221e-10
0.00519441
1.18817e-09
0.00519441
-8.1651e-10
0.00519441
4.06019e-10
0.00519441
-1.4223e-09
0.00519441
8.2884e-10
0.00519441
-5.74963e-11
0.00519441
2.15532e-09
0.00519441
2.9187e-10
0.00519441
1.79655e-09
0.00519441
9.40445e-10
0.00519441
2.54842e-09
0.00519441
4.36069e-10
0.00519441
2.01906e-09
0.00519441
6.05088e-10
0.00519441
1.88222e-09
0.00519441
1.07078e-10
0.00519441
1.09991e-09
0.00519441
-1.60252e-10
0.00519441
1.0484e-09
0.00519441
-1.19195e-09
0.00519441
5.25182e-11
0.00519441
-1.73409e-09
0.00519441
2.00043e-10
0.00519441
1.14377e-10
0.00519441
2.25948e-09
0.00519441
3.01762e-09
0.00519441
6.10996e-09
0.00519441
8.08338e-09
0.00519441
1.30466e-08
0.00519441
1.74103e-08
0.00519441
2.47881e-08
0.00519441
3.31255e-08
0.00519441
4.71901e-08
0.00519441
6.45954e-08
0.0051944
9.13814e-08
0.0051944
1.26696e-07
0.0051944
1.7851e-07
0.00519439
2.48485e-07
0.00519437
3.58185e-07
0.00519434
5.06571e-07
0.00519426
8.29281e-07
0.00519412
1.37831e-06
0.00519379
3.89151e-06
0.00519323
1.07897e-05
0.00519153
3.87736e-05
7.80783e-05
0.00515492
0.00114633
0.00518951
0.000570048
0.0051926
0.000147804
0.00519352
6.54792e-06
0.00519329
-9.51948e-06
0.00519371
4.62312e-06
0.00519387
8.68531e-06
0.0051941
1.0698e-05
0.00519425
9.30662e-06
0.00519437
8.15144e-06
0.00519446
6.76532e-06
0.00519454
5.70799e-06
0.00519459
4.78227e-06
0.00519463
4.04883e-06
0.00519467
3.44709e-06
0.00519469
2.95726e-06
0.00519471
2.55011e-06
0.00519472
2.20632e-06
0.00519473
1.91541e-06
0.00519473
1.65939e-06
0.00519473
1.43884e-06
0.00519473
1.24241e-06
0.00519473
1.07084e-06
0.00519473
9.18027e-07
0.00519472
7.84107e-07
0.00519472
6.64486e-07
0.00519471
5.61927e-07
0.00519471
4.69992e-07
0.0051947
3.9312e-07
0.0051947
3.24004e-07
0.0051947
2.68722e-07
0.00519469
2.19501e-07
0.00519469
1.80487e-07
0.00519469
1.45469e-07
0.00519469
1.19362e-07
0.00519468
9.53787e-08
0.00519468
7.78749e-08
0.00519468
6.0671e-08
0.00519468
4.96801e-08
0.00519468
3.81899e-08
0.00519468
3.19018e-08
0.00519468
2.40491e-08
0.00519468
2.16405e-08
0.00519468
1.54561e-08
0.00519468
1.31736e-08
0.00519468
8.03385e-09
0.00519468
8.07934e-09
0.00519468
5.08707e-09
0.00519467
5.76985e-09
0.00519467
2.93834e-09
0.00519467
3.74775e-09
0.00519467
1.19301e-09
0.00519467
2.16561e-09
0.00519467
-4.98502e-10
0.00519467
1.05986e-09
0.00519467
-7.08716e-10
0.00519467
6.98875e-10
0.00519467
-1.24429e-09
0.00519467
1.12616e-09
0.00519468
1.22024e-10
0.00519468
2.38096e-09
0.00519468
4.96603e-10
0.00519468
1.86129e-09
0.00519468
7.67179e-10
0.00519468
2.45159e-09
0.00519468
3.9024e-10
0.00519468
1.90356e-09
0.00519468
6.3371e-10
0.00519468
2.05768e-09
0.00519468
3.64282e-10
0.00519468
1.41215e-09
0.00519468
-1.59035e-10
0.00519468
9.28868e-10
0.00519468
-1.30039e-09
0.00519468
-2.87181e-11
0.00519468
-1.6891e-09
0.00519468
7.71014e-11
0.00519468
-3.45303e-11
0.00519468
2.21186e-09
0.00519468
2.87055e-09
0.00519468
6.0712e-09
0.00519468
8.08672e-09
0.00519468
1.31361e-08
0.00519468
1.76468e-08
0.00519468
2.4967e-08
0.00519468
3.3083e-08
0.00519468
4.72418e-08
0.00519468
6.47956e-08
0.00519468
9.14971e-08
0.00519468
1.26757e-07
0.00519467
1.79064e-07
0.00519467
2.50846e-07
0.00519466
3.66197e-07
0.00519464
5.26618e-07
0.00519459
8.81557e-07
0.00519449
1.47831e-06
0.00519428
4.09824e-06
0.00519403
1.10405e-05
0.00519347
3.9334e-05
7.87402e-05
0.00514309
0.00100324
0.00518463
0.0005285
0.00519092
0.000141516
0.00519181
5.65951e-06
0.00519145
-9.15792e-06
0.00519193
4.14235e-06
0.00519229
8.32547e-06
0.00519275
1.02414e-05
0.0051931
8.95374e-06
0.0051934
7.84466e-06
0.00519365
6.52178e-06
0.00519385
5.5063e-06
0.00519401
4.61886e-06
0.00519415
3.91418e-06
0.00519426
3.33611e-06
0.00519435
2.86509e-06
0.00519443
2.47425e-06
0.00519449
2.14278e-06
0.00519454
1.86247e-06
0.00519459
1.61608e-06
0.00519462
1.40298e-06
0.00519465
1.21321e-06
0.00519468
1.04676e-06
0.0051947
8.98188e-07
0.00519471
7.68327e-07
0.00519472
6.51978e-07
0.00519473
5.52282e-07
0.00519474
4.62623e-07
0.00519475
3.87664e-07
0.00519475
3.19754e-07
0.00519475
2.6548e-07
0.00519476
2.17183e-07
0.00519476
1.78939e-07
0.00519476
1.4434e-07
0.00519476
1.1862e-07
0.00519476
9.48194e-08
0.00519476
7.76563e-08
0.00519476
6.05327e-08
0.00519476
4.95806e-08
0.00519476
3.80182e-08
0.00519476
3.17271e-08
0.00519476
2.36931e-08
0.00519476
2.12778e-08
0.00519476
1.55034e-08
0.00519476
1.36255e-08
0.00519476
8.48893e-09
0.00519476
8.59945e-09
0.00519476
5.39824e-09
0.00519476
6.05998e-09
0.00519476
2.99579e-09
0.00519476
3.69202e-09
0.00519476
1.14083e-09
0.00519476
2.0429e-09
0.00519476
-6.06087e-10
0.00519476
9.74708e-10
0.00519476
-6.81321e-10
0.00519476
1.00221e-09
0.00519476
-1.01153e-09
0.00519476
1.37323e-09
0.00519476
1.633e-10
0.00519476
2.39563e-09
0.00519476
5.81817e-10
0.00519476
1.86365e-09
0.00519476
5.2391e-10
0.00519476
2.33453e-09
0.00519476
4.47494e-10
0.00519476
1.98548e-09
0.00519476
7.08746e-10
0.00519476
2.31839e-09
0.00519476
5.92964e-10
0.00519476
1.685e-09
0.00519476
-2.2014e-10
0.00519476
7.56026e-10
0.00519476
-1.40275e-09
0.00519476
-5.75661e-11
0.00519476
-1.56905e-09
0.00519476
7.12771e-11
0.00519476
-2.22482e-10
0.00519476
2.08332e-09
0.00519476
2.71524e-09
0.00519476
5.91951e-09
0.00519476
7.97581e-09
0.00519476
1.28683e-08
0.00519476
1.72456e-08
0.00519477
2.45723e-08
0.00519477
3.23433e-08
0.00519477
4.62169e-08
0.00519477
6.34186e-08
0.00519477
8.94609e-08
0.00519477
1.23885e-07
0.00519478
1.75433e-07
0.00519478
2.47061e-07
0.00519478
3.64791e-07
0.00519478
5.32211e-07
0.00519475
9.06912e-07
0.0051947
1.53032e-06
0.00519462
4.17587e-06
0.00519468
1.09849e-05
0.00519521
3.88012e-05
7.72378e-05
0.00513317
0.000870071
0.00518035
0.00048132
0.00518942
0.000132442
0.00519026
4.82176e-06
0.00518975
-8.65008e-06
0.00519027
3.62953e-06
0.0051908
7.79419e-06
0.00519146
9.58362e-06
0.00519199
8.41592e-06
0.00519246
7.3761e-06
0.00519284
6.14123e-06
0.00519316
5.18836e-06
0.00519342
4.3572e-06
0.00519364
3.69562e-06
0.00519382
3.15303e-06
0.00519398
2.71018e-06
0.00519411
2.34368e-06
0.00519422
2.03176e-06
0.00519432
1.76766e-06
0.0051944
1.53587e-06
0.00519446
1.33489e-06
0.00519452
1.15561e-06
0.00519457
9.98033e-07
0.00519461
8.56982e-07
0.00519464
7.34248e-07
0.00519467
6.23951e-07
0.0051947
5.29412e-07
0.00519471
4.43857e-07
0.00519473
3.72507e-07
0.00519474
3.07489e-07
0.00519475
2.55436e-07
0.00519476
2.09076e-07
0.00519477
1.72644e-07
0.00519477
1.39383e-07
0.00519478
1.14677e-07
0.00519478
9.15437e-08
0.00519478
7.52375e-08
0.00519479
5.87109e-08
0.00519479
4.81184e-08
0.00519479
3.67404e-08
0.00519479
3.07244e-08
0.00519479
2.27727e-08
0.00519479
2.03668e-08
0.00519479
1.49384e-08
0.00519479
1.36086e-08
0.00519479
8.60599e-09
0.00519479
8.75242e-09
0.00519479
5.35028e-09
0.00519479
6.05672e-09
0.00519479
2.89483e-09
0.00519479
3.52112e-09
0.00519479
1.0513e-09
0.00519479
2.04254e-09
0.00519479
-5.41909e-10
0.00519479
9.18331e-10
0.00519479
-8.00435e-10
0.00519479
1.13371e-09
0.00519479
-8.16232e-10
0.00519479
1.51492e-09
0.00519479
2.26158e-11
0.00519479
2.21426e-09
0.00519479
5.82221e-10
0.00519479
1.87938e-09
0.00519479
3.54888e-10
0.00519479
2.28631e-09
0.00519479
6.54059e-10
0.00519479
2.26757e-09
0.00519479
8.46204e-10
0.00519479
2.53698e-09
0.00519479
7.25304e-10
0.00519479
1.80299e-09
0.00519479
-3.43051e-10
0.00519479
5.78565e-10
0.00519479
-1.46205e-09
0.00519479
-6.70922e-11
0.00519479
-1.51502e-09
0.00519479
3.37537e-11
0.00519479
-4.52618e-10
0.00519479
1.7752e-09
0.00519479
2.37169e-09
0.00519479
5.56007e-09
0.00519479
7.63551e-09
0.00519479
1.23531e-08
0.0051948
1.63717e-08
0.0051948
2.36046e-08
0.0051948
3.09616e-08
0.0051948
4.42106e-08
0.0051948
6.05544e-08
0.00519481
8.53793e-08
0.00519481
1.18243e-07
0.00519482
1.6782e-07
0.00519483
2.37313e-07
0.00519484
3.53866e-07
0.00519485
5.22764e-07
0.00519485
9.03485e-07
0.00519485
1.53122e-06
0.00519491
4.12176e-06
0.00519526
1.06308e-05
0.00519682
3.72437e-05
7.37574e-05
0.00512491
0.00074516
0.00517664
0.000429587
0.00518813
0.000120955
0.00518891
4.04653e-06
0.00518825
-7.9917e-06
0.00518877
3.10875e-06
0.00518945
7.11589e-06
0.00519028
8.75102e-06
0.00519098
7.71516e-06
0.00519159
6.76461e-06
0.00519209
5.63902e-06
0.00519251
4.76684e-06
0.00519286
4.00741e-06
0.00519316
3.4017e-06
0.00519341
2.90489e-06
0.00519362
2.49871e-06
0.0051938
2.16341e-06
0.00519395
1.87752e-06
0.00519409
1.63479e-06
0.0051942
1.42172e-06
0.0051943
1.23707e-06
0.00519438
1.07185e-06
0.00519445
9.26676e-07
0.00519451
7.96313e-07
0.00519456
6.83256e-07
0.00519461
5.81369e-07
0.00519464
4.93989e-07
0.00519467
4.14323e-07
0.0051947
3.48097e-07
0.00519472
2.87606e-07
0.00519473
2.39001e-07
0.00519475
1.95508e-07
0.00519476
1.61739e-07
0.00519477
1.30677e-07
0.00519477
1.07688e-07
0.00519478
8.57889e-08
0.00519478
7.0761e-08
0.00519479
5.52948e-08
0.00519479
4.53411e-08
0.00519479
3.44125e-08
0.0051948
2.88791e-08
0.0051948
2.1324e-08
0.0051948
1.89985e-08
0.0051948
1.38141e-08
0.0051948
1.3018e-08
0.0051948
8.30404e-09
0.0051948
8.57313e-09
0.0051948
5.08125e-09
0.0051948
5.85169e-09
0.0051948
2.76272e-09
0.0051948
3.34362e-09
0.0051948
9.70503e-10
0.0051948
2.08855e-09
0.0051948
-3.94362e-10
0.0051948
8.33766e-10
0.0051948
-1.09919e-09
0.0051948
1.00807e-09
0.0051948
-7.86394e-10
0.0051948
1.50957e-09
0.0051948
-2.4661e-10
0.0051948
1.90033e-09
0.0051948
5.72075e-10
0.0051948
1.96058e-09
0.0051948
3.21812e-10
0.0051948
2.33086e-09
0.0051948
9.65219e-10
0.0051948
2.6481e-09
0.0051948
1.00713e-09
0.0051948
2.63124e-09
0.0051948
7.4318e-10
0.0051948
1.80196e-09
0.0051948
-4.47974e-10
0.0051948
4.36107e-10
0.0051948
-1.46197e-09
0.0051948
-1.04944e-10
0.0051948
-1.60185e-09
0.0051948
-1.60438e-10
0.0051948
-7.7598e-10
0.0051948
1.39123e-09
0.0051948
1.96735e-09
0.0051948
5.06602e-09
0.0051948
7.07033e-09
0.00519481
1.15791e-08
0.00519481
1.51708e-08
0.00519481
2.21255e-08
0.00519481
2.89672e-08
0.00519481
4.12925e-08
0.00519482
5.6324e-08
0.00519482
7.94055e-08
0.00519483
1.09999e-07
0.00519484
1.56434e-07
0.00519486
2.21886e-07
0.00519488
3.33623e-07
0.0051949
4.98236e-07
0.00519494
8.70733e-07
0.00519499
1.48022e-06
0.00519517
3.93826e-06
0.00519581
9.99323e-06
0.00519831
3.47457e-05
6.84977e-05
0.00511808
0.000627082
0.00517348
0.000374187
0.00518703
0.0001074
0.00518774
3.33561e-06
0.00518694
-7.18418e-06
0.00518745
2.59738e-06
0.00518825
6.31368e-06
0.00518923
7.76864e-06
0.00519007
6.87303e-06
0.00519081
6.02877e-06
0.00519142
5.0304e-06
0.00519193
4.25448e-06
0.00519236
3.57994e-06
0.00519272
3.04121e-06
0.00519302
2.59916e-06
0.00519329
2.23717e-06
0.00519351
1.93883e-06
0.0051937
1.6844e-06
0.00519387
1.4678e-06
0.00519402
1.27707e-06
0.00519414
1.11239e-06
0.00519425
9.64548e-07
0.00519434
8.34891e-07
0.00519442
7.18104e-07
0.00519448
6.16828e-07
0.00519454
5.25271e-07
0.00519459
4.46845e-07
0.00519463
3.74824e-07
0.00519466
3.15137e-07
0.00519469
2.60618e-07
0.00519471
2.1669e-07
0.00519473
1.76996e-07
0.00519474
1.46629e-07
0.00519476
1.18524e-07
0.00519477
9.79327e-08
0.00519477
7.78774e-08
0.00519478
6.44431e-08
0.00519479
5.03752e-08
0.00519479
4.13017e-08
0.00519479
3.11049e-08
0.0051948
2.62234e-08
0.0051948
1.93573e-08
0.0051948
1.72401e-08
0.0051948
1.22463e-08
0.0051948
1.18934e-08
0.0051948
7.60483e-09
0.0051948
8.09579e-09
0.0051948
4.70371e-09
0.0051948
5.52543e-09
0.0051948
2.61968e-09
0.0051948
3.16728e-09
0.0051948
8.61634e-10
0.0051948
2.04814e-09
0.0051948
-3.1998e-10
0.0051948
6.81187e-10
0.0051948
-1.5424e-09
0.0051948
6.38995e-10
0.00519481
-9.36592e-10
0.00519481
1.40616e-09
0.00519481
-5.08474e-10
0.00519481
1.59089e-09
0.00519481
5.99771e-10
0.00519481
2.12824e-09
0.00519481
4.08967e-10
0.00519481
2.41008e-09
0.00519481
1.27276e-09
0.00519481
3.00081e-09
0.00519481
1.17045e-09
0.00519481
2.62833e-09
0.00519481
7.25033e-10
0.00519481
1.78778e-09
0.00519481
-4.36946e-10
0.00519481
3.30777e-10
0.00519481
-1.48474e-09
0.00519481
-2.2852e-10
0.00519481
-1.84565e-09
0.00519481
-5.19648e-10
0.00519481
-1.18426e-09
0.00519481
9.28047e-10
0.00519481
1.50156e-09
0.00519481
4.46983e-09
0.00519481
6.32539e-09
0.00519481
1.05543e-08
0.00519481
1.3743e-08
0.00519481
2.02321e-08
0.00519482
2.63806e-08
0.00519482
3.75186e-08
0.00519483
5.08574e-08
0.00519483
7.17109e-08
0.00519484
9.93535e-08
0.00519486
1.41529e-07
0.00519488
2.01178e-07
0.00519491
3.04581e-07
0.00519495
4.59124e-07
0.00519501
8.09354e-07
0.00519511
1.37871e-06
0.00519542
3.63205e-06
0.00519632
9.09377e-06
0.00519966
3.1404e-05
6.16667e-05
0.0051125
0.000514586
0.00517082
0.000315863
0.00518612
9.21022e-05
0.00518677
2.68449e-06
0.00518582
-6.23503e-06
0.00518631
2.10653e-06
0.00518721
5.40917e-06
0.00518832
6.66026e-06
0.00518929
5.91067e-06
0.00519013
5.18686e-06
0.00519083
4.33064e-06
0.00519142
3.66409e-06
0.00519191
3.08561e-06
0.00519233
2.62319e-06
0.00519269
2.24358e-06
0.00519299
1.93219e-06
0.00519325
1.67565e-06
0.00519348
1.45705e-06
0.00519368
1.2708e-06
0.00519385
1.10579e-06
0.005194
9.64124e-07
0.00519413
8.36584e-07
0.00519424
7.25055e-07
0.00519433
6.2426e-07
0.00519441
5.36587e-07
0.00519448
4.56943e-07
0.00519454
3.8908e-07
0.00519459
3.26345e-07
0.00519463
2.74546e-07
0.00519466
2.27194e-07
0.00519469
1.89129e-07
0.00519471
1.54177e-07
0.00519473
1.27872e-07
0.00519474
1.03342e-07
0.00519476
8.5715e-08
0.00519477
6.80711e-08
0.00519478
5.64979e-08
0.00519478
4.4043e-08
0.00519479
3.61001e-08
0.00519479
2.6912e-08
0.00519479
2.28423e-08
0.0051948
1.68583e-08
0.0051948
1.51392e-08
0.0051948
1.03769e-08
0.0051948
1.03924e-08
0.0051948
6.62159e-09
0.0051948
7.38823e-09
0.0051948
4.23576e-09
0.0051948
5.08482e-09
0.0051948
2.41049e-09
0.0051948
2.95878e-09
0.0051948
6.81785e-10
0.0051948
1.84947e-09
0.0051948
-4.23263e-10
0.00519481
4.54336e-10
0.00519481
-2.00015e-09
0.00519481
1.77558e-10
0.00519481
-1.20052e-09
0.00519481
1.25719e-09
0.00519481
-6.84703e-10
0.00519481
1.35479e-09
0.00519481
6.28105e-10
0.00519481
2.31405e-09
0.00519481
5.35204e-10
0.00519481
2.43223e-09
0.00519481
1.45258e-09
0.00519481
3.22532e-09
0.00519481
1.35705e-09
0.00519481
2.64912e-09
0.00519481
7.5622e-10
0.00519481
1.82675e-09
0.00519481
-2.93291e-10
0.00519481
2.60054e-10
0.00519481
-1.61688e-09
0.00519481
-4.91014e-10
0.00519481
-2.20682e-09
0.00519481
-1.0046e-09
0.00519481
-1.6674e-09
0.00519481
4.17858e-10
0.00519481
1.01098e-09
0.00519481
3.84146e-09
0.00519481
5.47843e-09
0.00519481
9.33282e-09
0.00519481
1.21142e-08
0.00519482
1.79945e-08
0.00519482
2.32206e-08
0.00519482
3.29421e-08
0.00519483
4.42904e-08
0.00519484
6.24749e-08
0.00519485
8.65514e-08
0.00519487
1.23447e-07
0.0051949
1.75704e-07
0.00519493
2.67542e-07
0.00519499
4.06432e-07
0.00519507
7.21159e-07
0.00519522
1.23005e-06
0.00519564
3.21361e-06
0.00519678
7.95949e-06
0.00520086
2.73248e-05
5.34792e-05
0.00510803
0.000406556
0.00516865
0.000255247
0.00518538
7.53723e-05
0.00518597
2.08509e-06
0.0051849
-5.15767e-06
0.00518536
1.64173e-06
0.00518635
4.42244e-06
0.00518756
5.44852e-06
0.00518862
4.84884e-06
0.00518955
4.25699e-06
0.00519033
3.55509e-06
0.00519098
3.00853e-06
0.00519153
2.53546e-06
0.005192
2.15689e-06
0.0051924
1.84611e-06
0.00519274
1.59052e-06
0.00519303
1.37991e-06
0.00519329
1.20059e-06
0.00519351
1.04819e-06
0.00519371
9.12042e-07
0.00519387
7.9587e-07
0.00519402
6.91034e-07
0.00519415
5.99726e-07
0.00519425
5.16796e-07
0.00519435
4.44344e-07
0.00519443
3.77999e-07
0.00519449
3.22114e-07
0.00519455
2.70095e-07
0.0051946
2.2744e-07
0.00519463
1.88193e-07
0.00519467
1.57037e-07
0.00519469
1.27722e-07
0.00519472
1.06068e-07
0.00519473
8.55864e-08
0.00519475
7.13521e-08
0.00519476
5.65656e-08
0.00519477
4.71247e-08
0.00519478
3.64447e-08
0.00519478
2.99183e-08
0.00519479
2.19928e-08
0.00519479
1.88856e-08
0.0051948
1.38331e-08
0.0051948
1.27218e-08
0.0051948
8.3175e-09
0.0051948
8.69419e-09
0.0051948
5.45787e-09
0.0051948
6.49017e-09
0.0051948
3.62589e-09
0.0051948
4.50958e-09
0.0051948
2.08837e-09
0.0051948
2.71208e-09
0.0051948
4.38186e-10
0.0051948
1.51234e-09
0.00519481
-6.83383e-10
0.00519481
2.14795e-10
0.00519481
-2.33456e-09
0.00519481
-2.086e-10
0.00519481
-1.47684e-09
0.00519481
1.09413e-09
0.00519481
-7.52714e-10
0.00519481
1.18747e-09
0.00519481
5.81578e-10
0.00519481
2.42761e-09
0.00519481
6.345e-10
0.00519481
2.38343e-09
0.00519481
1.46931e-09
0.00519481
3.31291e-09
0.00519481
1.58077e-09
0.00519481
2.79724e-09
0.00519481
8.8959e-10
0.00519481
1.90483e-09
0.00519481
-9.06226e-11
0.00519481
2.07572e-10
0.00519481
-1.87923e-09
0.00519481
-8.92753e-10
0.00519481
-2.60885e-09
0.00519481
-1.4958e-09
0.00519481
-2.15559e-09
0.00519481
-7.58958e-11
0.00519481
5.43648e-10
0.00519481
3.23242e-09
0.00519481
4.57974e-09
0.00519481
7.9668e-09
0.00519481
1.0262e-08
0.00519482
1.54399e-08
0.00519482
1.95195e-08
0.00519483
2.76273e-08
0.00519483
3.67775e-08
0.00519484
5.19003e-08
0.00519486
7.18863e-08
0.00519488
1.0262e-07
0.00519491
1.461e-07
0.00519495
2.23523e-07
0.00519502
3.41627e-07
0.00519513
6.08938e-07
0.00519532
1.03932e-06
0.00519584
2.69667e-06
0.00519718
6.6222e-06
0.00520188
2.26215e-05
4.41552e-05
0.00510457
0.000301985
0.00516693
0.000192886
0.00518479
5.75094e-05
0.00518535
1.52762e-06
0.00518416
-3.97078e-06
0.0051846
1.20369e-06
0.00518565
3.37213e-06
0.00518694
4.15527e-06
0.00518809
3.70792e-06
0.00518909
3.25709e-06
0.00518992
2.71907e-06
0.00519063
2.30075e-06
0.00519122
1.94055e-06
0.00519173
1.65172e-06
0.00519216
1.41487e-06
0.00519253
1.21911e-06
0.00519285
1.05789e-06
0.00519313
9.20571e-07
0.00519338
8.04692e-07
0.00519359
7.00095e-07
0.00519377
6.11432e-07
0.00519393
5.31121e-07
0.00519407
4.61622e-07
0.00519419
3.97966e-07
0.00519429
3.42132e-07
0.00519438
2.90366e-07
0.00519446
2.47683e-07
0.00519452
2.0754e-07
0.00519457
1.75102e-07
0.00519461
1.44656e-07
0.00519465
1.21204e-07
0.00519468
9.82966e-08
0.0051947
8.18199e-08
0.00519472
6.57561e-08
0.00519474
5.52002e-08
0.00519475
4.35602e-08
0.00519476
3.6523e-08
0.00519477
2.78058e-08
0.00519478
2.2997e-08
0.00519479
1.65426e-08
0.00519479
1.4521e-08
0.00519479
1.03375e-08
0.0051948
1.00061e-08
0.0051948
6.13118e-09
0.0051948
6.92135e-09
0.0051948
4.1863e-09
0.0051948
5.41827e-09
0.0051948
2.84186e-09
0.0051948
3.81456e-09
0.0051948
1.67005e-09
0.0051948
2.46345e-09
0.0051948
2.03644e-10
0.0051948
1.14681e-09
0.00519481
-1.00214e-09
0.00519481
4.15437e-11
0.00519481
-2.47006e-09
0.00519481
-4.35969e-10
0.00519481
-1.69728e-09
0.00519481
9.04751e-10
0.00519481
-7.57283e-10
0.00519481
1.05972e-09
0.00519481
4.13794e-10
0.00519481
2.42923e-09
0.00519481
7.04805e-10
0.00519481
2.35119e-09
0.00519481
1.39788e-09
0.00519481
3.31911e-09
0.00519481
1.84079e-09
0.00519481
3.08052e-09
0.00519481
1.11412e-09
0.00519481
1.95671e-09
0.00519481
4.28746e-11
0.00519481
1.5037e-10
0.00519481
-2.2178e-09
0.00519481
-1.35888e-09
0.00519481
-2.96604e-09
0.00519481
-1.86594e-09
0.00519481
-2.56361e-09
0.00519481
-5.27138e-10
0.00519481
1.06752e-10
0.00519481
2.63066e-09
0.00519481
3.62815e-09
0.00519481
6.48334e-09
0.00519482
8.1596e-09
0.00519482
1.25711e-08
0.00519482
1.53451e-08
0.00519483
2.16731e-08
0.00519484
2.85001e-08
0.00519485
4.02383e-08
0.00519486
5.56975e-08
0.00519489
7.95541e-08
0.00519492
1.13099e-07
0.00519497
1.73695e-07
0.00519505
2.66556e-07
0.00519518
4.76336e-07
0.00519541
8.13047e-07
0.005196
2.09771e-06
0.00519751
5.11762e-06
0.00520272
1.74133e-05
3.39182e-05
0.00510204
0.000199945
0.00516566
0.000129267
0.00518437
3.88035e-05
0.00518489
1.00165e-06
0.00518362
-2.69748e-06
0.00518403
7.89227e-07
0.00518513
2.27549e-06
0.00518648
2.8017e-06
0.00518768
2.50795e-06
0.00518873
2.20486e-06
0.00518962
1.83783e-06
0.00519036
1.5538e-06
0.00519099
1.31196e-06
0.00519153
1.11721e-06
0.00519198
9.58144e-07
0.00519238
8.25196e-07
0.00519272
7.16038e-07
0.00519302
6.2286e-07
0.00519327
5.45342e-07
0.0051935
4.7426e-07
0.0051937
4.14735e-07
0.00519387
3.60239e-07
0.00519402
3.13632e-07
0.00519414
2.70303e-07
0.00519425
2.32236e-07
0.00519435
1.96201e-07
0.00519443
1.67727e-07
0.00519449
1.40318e-07
0.00519455
1.18893e-07
0.0051946
9.77323e-08
0.00519464
8.24914e-08
0.00519467
6.65826e-08
0.00519469
5.57348e-08
0.00519472
4.43852e-08
0.00519473
3.76643e-08
0.00519475
2.93138e-08
0.00519476
2.49171e-08
0.00519477
1.84023e-08
0.00519478
1.55689e-08
0.00519478
1.07292e-08
0.00519479
9.88152e-09
0.00519479
6.48256e-09
0.0051948
7.02756e-09
0.0051948
3.84048e-09
0.0051948
5.1034e-09
0.0051948
2.84606e-09
0.0051948
4.20235e-09
0.0051948
1.91751e-09
0.0051948
3.05968e-09
0.0051948
1.21619e-09
0.0051948
2.25615e-09
0.0051948
5.11839e-11
0.0051948
8.75842e-10
0.00519481
-1.28725e-09
0.00519481
-4.69334e-11
0.00519481
-2.43228e-09
0.00519481
-5.40111e-10
0.00519481
-1.86883e-09
0.00519481
6.6043e-10
0.00519481
-7.7302e-10
0.00519481
9.50546e-10
0.00519481
1.50613e-10
0.00519481
2.35293e-09
0.00519481
8.02583e-10
0.00519481
2.4496e-09
0.00519481
1.38003e-09
0.00519481
3.31772e-09
0.00519481
2.10838e-09
0.00519481
3.41253e-09
0.00519481
1.36093e-09
0.00519481
1.92597e-09
0.00519481
7.54972e-12
0.00519481
6.76682e-11
0.00519481
-2.53563e-09
0.00519481
-1.78627e-09
0.00519481
-3.23106e-09
0.00519481
-2.07863e-09
0.00519481
-2.85742e-09
0.00519481
-9.6997e-10
0.00519481
-3.50622e-10
0.00519481
1.97791e-09
0.00519481
2.5908e-09
0.00519481
4.88729e-09
0.00519482
5.81247e-09
0.00519482
9.39251e-09
0.00519482
1.0804e-08
0.00519483
1.5232e-08
0.00519484
1.96601e-08
0.00519485
2.77879e-08
0.00519487
3.8358e-08
0.00519489
5.47918e-08
0.00519493
7.75028e-08
0.00519498
1.19341e-07
0.00519507
1.83389e-07
0.00519522
3.27736e-07
0.00519547
5.58956e-07
0.00519613
1.43541e-06
0.00519777
3.48474e-06
0.00520336
1.1823e-05
2.29946e-05
0.00510038
9.95607e-05
0.00516482
6.48328e-05
0.00518408
1.9539e-05
0.00518459
4.96551e-07
0.00518325
-1.36443e-06
0.00518365
3.92187e-07
0.00518478
1.14857e-06
0.00518617
1.40844e-06
0.00518741
1.26868e-06
0.0051885
1.11777e-06
0.00518941
9.26469e-07
0.00519018
7.808e-07
0.00519083
6.60809e-07
0.00519139
5.63041e-07
0.00519186
4.84282e-07
0.00519227
4.16216e-07
0.00519263
3.6095e-07
0.00519294
3.13415e-07
0.0051932
2.75429e-07
0.00519344
2.38936e-07
0.00519365
2.09752e-07
0.00519382
1.81961e-07
0.00519398
1.58858e-07
0.00519411
1.36585e-07
0.00519423
1.17173e-07
0.00519432
9.77946e-08
0.00519441
8.42328e-08
0.00519448
7.00948e-08
0.00519454
6.016e-08
0.00519459
4.86093e-08
0.00519463
4.18219e-08
0.00519466
3.32874e-08
0.00519469
2.83984e-08
0.00519471
2.19964e-08
0.00519473
1.91839e-08
0.00519475
1.41682e-08
0.00519476
1.2576e-08
0.00519477
8.51234e-09
0.00519478
7.81328e-09
0.00519478
4.65839e-09
0.00519479
5.04742e-09
0.00519479
2.41626e-09
0.00519479
3.86318e-09
0.0051948
1.45652e-09
0.0051948
3.20696e-09
0.0051948
1.45421e-09
0.0051948
2.90339e-09
0.0051948
9.40551e-10
0.0051948
2.31836e-09
0.0051948
7.78828e-10
0.0051948
2.1014e-09
0.0051948
-8.08477e-12
0.0051948
7.49805e-10
0.00519481
-1.5095e-09
0.00519481
-1.18536e-10
0.00519481
-2.33292e-09
0.00519481
-6.32876e-10
0.00519481
-2.05883e-09
0.00519481
3.3661e-10
0.00519481
-8.57873e-10
0.00519481
8.59712e-10
0.00519481
-1.1484e-10
0.00519481
2.26936e-09
0.00519481
9.83332e-10
0.00519481
2.72492e-09
0.00519481
1.51467e-09
0.00519481
3.35154e-09
0.00519481
2.32623e-09
0.00519481
3.66259e-09
0.00519481
1.54059e-09
0.00519481
1.80407e-09
0.00519481
-2.01871e-10
0.00519481
-4.66435e-11
0.00519481
-2.74375e-09
0.00519481
-2.09304e-09
0.00519481
-3.4174e-09
0.00519481
-2.20544e-09
0.00519481
-3.06838e-09
0.00519481
-1.45796e-09
0.00519481
-9.0434e-10
0.00519481
1.20871e-09
0.00519481
1.43407e-09
0.00519481
3.1767e-09
0.00519482
3.27242e-09
0.00519482
5.93726e-09
0.00519482
6.02342e-09
0.00519483
8.50626e-09
0.00519484
1.04626e-08
0.00519485
1.48586e-08
0.00519487
2.02545e-08
0.0051949
2.88732e-08
0.00519493
4.01486e-08
0.00519499
6.18368e-08
0.00519508
9.45622e-08
0.00519524
1.68115e-07
0.00519551
2.85711e-07
0.00519622
7.30019e-07
0.00519794
1.765e-06
0.00520379
5.97661e-06
1.16125e-05
0.00509956
-3.22644e-09
0.0051644
-2.36632e-09
0.00518394
-3.74989e-09
0.00518444
1.78137e-09
0.00518307
-8.45186e-10
0.00518346
4.44412e-09
0.0051846
6.58228e-09
0.00518602
-4.42577e-09
0.00518727
9.74453e-09
0.00518838
1.3135e-08
0.00518931
2.43027e-11
0.00519009
-5.15694e-09
0.00519076
-1.73767e-09
0.00519132
-9.99406e-10
0.0051918
1.70582e-09
0.00519222
-2.38517e-10
0.00519258
-6.70295e-10
0.00519289
-1.80792e-09
0.00519317
3.44873e-10
0.00519341
-1.29151e-09
0.00519362
5.1613e-10
0.0051938
-1.70768e-11
0.00519396
6.33282e-10
0.0051941
-2.14435e-10
0.00519421
-3.91665e-10
0.00519431
-2.53821e-09
0.0051944
-8.80248e-10
0.00519447
-1.55436e-09
0.00519453
1.8518e-10
0.00519458
-1.55179e-09
0.00519462
1.50182e-10
0.00519466
-8.70213e-10
0.00519469
3.6194e-10
0.00519471
-9.39115e-10
0.00519473
2.18216e-10
0.00519474
-1.45253e-09
0.00519476
-1.73698e-10
0.00519477
-1.61171e-09
0.00519478
-1.44779e-10
0.00519478
-1.60869e-09
0.00519479
6.68105e-11
0.00519479
-1.71397e-09
0.00519479
6.25668e-10
0.0051948
-9.90751e-10
0.0051948
1.19454e-09
0.0051948
2.38518e-11
0.0051948
1.61372e-09
0.0051948
2.27085e-11
0.0051948
1.64911e-09
0.0051948
3.66484e-10
0.0051948
1.96306e-09
0.0051948
-3.67672e-11
0.0051948
7.12382e-10
0.00519481
-1.70533e-09
0.00519481
-2.76892e-10
0.00519481
-2.29591e-09
0.00519481
-8.1274e-10
0.00519481
-2.32942e-09
0.00519481
-5.951e-11
0.00519481
-1.01219e-09
0.00519481
8.07221e-10
0.00519481
-2.70126e-10
0.00519481
2.24154e-09
0.00519481
1.24101e-09
0.00519481
3.1136e-09
0.00519481
1.79177e-09
0.00519481
3.40925e-09
0.00519481
2.43171e-09
0.00519481
3.72539e-09
0.00519481
1.5935e-09
0.00519481
1.63543e-09
0.00519481
-4.91021e-10
0.00519481
-1.70839e-10
0.00519481
-2.80651e-09
0.00519481
-2.24745e-09
0.00519481
-3.56546e-09
0.00519481
-2.36867e-09
0.00519481
-3.26892e-09
0.00519481
-2.01332e-09
0.00519481
-1.60562e-09
0.00519481
2.87331e-10
0.00519481
1.54917e-10
0.00519481
1.36664e-09
0.00519482
6.34382e-10
0.00519482
2.29325e-09
0.00519482
1.13199e-09
0.00519483
1.71246e-09
0.00519484
1.10597e-09
0.00519485
1.72562e-09
0.00519487
1.77228e-09
0.0051949
2.33085e-09
0.00519494
1.88861e-09
0.005195
2.6564e-09
0.00519509
2.73541e-09
0.00519525
2.86093e-09
0.00519554
2.66342e-09
0.00519626
2.8179e-09
0.00519803
1.50182e-09
0.005204
1.59616e-09
7.92862e-10
0.00509956
-9.95669e-05
0.0051644
-6.48374e-05
0.00518394
-1.95465e-05
0.00518444
-4.93084e-07
0.00518307
1.36273e-06
0.00518346
-3.83186e-07
0.0051846
-1.13564e-06
0.00518602
-1.41717e-06
0.00518727
-1.24932e-06
0.00518838
-1.09175e-06
0.00518931
-9.26494e-07
0.00519009
-7.91033e-07
0.00519076
-6.64417e-07
0.00519132
-5.65047e-07
0.0051918
-4.81083e-07
0.00519222
-4.16549e-07
0.00519258
-3.62048e-07
0.00519289
-3.16884e-07
0.00519317
-2.74563e-07
0.00519341
-2.41644e-07
0.00519362
-2.08846e-07
0.0051938
-1.81954e-07
0.00519396
-1.5756e-07
0.0051941
-1.37008e-07
0.00519421
-1.17772e-07
0.00519431
-1.02555e-07
0.0051944
-8.57947e-08
0.00519447
-7.31655e-08
0.00519453
-5.98068e-08
0.00519458
-5.16325e-08
0.00519462
-4.15587e-08
0.00519466
-3.51544e-08
0.00519469
-2.78187e-08
0.00519471
-2.3971e-08
0.00519473
-1.87557e-08
0.00519474
-1.70714e-08
0.00519476
-1.29604e-08
0.00519477
-1.1746e-08
0.00519478
-8.19903e-09
0.00519478
-8.01009e-09
0.00519479
-5.00444e-09
0.00519479
-5.79055e-09
0.00519479
-2.56718e-09
0.0051948
-3.42893e-09
0.0051948
-9.13503e-10
0.0051948
-1.41125e-09
0.0051948
4.27698e-10
0.0051948
-7.54666e-10
0.0051948
1.07813e-09
0.0051948
-5.26555e-11
0.0051948
1.76772e-09
0.0051948
-1.32927e-10
0.00519481
6.4391e-10
0.00519481
-1.93518e-09
0.00519481
-5.87328e-10
0.00519481
-2.38689e-09
0.00519481
-1.09361e-09
0.00519481
-2.67323e-09
0.00519481
-4.78359e-10
0.00519481
-1.17877e-09
0.00519481
8.26348e-10
0.00519481
-2.42103e-10
0.00519481
2.3009e-09
0.00519481
1.51063e-09
0.00519481
3.48036e-09
0.00519481
2.11711e-09
0.00519481
3.4478e-09
0.00519481
2.39149e-09
0.00519481
3.57142e-09
0.00519481
1.52117e-09
0.00519481
1.49419e-09
0.00519481
-7.23669e-10
0.00519481
-2.58979e-10
0.00519481
-2.74406e-09
0.00519481
-2.27367e-09
0.00519481
-3.70331e-09
0.00519481
-2.65697e-09
0.00519481
-3.53183e-09
0.00519481
-2.60486e-09
0.00519481
-2.43636e-09
0.00519481
-7.69647e-10
0.00519481
-1.20143e-09
0.00519481
-4.88056e-10
0.00519482
-1.9827e-09
0.00519482
-1.39499e-09
0.00519482
-3.74595e-09
0.00519483
-4.96645e-09
0.00519484
-8.21215e-09
0.00519485
-1.13809e-08
0.00519487
-1.6711e-08
0.0051949
-2.42826e-08
0.00519494
-3.64149e-08
0.005195
-5.66353e-08
0.00519509
-8.92726e-08
0.00519525
-1.62434e-07
0.00519554
-2.80455e-07
0.00519626
-7.24446e-07
0.00519803
-1.76185e-06
0.005204
-5.97351e-06
-1.16108e-05
0.00510038
-0.00019995
0.00516482
-0.000129271
0.00518408
-3.88107e-05
0.00518459
-9.98391e-07
0.00518325
2.69573e-06
0.00518365
-7.79983e-07
0.00518478
-2.26311e-06
0.00518617
-2.81016e-06
0.00518741
-2.48895e-06
0.0051885
-2.17953e-06
0.00518941
-1.83802e-06
0.00519018
-1.56384e-06
0.00519083
-1.31589e-06
0.00519139
-1.11922e-06
0.00519186
-9.55459e-07
0.00519227
-8.25197e-07
0.00519263
-7.16478e-07
0.00519294
-6.25913e-07
0.00519321
-5.44083e-07
0.00519344
-4.77255e-07
0.00519365
-4.14117e-07
0.00519382
-3.60132e-07
0.00519398
-3.12263e-07
0.00519411
-2.70727e-07
0.00519423
-2.32369e-07
0.00519433
-2.00144e-07
0.00519441
-1.68765e-07
0.00519448
-1.43313e-07
0.00519454
-1.18601e-07
0.00519459
-1.00544e-07
0.00519463
-8.233e-08
0.00519466
-6.87737e-08
0.00519469
-5.55159e-08
0.00519471
-4.66049e-08
0.00519473
-3.72516e-08
0.00519475
-3.22127e-08
0.00519476
-2.54071e-08
0.00519477
-2.16829e-08
0.00519478
-1.62133e-08
0.00519478
-1.44329e-08
0.00519479
-1.00653e-08
0.00519479
-9.72533e-09
0.00519479
-5.62676e-09
0.0051948
-5.75294e-09
0.0051948
-3.01388e-09
0.0051948
-2.8048e-09
0.0051948
-5.8946e-10
0.0051948
-1.36981e-09
0.0051948
5.84809e-10
0.0051948
-5.27153e-10
0.0051948
1.43607e-09
0.0051948
-3.80164e-10
0.00519481
4.45802e-10
0.00519481
-2.22931e-09
0.00519481
-1.02603e-09
0.00519481
-2.57851e-09
0.00519481
-1.40274e-09
0.00519481
-3.00923e-09
0.00519481
-8.46194e-10
0.00519481
-1.29296e-09
0.00519481
9.39536e-10
0.00519481
-3.16889e-11
0.00519481
2.44213e-09
0.00519481
1.71997e-09
0.00519481
3.69812e-09
0.00519481
2.38183e-09
0.00519481
3.43397e-09
0.00519481
2.22345e-09
0.00519481
3.25599e-09
0.00519481
1.38057e-09
0.00519481
1.44984e-09
0.00519481
-7.96294e-10
0.00519481
-2.68163e-10
0.00519481
-2.60805e-09
0.00519481
-2.23827e-09
0.00519481
-3.83417e-09
0.00519481
-3.06992e-09
0.00519481
-3.88927e-09
0.00519481
-3.16399e-09
0.00519481
-3.29946e-09
0.00519481
-1.89401e-09
0.00519481
-2.55885e-09
0.00519481
-2.29405e-09
0.00519482
-4.4672e-09
0.00519482
-4.96226e-09
0.00519482
-8.48405e-09
0.00519483
-1.14146e-08
0.00519484
-1.72917e-08
0.00519485
-2.42412e-08
0.00519487
-3.48333e-08
0.0051949
-5.03688e-08
0.00519493
-7.3887e-08
0.00519499
-1.14422e-07
0.00519508
-1.78567e-07
0.00519524
-3.22202e-07
0.00519551
-5.5388e-07
0.00519622
-1.43004e-06
0.00519794
-3.48127e-06
0.00520379
-1.18201e-05
-2.29928e-05
0.00510204
-0.00030199
0.00516566
-0.00019289
0.00518436
-5.75164e-05
0.00518489
-1.52458e-06
0.00518362
3.96897e-06
0.00518403
-1.19431e-06
0.00518513
-3.36038e-06
0.00518648
-4.16349e-06
0.00518768
-3.68946e-06
0.00518873
-3.23276e-06
0.00518962
-2.71941e-06
0.00519036
-2.3106e-06
0.00519099
-1.94477e-06
0.00519153
-1.65369e-06
0.00519198
-1.41276e-06
0.00519238
-1.21882e-06
0.00519272
-1.05744e-06
0.00519302
-9.23036e-07
0.00519328
-8.03122e-07
0.0051935
-7.03337e-07
0.0051937
-6.11067e-07
0.00519387
-5.30911e-07
0.00519402
-4.602e-07
0.00519415
-3.98466e-07
0.00519425
-3.41748e-07
0.00519435
-2.93325e-07
0.00519443
-2.4807e-07
0.00519449
-2.10514e-07
0.00519455
-1.74924e-07
0.0051946
-1.47192e-07
0.00519464
-1.21173e-07
0.00519467
-1.00861e-07
0.0051947
-8.19989e-08
0.00519472
-6.82724e-08
0.00519473
-5.4805e-08
0.00519475
-4.64659e-08
0.00519476
-3.71722e-08
0.00519477
-3.12092e-08
0.00519478
-2.3982e-08
0.00519478
-2.06789e-08
0.00519479
-1.49531e-08
0.00519479
-1.34383e-08
0.0051948
-8.50759e-09
0.0051948
-7.87079e-09
0.0051948
-4.96329e-09
0.0051948
-4.11346e-09
0.0051948
-1.45473e-09
0.0051948
-1.88355e-09
0.0051948
1.04226e-10
0.0051948
-1.09173e-09
0.0051948
9.20447e-10
0.0051948
-8.02586e-10
0.00519481
9.0333e-11
0.00519481
-2.56374e-09
0.00519481
-1.50469e-09
0.00519481
-2.79668e-09
0.00519481
-1.64161e-09
0.00519481
-3.23901e-09
0.00519481
-1.10328e-09
0.00519481
-1.34266e-09
0.00519481
1.12321e-09
0.00519481
2.84915e-10
0.00519481
2.62151e-09
0.00519481
1.82987e-09
0.00519481
3.71029e-09
0.00519481
2.51725e-09
0.00519481
3.36852e-09
0.00519481
1.99136e-09
0.00519481
2.89057e-09
0.00519481
1.25057e-09
0.00519481
1.5388e-09
0.00519481
-6.85691e-10
0.00519481
-1.95618e-10
0.00519481
-2.45775e-09
0.00519481
-2.22249e-09
0.00519481
-3.95427e-09
0.00519481
-3.52258e-09
0.00519481
-4.31074e-09
0.00519481
-3.62651e-09
0.00519481
-4.05988e-09
0.00519481
-2.98425e-09
0.00519481
-3.85325e-09
0.00519481
-3.956e-09
0.00519482
-6.7412e-09
0.00519482
-8.28186e-09
0.00519482
-1.29552e-08
0.00519483
-1.75741e-08
0.00519484
-2.59514e-08
0.00519485
-3.66006e-08
0.00519487
-5.22521e-08
0.00519489
-7.53e-08
0.00519493
-1.09635e-07
0.00519498
-1.69118e-07
0.00519507
-2.62303e-07
0.00519522
-4.71089e-07
0.00519547
-8.08211e-07
0.00519613
-2.09271e-06
0.00519777
-5.11389e-06
0.00520336
-1.74105e-05
-3.39162e-05
0.00510457
-0.00040656
0.00516693
-0.000255251
0.00518479
-7.53792e-05
0.00518535
-2.08224e-06
0.00518416
5.15576e-06
0.0051846
-1.63254e-06
0.00518565
-4.41119e-06
0.00518694
-5.45671e-06
0.00518809
-4.83103e-06
0.00518909
-4.23384e-06
0.00518992
-3.55545e-06
0.00519063
-3.01826e-06
0.00519123
-2.53977e-06
0.00519173
-2.15876e-06
0.00519216
-1.84442e-06
0.00519253
-1.59017e-06
0.00519286
-1.37864e-06
0.00519314
-1.20249e-06
0.00519338
-1.04663e-06
0.00519359
-9.15286e-07
0.00519378
-7.95567e-07
0.00519394
-6.90765e-07
0.00519407
-5.98344e-07
0.00519419
-5.17559e-07
0.0051943
-4.43648e-07
0.00519438
-3.80191e-07
0.00519446
-3.21974e-07
0.00519452
-2.73176e-07
0.00519457
-2.27414e-07
0.00519461
-1.90474e-07
0.00519465
-1.57111e-07
0.00519468
-1.30531e-07
0.0051947
-1.06491e-07
0.00519472
-8.83754e-08
0.00519474
-7.10161e-08
0.00519475
-5.95213e-08
0.00519477
-4.79599e-08
0.00519477
-4.00732e-08
0.00519478
-3.12193e-08
0.00519479
-2.64646e-08
0.00519479
-1.94508e-08
0.00519479
-1.68319e-08
0.0051948
-1.11848e-08
0.0051948
-9.733e-09
0.0051948
-6.63051e-09
0.0051948
-5.32066e-09
0.0051948
-2.25951e-09
0.0051948
-2.40935e-09
0.0051948
-4.32641e-10
0.0051948
-1.73096e-09
0.0051948
2.48237e-10
0.0051948
-1.35292e-09
0.00519481
-3.47205e-10
0.00519481
-2.8707e-09
0.00519481
-1.91144e-09
0.00519481
-2.97443e-09
0.00519481
-1.75132e-09
0.00519481
-3.30816e-09
0.00519481
-1.23116e-09
0.00519481
-1.38074e-09
0.00519481
1.28956e-09
0.00519481
5.8665e-10
0.00519481
2.76956e-09
0.00519481
1.83908e-09
0.00519481
3.5454e-09
0.00519481
2.51414e-09
0.00519481
3.28436e-09
0.00519481
1.78068e-09
0.00519481
2.59945e-09
0.00519481
1.19441e-09
0.00519481
1.7494e-09
0.00519481
-4.48127e-10
0.00519481
-9.43869e-11
0.00519481
-2.35062e-09
0.00519481
-2.28897e-09
0.00519481
-4.07366e-09
0.00519481
-3.90375e-09
0.00519481
-4.71469e-09
0.00519481
-3.96916e-09
0.00519481
-4.62024e-09
0.00519481
-3.93739e-09
0.00519481
-5.0601e-09
0.00519481
-5.42641e-09
0.00519481
-8.7639e-09
0.00519482
-1.12999e-08
0.00519482
-1.70529e-08
0.00519483
-2.33943e-08
0.00519484
-3.40587e-08
0.00519485
-4.81633e-08
0.00519486
-6.86289e-08
0.00519489
-9.84843e-08
0.00519492
-1.42761e-07
0.00519497
-2.19245e-07
0.00519505
-3.37854e-07
0.00519518
-6.04104e-07
0.00519541
-1.03478e-06
0.00519601
-2.69216e-06
0.00519751
-6.61846e-06
0.00520272
-2.26188e-05
-4.4153e-05
0.00510803
-0.000514589
0.00516865
-0.000315867
0.00518537
-9.21088e-05
0.00518597
-2.68193e-06
0.0051849
6.23302e-06
0.00518536
-2.09791e-06
0.00518635
-5.3983e-06
0.00518756
-6.6686e-06
0.00518862
-5.89359e-06
0.00518955
-5.16501e-06
0.00519033
-4.3309e-06
0.00519098
-3.67375e-06
0.00519153
-3.08974e-06
0.005192
-2.62494e-06
0.0051924
-2.24213e-06
0.00519274
-1.93212e-06
0.00519304
-1.67389e-06
0.00519329
-1.45867e-06
0.00519351
-1.26957e-06
0.00519371
-1.10872e-06
0.00519388
-9.63671e-07
0.00519402
-8.36303e-07
0.00519415
-7.23848e-07
0.00519426
-6.2554e-07
0.00519435
-5.35936e-07
0.00519443
-4.58826e-07
0.00519449
-3.88716e-07
0.00519455
-3.29638e-07
0.0051946
-2.74664e-07
0.00519464
-2.29309e-07
0.00519467
-1.89249e-07
0.00519469
-1.56999e-07
0.00519472
-1.28288e-07
0.00519473
-1.06362e-07
0.00519475
-8.55568e-08
0.00519476
-7.11387e-08
0.00519477
-5.74896e-08
0.00519478
-4.79574e-08
0.00519478
-3.75889e-08
0.00519479
-3.14688e-08
0.00519479
-2.33209e-08
0.0051948
-1.97789e-08
0.0051948
-1.36182e-08
0.0051948
-1.13452e-08
0.0051948
-7.9534e-09
0.0051948
-6.41782e-09
0.0051948
-3.09844e-09
0.0051948
-3.03922e-09
0.0051948
-1.03617e-09
0.0051948
-2.36501e-09
0.0051948
-4.81103e-10
0.0051948
-1.93392e-09
0.00519481
-7.35472e-10
0.00519481
-3.05342e-09
0.00519481
-2.15644e-09
0.00519481
-3.07658e-09
0.00519481
-1.73499e-09
0.00519481
-3.22335e-09
0.00519481
-1.25123e-09
0.00519481
-1.47645e-09
0.00519481
1.32137e-09
0.00519481
7.57454e-10
0.00519481
2.82199e-09
0.00519481
1.77834e-09
0.00519481
3.2944e-09
0.00519481
2.41638e-09
0.00519481
3.22891e-09
0.00519481
1.67244e-09
0.00519481
2.47737e-09
0.00519481
1.23536e-09
0.00519481
2.01983e-09
0.00519481
-1.83388e-10
0.00519481
-4.87823e-11
0.00519481
-2.33382e-09
0.00519481
-2.45302e-09
0.00519481
-4.20947e-09
0.00519481
-4.14512e-09
0.00519481
-5.0067e-09
0.00519481
-4.20883e-09
0.00519481
-4.97544e-09
0.00519481
-4.68062e-09
0.00519481
-6.17345e-09
0.00519481
-6.72839e-09
0.00519481
-1.05184e-08
0.00519482
-1.40102e-08
0.00519482
-2.07211e-08
0.00519483
-2.87774e-08
0.00519483
-4.15236e-08
0.00519484
-5.86438e-08
0.00519486
-8.35975e-08
0.00519488
-1.19427e-07
0.00519491
-1.72418e-07
0.00519495
-2.63475e-07
0.00519502
-4.02973e-07
0.00519513
-7.16759e-07
0.00519532
-1.2259e-06
0.00519584
-3.20962e-06
0.00519718
-7.95601e-06
0.00520188
-2.7322e-05
-5.34771e-05
0.0051125
-0.000627085
0.00517082
-0.00037419
0.00518612
-0.000107406
0.00518677
-3.33348e-06
0.00518582
7.18214e-06
0.00518631
-2.58952e-06
0.00518721
-6.30322e-06
0.00518832
-7.77716e-06
0.00518929
-6.8568e-06
0.00519013
-6.00829e-06
0.00519083
-5.03051e-06
0.00519142
-4.26397e-06
0.00519191
-3.58377e-06
0.00519233
-3.0429e-06
0.00519269
-2.59782e-06
0.00519299
-2.23756e-06
0.00519326
-1.93703e-06
0.00519348
-1.68615e-06
0.00519368
-1.46698e-06
0.00519385
-1.27947e-06
0.005194
-1.11166e-06
0.00519413
-9.64282e-07
0.00519424
-8.33948e-07
0.00519433
-7.20023e-07
0.00519441
-6.16533e-07
0.00519448
-5.27296e-07
0.00519454
-4.4657e-07
0.00519459
-3.78296e-07
0.00519463
-3.15347e-07
0.00519466
-2.62713e-07
0.00519469
-2.1682e-07
0.00519471
-1.79648e-07
0.00519473
-1.46835e-07
0.00519474
-1.2175e-07
0.00519476
-9.81085e-08
0.00519477
-8.10603e-08
0.00519478
-6.54551e-08
0.00519478
-5.44942e-08
0.00519479
-4.27742e-08
0.00519479
-3.54243e-08
0.00519479
-2.63729e-08
0.0051948
-2.21457e-08
0.0051948
-1.57418e-08
0.0051948
-1.27391e-08
0.0051948
-8.94257e-09
0.0051948
-7.3784e-09
0.0051948
-3.97844e-09
0.0051948
-3.76158e-09
0.0051948
-1.63128e-09
0.0051948
-2.84546e-09
0.0051948
-1.09963e-09
0.0051948
-2.42569e-09
0.00519481
-9.54402e-10
0.00519481
-3.02409e-09
0.00519481
-2.20222e-09
0.00519481
-3.10352e-09
0.00519481
-1.65161e-09
0.00519481
-3.04367e-09
0.00519481
-1.21546e-09
0.00519481
-1.65475e-09
0.00519481
1.14356e-09
0.00519481
7.45318e-10
0.00519481
2.7594e-09
0.00519481
1.70795e-09
0.00519481
3.075e-09
0.00519481
2.29934e-09
0.00519481
3.22795e-09
0.00519481
1.70549e-09
0.00519481
2.54822e-09
0.00519481
1.34604e-09
0.00519481
2.24772e-09
0.00519481
1.30786e-11
0.00519481
-1.22827e-10
0.00519481
-2.42992e-09
0.00519481
-2.67991e-09
0.00519481
-4.35301e-09
0.00519481
-4.24411e-09
0.00519481
-5.12775e-09
0.00519481
-4.36779e-09
0.00519481
-5.20151e-09
0.00519481
-5.19913e-09
0.00519481
-7.15936e-09
0.00519481
-7.92719e-09
0.00519481
-1.20133e-08
0.00519482
-1.63957e-08
0.00519482
-2.39589e-08
0.00519482
-3.35761e-08
0.00519483
-4.82413e-08
0.00519484
-6.78336e-08
0.00519485
-9.67586e-08
0.00519487
-1.37728e-07
0.0051949
-1.97895e-07
0.00519493
-3.00624e-07
0.00519499
-4.55876e-07
0.00519507
-8.05259e-07
0.00519522
-1.37507e-06
0.00519564
-3.62851e-06
0.00519678
-9.09058e-06
0.00520086
-3.14013e-05
-6.16646e-05
0.00511808
-0.000745163
0.00517348
-0.000429589
0.00518703
-0.00012096
0.00518774
-4.04485e-06
0.00518693
7.9898e-06
0.00518745
-3.10153e-06
0.00518825
-7.10601e-06
0.00518923
-8.75945e-06
0.00519007
-7.69996e-06
0.00519081
-6.7455e-06
0.00519142
-5.63904e-06
0.00519193
-4.77594e-06
0.00519236
-4.0111e-06
0.00519272
-3.40347e-06
0.00519303
-2.90364e-06
0.00519329
-2.49949e-06
0.00519351
-2.16192e-06
0.00519371
-1.87974e-06
0.00519387
-1.63417e-06
0.00519402
-1.42359e-06
0.00519414
-1.23607e-06
0.00519425
-1.07162e-06
0.00519434
-9.25941e-07
0.00519442
-7.9863e-07
0.00519449
-6.83394e-07
0.00519454
-5.83742e-07
0.00519459
-4.9396e-07
0.00519463
-4.17783e-07
0.00519466
-3.48335e-07
0.00519469
-2.89837e-07
0.00519471
-2.39174e-07
0.00519473
-1.97988e-07
0.00519474
-1.61703e-07
0.00519476
-1.34083e-07
0.00519477
-1.08282e-07
0.00519477
-8.89529e-08
0.00519478
-7.15371e-08
0.00519479
-5.93524e-08
0.00519479
-4.6572e-08
0.00519479
-3.82146e-08
0.0051948
-2.85459e-08
0.0051948
-2.38517e-08
0.0051948
-1.74822e-08
0.0051948
-1.39521e-08
0.0051948
-9.66033e-09
0.0051948
-8.14474e-09
0.0051948
-4.78158e-09
0.0051948
-4.43898e-09
0.0051948
-2.08577e-09
0.0051948
-3.03353e-09
0.0051948
-1.44467e-09
0.0051948
-2.74158e-09
0.0051948
-1.00205e-09
0.0051948
-2.78591e-09
0.0051948
-2.09305e-09
0.0051948
-3.0963e-09
0.0051948
-1.59532e-09
0.0051948
-2.85504e-09
0.00519481
-1.1838e-09
0.0051948
-1.87152e-09
0.00519481
7.84963e-10
0.00519481
5.99684e-10
0.00519481
2.6293e-09
0.00519481
1.68573e-09
0.00519481
2.96834e-09
0.00519481
2.22769e-09
0.00519481
3.25603e-09
0.00519481
1.84572e-09
0.00519481
2.74875e-09
0.00519481
1.46657e-09
0.00519481
2.3298e-09
0.00519481
8.49513e-11
0.00519481
-3.18741e-10
0.00519481
-2.61399e-09
0.00519481
-2.89617e-09
0.00519481
-4.45393e-09
0.00519481
-4.23534e-09
0.00519481
-5.08632e-09
0.00519481
-4.44906e-09
0.00519481
-5.3869e-09
0.00519481
-5.5478e-09
0.00519481
-7.94864e-09
0.00519481
-9.06619e-09
0.00519481
-1.32962e-08
0.00519481
-1.84006e-08
0.00519482
-2.67698e-08
0.00519482
-3.76426e-08
0.00519482
-5.40314e-08
0.00519483
-7.56129e-08
0.00519484
-1.07742e-07
0.00519486
-1.53016e-07
0.00519488
-2.18663e-07
0.00519491
-3.29681e-07
0.00519495
-4.95206e-07
0.00519501
-8.66745e-07
0.00519511
-1.47714e-06
0.00519542
-3.93505e-06
0.00519632
-9.99016e-06
0.00519966
-3.47433e-05
-6.84959e-05
0.00512491
-0.000870072
0.00517664
-0.000481322
0.00518813
-0.000132446
0.0051889
-4.82036e-06
0.00518825
8.64856e-06
0.00518877
-3.6226e-06
0.00518945
-7.78513e-06
0.00519028
-9.5916e-06
0.00519098
-8.40197e-06
0.00519159
-7.35829e-06
0.00519209
-6.14123e-06
0.00519252
-5.19684e-06
0.00519287
-4.36107e-06
0.00519316
-3.6977e-06
0.00519341
-3.15194e-06
0.00519362
-2.71117e-06
0.0051938
-2.34268e-06
0.00519396
-2.03451e-06
0.00519409
-1.76687e-06
0.0051942
-1.53739e-06
0.0051943
-1.3337e-06
0.00519438
-1.15542e-06
0.00519445
-9.97267e-07
0.00519452
-8.59091e-07
0.00519457
-7.34583e-07
0.00519461
-6.26543e-07
0.00519464
-5.29583e-07
0.00519467
-4.47063e-07
0.0051947
-3.72746e-07
0.00519472
-3.09958e-07
0.00519473
-2.55717e-07
0.00519475
-2.11544e-07
0.00519476
-1.72514e-07
0.00519477
-1.42914e-07
0.00519478
-1.15626e-07
0.00519478
-9.44682e-08
0.00519479
-7.54961e-08
0.00519479
-6.23513e-08
0.00519479
-4.89501e-08
0.00519479
-3.99032e-08
0.0051948
-2.99316e-08
0.0051948
-2.49119e-08
0.0051948
-1.877e-08
0.0051948
-1.49872e-08
0.0051948
-1.01699e-08
0.0051948
-8.63391e-09
0.0051948
-5.31687e-09
0.0051948
-4.86801e-09
0.0051948
-2.30079e-09
0.0051948
-2.90836e-09
0.0051948
-1.47701e-09
0.0051948
-2.88218e-09
0.0051948
-1.01888e-09
0.0051948
-2.46267e-09
0.0051948
-1.92305e-09
0.0051948
-3.12091e-09
0.0051948
-1.65699e-09
0.0051948
-2.74168e-09
0.0051948
-1.1956e-09
0.0051948
-2.04288e-09
0.0051948
3.75376e-10
0.0051948
4.13852e-10
0.0051948
2.48688e-09
0.0051948
1.71918e-09
0.0051948
2.9579e-09
0.0051948
2.20562e-09
0.0051948
3.25163e-09
0.0051948
1.99813e-09
0.0051948
2.975e-09
0.0051948
1.54432e-09
0.0051948
2.21194e-09
0.0051948
2.45444e-11
0.0051948
-5.73286e-10
0.0051948
-2.83325e-09
0.0051948
-3.0409e-09
0.0051948
-4.4399e-09
0.0051948
-4.14315e-09
0.0051948
-4.95626e-09
0.0051948
-4.45808e-09
0.0051948
-5.57068e-09
0.0051948
-5.82954e-09
0.0051948
-8.49108e-09
0.0051948
-1.01146e-08
0.00519481
-1.44335e-08
0.00519481
-1.99558e-08
0.00519481
-2.90878e-08
0.00519481
-4.08757e-08
0.00519482
-5.86502e-08
0.00519482
-8.18822e-08
0.00519483
-1.1628e-07
0.00519484
-1.64886e-07
0.00519486
-2.34317e-07
0.00519488
-3.49895e-07
0.0051949
-5.19974e-07
0.00519494
-8.99492e-07
0.00519499
-1.52859e-06
0.00519517
-4.1188e-06
0.00519581
-1.06277e-05
0.00519831
-3.72417e-05
-7.37559e-05
0.00513317
-0.00100324
0.00518035
-0.000528501
0.00518942
-0.000141517
0.00519026
-5.65818e-06
0.00518975
9.15703e-06
0.00519027
-4.13533e-06
0.0051908
-8.31746e-06
0.00519146
-1.02486e-05
0.00519199
-8.94128e-06
0.00519246
-7.8282e-06
0.00519285
-6.52174e-06
0.00519316
-5.51404e-06
0.00519342
-4.62306e-06
0.00519364
-3.91682e-06
0.00519383
-3.33529e-06
0.00519398
-2.86614e-06
0.00519411
-2.47383e-06
0.00519422
-2.14581e-06
0.00519432
-1.86127e-06
0.0051944
-1.61746e-06
0.00519447
-1.40164e-06
0.00519452
-1.21307e-06
0.00519457
-1.04566e-06
0.00519461
-8.99459e-07
0.00519465
-7.68407e-07
0.00519467
-6.54406e-07
0.0051947
-5.52447e-07
0.00519472
-4.65425e-07
0.00519473
-3.8793e-07
0.00519474
-3.22451e-07
0.00519475
-2.65906e-07
0.00519476
-2.19832e-07
0.00519477
-1.78924e-07
0.00519477
-1.47889e-07
0.00519478
-1.19759e-07
0.00519478
-9.73783e-08
0.00519478
-7.7273e-08
0.00519479
-6.35101e-08
0.00519479
-5.00022e-08
0.00519479
-4.06457e-08
0.00519479
-3.06766e-08
0.00519479
-2.53943e-08
0.00519479
-1.9517e-08
0.00519479
-1.57445e-08
0.00519479
-1.04793e-08
0.00519479
-8.77524e-09
0.00519479
-5.44638e-09
0.00519479
-4.91439e-09
0.00519479
-2.29603e-09
0.00519479
-2.62835e-09
0.00519479
-1.36568e-09
0.00519479
-2.92627e-09
0.00519479
-1.13511e-09
0.00519479
-2.27026e-09
0.00519479
-1.79484e-09
0.00519479
-3.17002e-09
0.00519479
-1.80723e-09
0.00519479
-2.70887e-09
0.00519479
-1.21602e-09
0.00519479
-2.08441e-09
0.00519479
2.8208e-11
0.00519479
2.7596e-10
0.00519479
2.37373e-09
0.00519479
1.76131e-09
0.00519479
2.96791e-09
0.00519479
2.20007e-09
0.00519479
3.19706e-09
0.00519479
2.07118e-09
0.00519479
3.12374e-09
0.00519479
1.55225e-09
0.00519479
1.9274e-09
0.00519479
-1.36436e-10
0.00519479
-8.01786e-10
0.00519479
-3.00662e-09
0.00519479
-3.1015e-09
0.00519479
-4.30082e-09
0.00519479
-3.97787e-09
0.00519479
-4.82099e-09
0.00519479
-4.42928e-09
0.00519479
-5.72922e-09
0.00519479
-6.12309e-09
0.00519479
-8.79469e-09
0.00519479
-1.09532e-08
0.00519479
-1.54325e-08
0.0051948
-2.10156e-08
0.0051948
-3.07538e-08
0.0051948
-4.32193e-08
0.0051948
-6.18764e-08
0.00519481
-8.64723e-08
0.00519481
-1.22227e-07
0.00519482
-1.72917e-07
0.00519483
-2.44463e-07
0.00519484
-3.60866e-07
0.00519485
-5.29598e-07
0.00519486
-9.02971e-07
0.00519486
-1.52792e-06
0.00519491
-4.1731e-06
0.00519526
-1.09818e-05
0.00519682
-3.87997e-05
-7.72367e-05
0.00514308
-0.00114633
0.00518463
-0.00057005
0.00519092
-0.000147804
0.00519181
-6.54665e-06
0.00519145
9.51943e-06
0.00519193
-4.61591e-06
0.00519229
-8.67843e-06
0.00519274
-1.07041e-05
0.0051931
-9.29583e-06
0.00519341
-8.13657e-06
0.00519365
-6.76522e-06
0.00519385
-5.71498e-06
0.00519401
-4.78659e-06
0.00519415
-4.0522e-06
0.00519426
-3.44658e-06
0.00519435
-2.95839e-06
0.00519443
-2.55036e-06
0.00519449
-2.20932e-06
0.00519455
-1.91389e-06
0.00519459
-1.66072e-06
0.00519463
-1.43728e-06
0.00519465
-1.24235e-06
0.00519468
-1.06929e-06
0.0051947
-9.18255e-07
0.00519471
-7.83546e-07
0.00519472
-6.66342e-07
0.00519473
-5.61814e-07
0.00519474
-4.72392e-07
0.00519475
-3.93447e-07
0.00519475
-3.26816e-07
0.00519475
-2.69287e-07
0.00519476
-2.22454e-07
0.00519476
-1.80687e-07
0.00519476
-1.48848e-07
0.00519476
-1.20496e-07
0.00519476
-9.76398e-08
0.00519476
-7.69886e-08
0.00519476
-6.29887e-08
0.00519476
-4.98283e-08
0.00519476
-4.05293e-08
0.00519476
-3.0839e-08
0.00519476
-2.532e-08
0.00519476
-1.96194e-08
0.00519476
-1.60339e-08
0.00519476
-1.05228e-08
0.00519476
-8.57475e-09
0.00519476
-5.2155e-09
0.00519476
-4.62919e-09
0.00519476
-2.1691e-09
0.00519476
-2.36378e-09
0.00519476
-1.21094e-09
0.00519476
-2.94998e-09
0.00519476
-1.38816e-09
0.00519476
-2.23545e-09
0.00519476
-1.65647e-09
0.00519476
-3.12155e-09
0.00519476
-1.88842e-09
0.00519476
-2.68517e-09
0.00519476
-1.21017e-09
0.00519476
-1.94796e-09
0.00519476
-1.375e-10
0.00519476
1.80807e-10
0.00519476
2.27844e-09
0.00519476
1.75137e-09
0.00519476
2.8879e-09
0.00519476
2.13037e-09
0.00519476
3.09702e-09
0.00519476
2.04246e-09
0.00519476
3.16561e-09
0.00519476
1.53151e-09
0.00519476
1.5674e-09
0.00519476
-3.50456e-10
0.00519476
-9.58864e-10
0.00519476
-3.07488e-09
0.00519476
-3.0727e-09
0.00519476
-4.04247e-09
0.00519476
-3.70494e-09
0.00519476
-4.68927e-09
0.00519476
-4.39242e-09
0.00519476
-5.78889e-09
0.00519476
-6.40585e-09
0.00519476
-8.92534e-09
0.00519476
-1.1413e-08
0.00519476
-1.61859e-08
0.00519476
-2.16098e-08
0.00519477
-3.1578e-08
0.00519477
-4.45876e-08
0.00519477
-6.35851e-08
0.00519477
-8.90968e-08
0.00519477
-1.25468e-07
0.00519478
-1.76787e-07
0.00519478
-2.48685e-07
0.00519478
-3.62542e-07
0.00519478
-5.2404e-07
0.00519475
-8.77815e-07
0.0051947
-1.47589e-06
0.00519462
-4.09562e-06
0.00519468
-1.10376e-05
0.00519521
-3.93326e-05
-7.87394e-05
0.00515492
-0.00130125
0.00518951
-0.000604637
0.0051926
-0.000150901
0.00519352
-7.45929e-06
0.00519329
9.7439e-06
0.00519371
-5.03392e-06
0.00519387
-8.8423e-06
0.0051941
-1.09305e-05
0.00519425
-9.44315e-06
0.00519437
-8.2644e-06
0.00519447
-6.85648e-06
0.00519454
-5.78718e-06
0.00519459
-4.84147e-06
0.00519464
-4.09542e-06
0.00519467
-3.47907e-06
0.00519469
-2.98232e-06
0.00519471
-2.56769e-06
0.00519472
-2.22112e-06
0.00519473
-1.9215e-06
0.00519473
-1.6645e-06
0.00519474
-1.43835e-06
0.00519473
-1.2415e-06
0.00519473
-1.06675e-06
0.00519473
-9.14419e-07
0.00519472
-7.79091e-07
0.00519472
-6.61613e-07
0.00519471
-5.57147e-07
0.00519471
-4.67629e-07
0.00519471
-3.89029e-07
0.0051947
-3.22725e-07
0.0051947
-2.65531e-07
0.00519469
-2.1916e-07
0.00519469
-1.77694e-07
0.00519469
-1.45822e-07
0.00519469
-1.17863e-07
0.00519468
-9.53301e-08
0.00519468
-7.48406e-08
0.00519468
-6.09929e-08
0.00519468
-4.8476e-08
0.00519468
-3.95003e-08
0.00519468
-3.033e-08
0.00519468
-2.46417e-08
0.00519468
-1.89949e-08
0.00519468
-1.57024e-08
0.00519468
-1.02296e-08
0.00519467
-8.10399e-09
0.00519467
-4.73322e-09
0.00519467
-4.14075e-09
0.00519467
-2.02021e-09
0.00519467
-2.22061e-09
0.00519467
-1.17875e-09
0.00519467
-2.95146e-09
0.00519467
-1.66918e-09
0.00519467
-2.32157e-09
0.00519467
-1.42404e-09
0.00519467
-2.83843e-09
0.00519467
-1.75364e-09
0.00519467
-2.60244e-09
0.00519467
-1.14389e-09
0.00519467
-1.67654e-09
0.00519467
-1.35623e-10
0.00519467
1.26423e-10
0.00519467
2.14932e-09
0.00519468
1.71682e-09
0.00519468
2.72462e-09
0.00519468
2.00139e-09
0.00519468
2.98171e-09
0.00519468
1.97186e-09
0.00519468
3.0589e-09
0.00519468
1.47814e-09
0.00519468
1.22405e-09
0.00519468
-5.70033e-10
0.00519468
-1.04309e-09
0.00519468
-3.00663e-09
0.00519468
-2.94952e-09
0.00519468
-3.76328e-09
0.00519468
-3.34413e-09
0.00519468
-4.50363e-09
0.00519468
-4.35755e-09
0.00519467
-5.71819e-09
0.00519467
-6.52842e-09
0.00519467
-8.91847e-09
0.00519467
-1.14101e-08
0.00519467
-1.64269e-08
0.00519467
-2.17593e-08
0.00519467
-3.14704e-08
0.00519467
-4.48221e-08
0.00519467
-6.37935e-08
0.00519467
-8.94605e-08
0.00519468
-1.2579e-07
0.00519467
-1.76354e-07
0.00519467
-2.46646e-07
0.00519467
-3.55098e-07
0.00519465
-5.03939e-07
0.00519459
-8.2582e-07
0.00519449
-1.37572e-06
0.00519429
-3.88901e-06
0.00519404
-1.07874e-05
0.00519348
-3.87721e-05
-7.80776e-05
0.00516896
-0.00147021
0.00519492
-0.000630595
0.00519438
-0.000150359
0.00519527
-8.3485e-06
0.00519517
9.83915e-06
0.00519549
-5.35258e-06
0.00519543
-8.78289e-06
0.0051954
-1.08986e-05
0.00519531
-9.36049e-06
0.00519524
-8.19228e-06
0.00519517
-6.78054e-06
0.0051951
-5.71833e-06
0.00519503
-4.77788e-06
0.00519498
-4.03833e-06
0.00519492
-3.42634e-06
0.00519488
-2.9329e-06
0.00519483
-2.52167e-06
0.00519479
-2.17779e-06
0.00519475
-1.88117e-06
0.00519471
-1.6266e-06
0.00519467
-1.40305e-06
0.00519464
-1.20916e-06
0.00519461
-1.03705e-06
0.00519458
-8.87186e-07
0.00519456
-7.54516e-07
0.00519454
-6.3974e-07
0.00519452
-5.38055e-07
0.0051945
-4.50839e-07
0.00519449
-3.74478e-07
0.00519447
-3.10052e-07
0.00519446
-2.54486e-07
0.00519445
-2.09866e-07
0.00519445
-1.69972e-07
0.00519444
-1.38961e-07
0.00519443
-1.12028e-07
0.00519443
-9.0544e-08
0.00519443
-7.09572e-08
0.00519442
-5.7665e-08
0.00519442
-4.59626e-08
0.00519442
-3.74281e-08
0.00519442
-2.89679e-08
0.00519441
-2.33198e-08
0.00519441
-1.77081e-08
0.00519441
-1.47555e-08
0.00519441
-9.5813e-09
0.00519441
-7.4567e-09
0.00519441
-4.18458e-09
0.00519441
-3.60458e-09
0.00519441
-1.9363e-09
0.00519441
-2.20314e-09
0.00519441
-1.16107e-09
0.00519441
-2.90059e-09
0.00519441
-1.82798e-09
0.00519441
-2.38598e-09
0.00519441
-1.08757e-09
0.00519441
-2.33745e-09
0.00519441
-1.43331e-09
0.00519441
-2.44304e-09
0.00519441
-1.1001e-09
0.00519441
-1.36845e-09
0.00519441
-1.12514e-11
0.00519441
4.81604e-11
0.00519441
1.94011e-09
0.00519441
1.63588e-09
0.00519441
2.55383e-09
0.00519441
1.8058e-09
0.00519441
2.8161e-09
0.00519441
1.86366e-09
0.00519441
2.82466e-09
0.00519441
1.36057e-09
0.00519441
9.59233e-10
0.00519441
-7.084e-10
0.00519441
-1.04316e-09
0.00519441
-2.79808e-09
0.00519441
-2.69349e-09
0.00519441
-3.47943e-09
0.00519441
-2.95741e-09
0.00519441
-4.16341e-09
0.00519441
-4.26717e-09
0.00519441
-5.52144e-09
0.00519441
-6.36346e-09
0.00519441
-8.74345e-09
0.00519441
-1.10042e-08
0.00519441
-1.59976e-08
0.00519441
-2.14576e-08
0.00519441
-3.05781e-08
0.00519441
-4.37069e-08
0.00519441
-6.23909e-08
0.0051944
-8.74412e-08
0.0051944
-1.22909e-07
0.0051944
-1.71598e-07
0.00519439
-2.38233e-07
0.00519437
-3.38785e-07
0.00519434
-4.70582e-07
0.00519426
-7.50023e-07
0.00519412
-1.23318e-06
0.00519379
-3.56157e-06
0.00519324
-1.02311e-05
0.00519154
-3.7071e-05
-7.50829e-05
0.00518542
-0.00165562
0.00520059
-0.000645775
0.00519591
-0.000145673
0.0051967
-9.13876e-06
0.00519673
9.8082e-06
0.00519691
-5.52976e-06
0.0051966
-8.47459e-06
0.00519628
-1.05781e-05
0.00519594
-9.02514e-06
0.00519565
-7.90072e-06
0.00519539
-6.52264e-06
0.00519517
-5.49654e-06
0.00519498
-4.5865e-06
0.00519481
-3.87343e-06
0.00519467
-3.28238e-06
0.00519454
-2.80556e-06
0.00519443
-2.40855e-06
0.00519433
-2.07644e-06
0.00519424
-1.79041e-06
0.00519416
-1.54529e-06
0.00519408
-1.33017e-06
0.00519402
-1.14432e-06
0.00519396
-9.79577e-07
0.00519391
-8.36118e-07
0.00519387
-7.09612e-07
0.00519383
-6.00553e-07
0.00519379
-5.0436e-07
0.00519376
-4.21867e-07
0.00519374
-3.49701e-07
0.00519372
-2.88968e-07
0.0051937
-2.36433e-07
0.00519369
-1.94724e-07
0.00519367
-1.57663e-07
0.00519366
-1.28468e-07
0.00519365
-1.03233e-07
0.00519365
-8.33706e-08
0.00519364
-6.53071e-08
0.00519364
-5.29953e-08
0.00519363
-4.22745e-08
0.00519363
-3.42588e-08
0.00519363
-2.66138e-08
0.00519363
-2.12798e-08
0.00519362
-1.58921e-08
0.00519362
-1.33292e-08
0.00519362
-8.62134e-09
0.00519362
-6.69223e-09
0.00519362
-3.71929e-09
0.00519362
-3.21459e-09
0.00519362
-1.97278e-09
0.00519362
-2.27511e-09
0.00519362
-1.1314e-09
0.00519362
-2.73438e-09
0.00519362
-1.79486e-09
0.00519362
-2.36428e-09
0.00519362
-7.76391e-10
0.00519362
-1.78515e-09
0.00519362
-1.1069e-09
0.00519362
-2.27013e-09
0.00519362
-1.12013e-09
0.00519362
-1.11554e-09
0.00519362
1.5115e-10
0.00519362
-6.21651e-12
0.00519362
1.63833e-09
0.00519362
1.4677e-09
0.00519362
2.37128e-09
0.00519362
1.55825e-09
0.00519362
2.49261e-09
0.00519362
1.66733e-09
0.00519362
2.4975e-09
0.00519362
1.18379e-09
0.00519362
7.61986e-10
0.00519362
-7.32472e-10
0.00519362
-9.72733e-10
0.00519362
-2.51549e-09
0.00519362
-2.29946e-09
0.00519362
-3.13563e-09
0.00519362
-2.60509e-09
0.00519362
-3.64657e-09
0.00519362
-4.01089e-09
0.00519362
-5.27113e-09
0.00519362
-5.89771e-09
0.00519362
-8.26727e-09
0.00519362
-1.03406e-08
0.00519362
-1.49e-08
0.00519361
-2.05213e-08
0.00519361
-2.90432e-08
0.00519361
-4.12913e-08
0.00519361
-5.92543e-08
0.0051936
-8.30298e-08
0.0051936
-1.166e-07
0.00519359
-1.6246e-07
0.00519357
-2.23611e-07
0.00519355
-3.13914e-07
0.0051935
-4.25717e-07
0.00519341
-6.54759e-07
0.00519323
-1.05654e-06
0.0051928
-3.12795e-06
0.00519194
-9.37735e-06
0.00518909
-3.42112e-05
-6.96146e-05
0.00520401
-0.00185964
0.00520555
-0.000647313
0.00519615
-0.000136273
0.00519673
-9.7214e-06
0.0051969
9.63812e-06
0.00519689
-5.52038e-06
0.00519631
-7.89379e-06
0.00519567
-9.93815e-06
0.00519506
-8.41484e-06
0.00519453
-7.37066e-06
0.00519408
-6.0684e-06
0.00519369
-5.11058e-06
0.00519336
-4.25869e-06
0.00519308
-3.5939e-06
0.00519284
-3.04166e-06
0.00519264
-2.59596e-06
0.00519245
-2.2249e-06
0.00519229
-1.91462e-06
0.00519215
-1.64743e-06
0.00519202
-1.41923e-06
0.00519191
-1.21905e-06
0.00519181
-1.04649e-06
0.00519173
-8.94065e-07
0.00519165
-7.61194e-07
0.00519159
-6.4452e-07
0.00519153
-5.44307e-07
0.00519148
-4.56342e-07
0.00519144
-3.81111e-07
0.00519141
-3.15157e-07
0.00519138
-2.59791e-07
0.00519135
-2.11884e-07
0.00519133
-1.74184e-07
0.00519132
-1.41033e-07
0.0051913
-1.1457e-07
0.00519129
-9.17394e-08
0.00519128
-7.39948e-08
0.00519127
-5.78654e-08
0.00519127
-4.69137e-08
0.00519126
-3.74106e-08
0.00519126
-3.00682e-08
0.00519125
-2.33851e-08
0.00519125
-1.86683e-08
0.00519125
-1.3689e-08
0.00519125
-1.16171e-08
0.00519125
-7.47621e-09
0.00519125
-5.80743e-09
0.00519125
-3.3276e-09
0.00519124
-2.97238e-09
0.00519124
-2.11877e-09
0.00519124
-2.35889e-09
0.00519124
-9.54867e-10
0.00519124
-2.3585e-09
0.00519124
-1.60424e-09
0.00519124
-2.25687e-09
0.00519124
-6.03937e-10
0.00519124
-1.29463e-09
0.00519124
-8.09584e-10
0.00519124
-2.05266e-09
0.00519124
-1.20803e-09
0.00519124
-9.79503e-10
0.00519124
2.61173e-10
0.00519124
-1.94243e-11
0.00519124
1.28106e-09
0.00519124
1.16217e-09
0.00519124
2.11577e-09
0.00519124
1.34415e-09
0.00519124
2.06949e-09
0.00519125
1.34124e-09
0.00519125
2.11953e-09
0.00519125
9.99858e-10
0.00519125
5.94801e-10
0.00519125
-6.62531e-10
0.00519125
-7.9075e-10
0.00519125
-2.17343e-09
0.00519125
-1.82311e-09
0.00519124
-2.65467e-09
0.00519124
-2.28143e-09
0.00519124
-3.08573e-09
0.00519124
-3.54545e-09
0.00519124
-4.93785e-09
0.00519124
-5.29674e-09
0.00519124
-7.40387e-09
0.00519124
-9.44105e-09
0.00519124
-1.33245e-08
0.00519124
-1.87379e-08
0.00519123
-2.68545e-08
0.00519123
-3.7542e-08
0.00519123
-5.42373e-08
0.00519122
-7.62771e-08
0.00519121
-1.06863e-07
0.0051912
-1.48795e-07
0.00519118
-2.03089e-07
0.00519114
-2.80944e-07
0.00519109
-3.71299e-07
0.00519098
-5.4553e-07
0.00519078
-8.56667e-07
0.00519026
-2.61035e-06
0.00518913
-8.24477e-06
0.00518513
-3.02157e-05
-6.15777e-05
0.00522268
-0.00208232
0.00520664
-0.000631273
0.00519191
-0.000121545
0.00519215
-9.95167e-06
0.0051925
9.28483e-06
0.00519226
-5.28045e-06
0.00519138
-7.02149e-06
0.0051904
-8.94876e-06
0.00518949
-7.5097e-06
0.0051887
-6.58506e-06
0.00518804
-5.40519e-06
0.00518748
-4.55044e-06
0.00518701
-3.78686e-06
0.00518661
-3.1939e-06
0.00518627
-2.69953e-06
0.00518597
-2.30036e-06
0.00518572
-1.96817e-06
0.00518549
-1.6906e-06
0.0051853
-1.45129e-06
0.00518513
-1.24765e-06
0.00518498
-1.06941e-06
0.00518485
-9.15803e-07
0.00518473
-7.80625e-07
0.00518463
-6.62731e-07
0.00518455
-5.5963e-07
0.00518448
-4.71476e-07
0.00518441
-3.94544e-07
0.00518436
-3.28768e-07
0.00518432
-2.7113e-07
0.00518428
-2.23091e-07
0.00518425
-1.81452e-07
0.00518423
-1.4885e-07
0.0051842
-1.20415e-07
0.00518419
-9.744e-08
0.00518417
-7.77365e-08
0.00518416
-6.26961e-08
0.00518415
-4.8849e-08
0.00518414
-3.94851e-08
0.00518414
-3.14899e-08
0.00518413
-2.50961e-08
0.00518413
-1.94087e-08
0.00518413
-1.55818e-08
0.00518412
-1.1179e-08
0.00518412
-9.66775e-09
0.00518412
-6.30459e-09
0.00518412
-4.90771e-09
0.00518412
-2.95872e-09
0.00518412
-2.74401e-09
0.00518412
-2.13128e-09
0.00518412
-2.313e-09
0.00518412
-6.61835e-10
0.00518412
-1.76714e-09
0.00518412
-1.2652e-09
0.00518412
-2.01987e-09
0.00518412
-5.21257e-10
0.00518412
-8.81763e-10
0.00518412
-5.14809e-10
0.00518412
-1.77656e-09
0.00518412
-1.28089e-09
0.00518412
-9.09161e-10
0.00518412
3.8131e-10
0.00518412
8.99882e-11
0.00518412
9.88191e-10
0.00518412
7.65925e-10
0.00518412
1.73278e-09
0.00518412
1.18009e-09
0.00518412
1.71126e-09
0.00518412
9.25e-10
0.00518412
1.64111e-09
0.00518412
8.22308e-10
0.00518412
4.64465e-10
0.00518412
-5.70251e-10
0.00518412
-5.18217e-10
0.00518412
-1.72183e-09
0.00518412
-1.37222e-09
0.00518412
-2.13077e-09
0.00518412
-1.90457e-09
0.00518412
-2.54162e-09
0.00518412
-2.92174e-09
0.00518412
-4.35027e-09
0.00518412
-4.63319e-09
0.00518411
-6.21942e-09
0.00518411
-8.15791e-09
0.00518411
-1.15322e-08
0.00518411
-1.61597e-08
0.00518411
-2.36139e-08
0.0051841
-3.28198e-08
0.00518409
-4.73605e-08
0.00518408
-6.70708e-08
0.00518407
-9.3795e-08
0.00518405
-1.30428e-07
0.00518403
-1.76866e-07
0.00518399
-2.40516e-07
0.00518392
-3.09216e-07
0.00518381
-4.28676e-07
0.0051836
-6.46553e-07
0.00518303
-2.04014e-06
0.00518165
-6.86614e-06
0.00517661
-2.51715e-05
-5.0945e-05
0.0052334
-0.00231572
0.00519429
-0.000592165
0.00517363
-0.000100886
0.00517332
-9.63824e-06
0.00517395
8.65147e-06
0.00517344
-4.77011e-06
0.00517227
-5.84949e-06
0.00517091
-7.58677e-06
0.00516969
-6.29734e-06
0.00516864
-5.53257e-06
0.00516776
-4.52534e-06
0.00516702
-3.8096e-06
0.0051664
-3.16612e-06
0.00516588
-2.66994e-06
0.00516543
-2.25381e-06
0.00516505
-1.91697e-06
0.00516472
-1.63727e-06
0.00516443
-1.40376e-06
0.00516418
-1.20222e-06
0.00516396
-1.03111e-06
0.00516378
-8.81696e-07
0.00516361
-7.53082e-07
0.00516347
-6.40258e-07
0.00516335
-5.42064e-07
0.00516325
-4.56389e-07
0.00516316
-3.83545e-07
0.00516309
-3.20051e-07
0.00516302
-2.65983e-07
0.00516297
-2.18696e-07
0.00516293
-1.79578e-07
0.00516289
-1.45657e-07
0.00516286
-1.19239e-07
0.00516284
-9.62544e-08
0.00516282
-7.74564e-08
0.0051628
-6.15353e-08
0.00516279
-4.98384e-08
0.00516278
-3.86857e-08
0.00516277
-3.09698e-08
0.00516276
-2.46263e-08
0.00516276
-1.95512e-08
0.00516275
-1.50582e-08
0.00516275
-1.22706e-08
0.00516275
-8.54908e-09
0.00516275
-7.45911e-09
0.00516274
-5.06562e-09
0.00516274
-4.02724e-09
0.00516274
-2.46531e-09
0.00516274
-2.22693e-09
0.00516274
-1.73868e-09
0.00516274
-2.07431e-09
0.00516274
-4.96626e-10
0.00516274
-1.17725e-09
0.00516274
-7.69054e-10
0.00516274
-1.59059e-09
0.00516274
-5.27405e-10
0.00516274
-7.27413e-10
0.00516274
-2.79891e-10
0.00516274
-1.32101e-09
0.00516274
-1.07854e-09
0.00516274
-7.74883e-10
0.00516274
4.83115e-10
0.00516274
2.38125e-10
0.00516274
7.69486e-10
0.00516274
3.50935e-10
0.00516274
1.21474e-09
0.00516274
9.28688e-10
0.00516274
1.39575e-09
0.00516274
5.41024e-10
0.00516274
1.11227e-09
0.00516274
6.54966e-10
0.00516274
4.59306e-10
0.00516274
-4.1253e-10
0.00516274
-2.77518e-10
0.00516274
-1.21631e-09
0.00516274
-9.40928e-10
0.00516274
-1.67602e-09
0.00516274
-1.40439e-09
0.00516274
-1.88109e-09
0.00516274
-2.26434e-09
0.00516274
-3.49577e-09
0.00516274
-3.87751e-09
0.00516274
-4.98716e-09
0.00516273
-6.44724e-09
0.00516273
-9.45448e-09
0.00516273
-1.30759e-08
0.00516273
-1.93165e-08
0.00516272
-2.70335e-08
0.00516271
-3.8799e-08
0.0051627
-5.52795e-08
0.00516268
-7.74927e-08
0.00516266
-1.07421e-07
0.00516263
-1.44977e-07
0.00516258
-1.9361e-07
0.00516251
-2.41107e-07
0.0051624
-3.10956e-07
0.00516219
-4.40012e-07
0.00516161
-1.45656e-06
0.00516004
-5.29983e-06
0.00515416
-1.92884e-05
-3.78142e-05
0.00521003
-0.00252575
0.00513971
-0.000521841
0.00511263
-7.38097e-05
0.00511151
-8.51412e-06
0.0051126
7.55487e-06
0.00511178
-3.95087e-06
0.00511033
-4.39457e-06
0.00510859
-5.85165e-06
0.00510708
-4.78285e-06
0.00510576
-4.21742e-06
0.00510467
-3.43374e-06
0.00510375
-2.89238e-06
0.00510299
-2.40034e-06
0.00510234
-2.02294e-06
0.00510179
-1.70565e-06
0.00510133
-1.44871e-06
0.00510092
-1.23498e-06
0.00510058
-1.05677e-06
0.00510028
-9.0288e-07
0.00510002
-7.72505e-07
0.00509979
-6.58655e-07
0.0050996
-5.60871e-07
0.00509944
-4.75468e-07
0.0050993
-4.01405e-07
0.00509918
-3.36813e-07
0.00509908
-2.82191e-07
0.00509899
-2.34849e-07
0.00509892
-1.94706e-07
0.00509886
-1.59537e-07
0.00509881
-1.30583e-07
0.00509877
-1.05516e-07
0.00509874
-8.62642e-08
0.00509871
-6.95199e-08
0.00509869
-5.55039e-08
0.00509867
-4.37046e-08
0.00509866
-3.55938e-08
0.00509865
-2.76789e-08
0.00509864
-2.18993e-08
0.00509863
-1.72347e-08
0.00509863
-1.36969e-08
0.00509862
-1.05668e-08
0.00509862
-8.88315e-09
0.00509861
-5.94279e-09
0.00509861
-5.00811e-09
0.00509861
-3.56335e-09
0.00509861
-3.07392e-09
0.00509861
-1.98321e-09
0.00509861
-1.63349e-09
0.00509861
-1.0635e-09
0.00509861
-1.52969e-09
0.00509861
-4.47588e-10
0.00509861
-8.88227e-10
0.00509861
-4.36537e-10
0.00509861
-1.09839e-09
0.00509861
-5.00503e-10
0.00509861
-7.40596e-10
0.00509861
-2.15251e-10
0.00509861
-8.41118e-10
0.00509861
-6.96773e-10
0.00509861
-6.19438e-10
0.00509861
4.01615e-10
0.00509861
3.04594e-10
0.00509861
7.01635e-10
0.00509861
1.02887e-10
0.00509861
6.14368e-10
0.00509861
4.89908e-10
0.00509861
1.052e-09
0.00509861
3.53104e-10
0.00509861
7.10392e-10
0.00509861
4.56009e-10
0.00509861
3.53612e-10
0.00509861
-3.54073e-10
0.00509861
-1.6182e-10
0.00509861
-6.92711e-10
0.00509861
-3.51137e-10
0.00509861
-1.21326e-09
0.00509861
-1.06726e-09
0.00509861
-1.24372e-09
0.00509861
-1.59276e-09
0.0050986
-2.43987e-09
0.0050986
-2.89518e-09
0.0050986
-3.84911e-09
0.0050986
-4.5535e-09
0.0050986
-6.97058e-09
0.00509859
-9.71662e-09
0.00509859
-1.42065e-08
0.00509858
-2.01867e-08
0.00509857
-2.89391e-08
0.00509856
-4.11615e-08
0.00509854
-5.80666e-08
0.00509851
-8.02806e-08
0.00509847
-1.07866e-07
0.00509842
-1.41433e-07
0.00509835
-1.70182e-07
0.00509824
-2.00208e-07
0.00509806
-2.55712e-07
0.00509749
-8.89683e-07
0.00509584
-3.64703e-06
0.00508957
-1.30253e-05
-2.27388e-05
0.00507214
-0.00259789
0.00495559
-0.000405286
0.00492292
-4.11404e-05
0.00492067
-6.2647e-06
0.00492251
5.71603e-06
0.00492136
-2.80799e-06
0.0049197
-2.73165e-06
0.00491763
-3.78345e-06
0.00491587
-3.02469e-06
0.00491434
-2.6828e-06
0.00491308
-2.17063e-06
0.00491201
-1.83058e-06
0.00491113
-1.51609e-06
0.00491039
-1.27783e-06
0.00490976
-1.07564e-06
0.00490922
-9.12334e-07
0.00490876
-7.76131e-07
0.00490837
-6.6279e-07
0.00490803
-5.64589e-07
0.00490774
-4.81948e-07
0.00490749
-4.09788e-07
0.00490728
-3.47613e-07
0.00490709
-2.93785e-07
0.00490694
-2.47277e-07
0.00490681
-2.06912e-07
0.0049067
-1.72805e-07
0.00490661
-1.43291e-07
0.00490653
-1.1844e-07
0.00490647
-9.66807e-08
0.00490642
-7.88029e-08
0.00490638
-6.32424e-08
0.00490634
-5.15387e-08
0.00490631
-4.14731e-08
0.00490629
-3.26616e-08
0.00490627
-2.54351e-08
0.00490626
-2.09176e-08
0.00490625
-1.63594e-08
0.00490624
-1.28299e-08
0.00490623
-9.93175e-09
0.00490623
-7.80198e-09
0.00490622
-5.99733e-09
0.00490622
-5.39935e-09
0.00490621
-3.45317e-09
0.00490621
-2.62499e-09
0.00490621
-1.9245e-09
0.00490621
-1.8389e-09
0.00490621
-1.30124e-09
0.00490621
-9.73053e-10
0.00490621
-4.0903e-10
0.00490621
-8.06849e-10
0.00490621
-2.653e-10
0.00490621
-7.3326e-10
0.00490621
-3.43717e-10
0.00490621
-5.87414e-10
0.00490621
-2.71958e-10
0.00490621
-6.31033e-10
0.00490621
-3.65306e-10
0.00490621
-5.21043e-10
0.00490621
-2.18629e-10
0.00490621
-1.75851e-10
0.00490621
4.02788e-10
0.00490621
2.35554e-10
0.00490621
4.43375e-10
0.00490621
-1.39802e-10
0.00490621
2.29216e-10
0.00490621
2.6797e-10
0.00490621
5.97966e-10
0.00490621
8.14585e-11
0.00490621
2.90918e-10
0.00490621
2.14392e-10
0.00490621
2.94821e-10
0.00490621
-1.53249e-10
0.00490621
-1.41536e-10
0.00490621
-4.39811e-10
0.00490621
1.2636e-10
0.00490621
-6.19945e-10
0.00490621
-8.15542e-10
0.00490621
-6.90957e-10
0.00490621
-9.27082e-10
0.0049062
-1.39439e-09
0.0049062
-1.67464e-09
0.0049062
-2.6436e-09
0.0049062
-2.85508e-09
0.0049062
-4.10833e-09
0.00490619
-6.04093e-09
0.00490619
-8.8361e-09
0.00490618
-1.25086e-08
0.00490617
-1.8035e-08
0.00490615
-2.55905e-08
0.00490613
-3.62251e-08
0.0049061
-4.99427e-08
0.00490606
-6.679e-08
0.00490601
-8.61912e-08
0.00490594
-1.00131e-07
0.00490584
-1.04507e-07
0.00490569
-1.10679e-07
0.00490522
-4.16395e-07
0.0049036
-2.02771e-06
0.00489776
-7.18295e-06
-7.91034e-06
0.00456774
-0.00216563
0.00437551
-0.000213058
0.00434671
-1.23447e-05
0.00434295
-2.50291e-06
0.00434595
2.7101e-06
0.00434442
-1.27705e-06
0.0043428
-1.10435e-06
0.00434059
-1.5754e-06
0.00433879
-1.22936e-06
0.00433721
-1.09509e-06
0.00433591
-8.79345e-07
0.00433483
-7.424e-07
0.00433392
-6.1355e-07
0.00433316
-5.16374e-07
0.00433252
-4.33976e-07
0.00433197
-3.67292e-07
0.00433151
-3.11643e-07
0.00433111
-2.65739e-07
0.00433077
-2.25497e-07
0.00433048
-1.91705e-07
0.00433024
-1.62488e-07
0.00433003
-1.3722e-07
0.00432985
-1.15659e-07
0.0043297
-9.68648e-08
0.00432957
-8.05112e-08
0.00432947
-6.70735e-08
0.00432938
-5.55643e-08
0.00432931
-4.58261e-08
0.00432925
-3.72216e-08
0.0043292
-3.00822e-08
0.00432916
-2.40232e-08
0.00432913
-1.96922e-08
0.0043291
-1.60129e-08
0.00432908
-1.21276e-08
0.00432907
-9.16886e-09
0.00432905
-7.87654e-09
0.00432904
-6.44799e-09
0.00432903
-4.89067e-09
0.00432903
-3.63659e-09
0.00432902
-2.75762e-09
0.00432902
-1.98231e-09
0.00432902
-2.1661e-09
0.00432901
-1.42769e-09
0.00432901
-9.14548e-10
0.00432901
-9.98118e-10
0.00432901
-9.13066e-10
0.00432901
-5.77333e-10
0.00432901
-4.14116e-10
0.00432901
-2.06564e-10
0.00432901
-5.3175e-10
0.00432901
-1.93617e-10
0.00432901
-3.19863e-10
0.00432901
-1.01553e-10
0.00432901
-7.3476e-11
0.00432901
-7.92092e-12
0.00432901
-2.51425e-10
0.00432901
-2.03647e-10
0.00432901
-1.99553e-10
0.00432901
-1.83195e-10
0.00432901
-1.20141e-10
0.00432901
3.3843e-10
0.00432901
3.0454e-10
0.00432901
2.98729e-10
0.00432901
-2.31572e-10
0.00432901
-1.25692e-10
0.00432901
3.58182e-10
0.00432901
6.41826e-10
0.00432901
1.51283e-11
0.00432901
-1.66908e-10
0.00432901
6.74873e-12
0.00432901
1.89939e-10
0.00432901
4.86864e-11
0.00432901
8.46794e-12
0.00432901
-3.66289e-10
0.00432901
-6.82104e-11
0.00432901
-2.32351e-10
0.00432901
-5.53768e-10
0.00432901
-3.94984e-10
0.00432901
-2.86279e-10
0.004329
-4.77873e-10
0.004329
-5.52173e-10
0.004329
-9.79358e-10
0.004329
-1.16836e-09
0.004329
-1.5604e-09
0.00432899
-2.38671e-09
0.00432899
-3.62227e-09
0.00432898
-4.98652e-09
0.00432897
-7.17648e-09
0.00432895
-1.03333e-08
0.00432893
-1.4604e-08
0.0043289
-2.00059e-08
0.00432886
-2.64922e-08
0.00432881
-3.35496e-08
0.00432875
-3.7446e-08
0.00432868
-3.32983e-08
0.00432859
-2.24256e-08
0.00432827
-1.01265e-07
0.00432694
-6.95925e-07
0.00432236
-2.60308e-06
1.18986e-06
0.00283437
0.00262131
0.00260897
0.00260647
0.00260918
0.0026079
0.00260679
0.00260522
0.00260399
0.0026029
0.00260202
0.00260127
0.00260066
0.00260014
0.00259971
0.00259934
0.00259903
0.00259877
0.00259854
0.00259835
0.00259819
0.00259805
0.00259793
0.00259784
0.00259776
0.00259769
0.00259763
0.00259759
0.00259755
0.00259752
0.0025975
0.00259748
0.00259746
0.00259745
0.00259744
0.00259743
0.00259742
0.00259742
0.00259742
0.00259741
0.00259741
0.00259741
0.00259741
0.00259741
0.00259741
0.00259741
0.0025974
0.0025974
0.0025974
0.0025974
0.0025974
0.0025974
0.0025974
0.0025974
0.0025974
0.0025974
0.0025974
0.0025974
0.0025974
0.0025974
0.0025974
0.0025974
0.0025974
0.0025974
0.0025974
0.0025974
0.0025974
0.0025974
0.0025974
0.0025974
0.0025974
0.0025974
0.0025974
0.0025974
0.0025974
0.0025974
0.0025974
0.0025974
0.0025974
0.0025974
0.0025974
0.0025974
0.0025974
0.0025974
0.0025974
0.00259739
0.00259739
0.00259738
0.00259737
0.00259736
0.00259734
0.00259731
0.00259728
0.00259724
0.0025972
0.00259718
0.00259708
0.00259638
0.00259378
)
;

boundaryField
{
    inlet
    {
        type            calculated;
        value           nonuniform List<scalar> 
40
(
-0.005
-0.005
-0.005
-0.005
-0.005
-0.005
-0.005
-0.005
-0.005
-0.005
-0.005
-0.005
-0.005
-0.005
-0.005
-0.005
-0.005
-0.005
-0.005
-0.005
-0.005
-0.005
-0.005
-0.005
-0.005
-0.005
-0.005
-0.005
-0.005
-0.005
-0.005
-0.005
-0.005
-0.005
-0.005
-0.005
-0.005
-0.005
-0.005
-0.005
)
;
    }
    outlet
    {
        type            calculated;
        value           nonuniform List<scalar> 
40
(
0.00259497
0.00431326
0.00488293
0.0050745
0.00514102
0.00516597
0.00517709
0.00518361
0.00518854
0.00519281
0.00519671
0.0052003
0.00520357
0.00520649
0.00520904
0.0052112
0.00521295
0.00521428
0.00521517
0.00521561
0.00521561
0.00521517
0.00521428
0.00521296
0.00521121
0.00520904
0.00520649
0.00520357
0.0052003
0.00519672
0.00519282
0.00518854
0.00518362
0.0051771
0.00516597
0.00514103
0.0050745
0.00488293
0.00431326
0.00259497
)
;
    }
    lowerWall
    {
        type            calculated;
        value           uniform 0;
    }
    upperWall
    {
        type            calculated;
        value           uniform 0;
    }
    frontAndBack
    {
        type            empty;
        value           nonuniform 0();
    }
}


// ************************************************************************* //
