/*--------------------------------*- C++ -*----------------------------------*\
| =========                 |                                                 |
| \\      /  F ield         | OpenFOAM: The Open Source CFD Toolbox           |
|  \\    /   O peration     | Version:  5.x                                   |
|   \\  /    A nd           | Web:      www.OpenFOAM.org                      |
|    \\/     M anipulation  |                                                 |
\*---------------------------------------------------------------------------*/
FoamFile
{
    version     2.0;
    format      ascii;
    class       volScalarField;
    location    "1.5";
    object      Ux;
}
// * * * * * * * * * * * * * * * * * * * * * * * * * * * * * * * * * * * * * //

dimensions      [0 1 -1 0 0 0 0];

internalField   nonuniform List<scalar> 
4000
(
0.537554
0.552189
0.517071
0.522895
0.52108
0.522011
0.521403
0.521251
0.520906
0.520695
0.520487
0.520329
0.520192
0.52008
0.519985
0.519905
0.519837
0.519779
0.51973
0.519689
0.519653
0.519623
0.519598
0.519577
0.519559
0.519544
0.519532
0.519522
0.519514
0.519507
0.519501
0.519497
0.519494
0.519491
0.519489
0.519487
0.519485
0.519484
0.519484
0.519483
0.519482
0.519482
0.519482
0.519481
0.519481
0.519481
0.519481
0.519481
0.519481
0.519481
0.519481
0.519481
0.519481
0.519481
0.519481
0.519481
0.519481
0.519481
0.519481
0.519481
0.519481
0.519481
0.519481
0.519481
0.519481
0.519481
0.519481
0.519481
0.519481
0.519481
0.519481
0.519481
0.519481
0.519481
0.519481
0.519481
0.519481
0.519481
0.519481
0.519481
0.519481
0.51948
0.51948
0.51948
0.519479
0.519479
0.519478
0.519477
0.519475
0.519473
0.519469
0.519464
0.519458
0.51945
0.519444
0.519436
0.519442
0.51936
0.519228
0.518638
0.864915
0.911579
0.861966
0.871357
0.867969
0.869556
0.868596
0.868426
0.867912
0.867613
0.867306
0.867076
0.866873
0.866708
0.866567
0.866449
0.866348
0.866262
0.866188
0.866125
0.866072
0.866026
0.865987
0.865954
0.865927
0.865904
0.865884
0.865868
0.865855
0.865844
0.865836
0.865829
0.865823
0.865818
0.865815
0.865812
0.865809
0.865808
0.865806
0.865805
0.865804
0.865803
0.865803
0.865802
0.865802
0.865802
0.865802
0.865802
0.865801
0.865801
0.865801
0.865801
0.865801
0.865801
0.865801
0.865801
0.865801
0.865801
0.865801
0.865801
0.865801
0.865801
0.865801
0.865801
0.865801
0.865801
0.865801
0.865801
0.865801
0.865801
0.865801
0.865801
0.865801
0.865801
0.865801
0.865801
0.865801
0.865801
0.865801
0.865801
0.865801
0.865801
0.8658
0.8658
0.865799
0.865798
0.865797
0.865795
0.865792
0.865789
0.865784
0.865776
0.865767
0.865755
0.865742
0.865724
0.865718
0.865546
0.865253
0.863186
0.960328
1.02535
0.976328
0.987418
0.983107
0.98501
0.983936
0.983842
0.983318
0.983039
0.982735
0.982512
0.982313
0.982152
0.982014
0.981897
0.981798
0.981712
0.981639
0.981576
0.981522
0.981476
0.981437
0.981403
0.981374
0.981351
0.98133
0.981314
0.9813
0.981288
0.981279
0.981272
0.981265
0.98126
0.981256
0.981253
0.981251
0.981249
0.981247
0.981246
0.981245
0.981244
0.981243
0.981243
0.981242
0.981242
0.981242
0.981242
0.981242
0.981241
0.981241
0.981241
0.981241
0.981241
0.981241
0.981241
0.981241
0.981241
0.981241
0.981241
0.981241
0.981241
0.981241
0.981241
0.981241
0.981241
0.981241
0.981241
0.981241
0.981242
0.981242
0.981242
0.981242
0.981242
0.981241
0.981241
0.981241
0.981241
0.981241
0.981241
0.981241
0.981241
0.98124
0.98124
0.981239
0.981238
0.981237
0.981235
0.981232
0.981229
0.981223
0.981216
0.981206
0.981193
0.981179
0.981153
0.981132
0.980909
0.980542
0.977595
0.984981
1.05951
1.01376
1.02592
1.02101
1.02312
1.02201
1.02202
1.02153
1.02131
1.02104
1.02085
1.02067
1.02053
1.02041
1.02031
1.02022
1.02015
1.02009
1.02003
1.01998
1.01994
1.0199
1.01987
1.01985
1.01982
1.01981
1.01979
1.01978
1.01977
1.01976
1.01975
1.01974
1.01974
1.01974
1.01973
1.01973
1.01973
1.01973
1.01973
1.01972
1.01972
1.01972
1.01972
1.01972
1.01972
1.01972
1.01972
1.01972
1.01972
1.01972
1.01972
1.01972
1.01972
1.01972
1.01972
1.01972
1.01972
1.01972
1.01972
1.01972
1.01972
1.01972
1.01972
1.01972
1.01972
1.01972
1.01972
1.01972
1.01972
1.01972
1.01972
1.01972
1.01972
1.01972
1.01972
1.01972
1.01972
1.01972
1.01972
1.01972
1.01972
1.01972
1.01972
1.01972
1.01972
1.01972
1.01972
1.01971
1.01971
1.01971
1.0197
1.01969
1.01968
1.01966
1.01963
1.0196
1.01935
1.01899
1.01589
0.988584
1.06797
1.0256
1.03852
1.03319
1.03547
1.03434
1.03445
1.03402
1.03386
1.03364
1.03349
1.03334
1.03323
1.03313
1.03305
1.03298
1.03292
1.03286
1.03281
1.03277
1.03274
1.03271
1.03268
1.03266
1.03264
1.03262
1.03261
1.0326
1.03259
1.03258
1.03258
1.03257
1.03257
1.03256
1.03256
1.03256
1.03255
1.03255
1.03255
1.03255
1.03255
1.03255
1.03255
1.03255
1.03255
1.03255
1.03255
1.03255
1.03255
1.03255
1.03255
1.03255
1.03255
1.03255
1.03255
1.03255
1.03255
1.03255
1.03255
1.03255
1.03255
1.03255
1.03255
1.03255
1.03255
1.03255
1.03255
1.03255
1.03255
1.03255
1.03255
1.03255
1.03255
1.03255
1.03255
1.03255
1.03255
1.03255
1.03255
1.03255
1.03255
1.03255
1.03255
1.03255
1.03255
1.03254
1.03254
1.03254
1.03254
1.03253
1.03253
1.03252
1.03251
1.03249
1.03246
1.03242
1.03218
1.03186
1.02902
0.986405
1.06825
1.02898
1.04245
1.03682
1.03924
1.03811
1.03832
1.03795
1.03785
1.03767
1.03756
1.03745
1.03737
1.03729
1.03723
1.03717
1.03712
1.03708
1.03704
1.03701
1.03698
1.03696
1.03694
1.03692
1.0369
1.03689
1.03688
1.03687
1.03686
1.03685
1.03685
1.03684
1.03684
1.03684
1.03683
1.03683
1.03683
1.03683
1.03683
1.03683
1.03683
1.03683
1.03682
1.03682
1.03682
1.03682
1.03682
1.03682
1.03682
1.03682
1.03682
1.03682
1.03682
1.03682
1.03682
1.03682
1.03682
1.03682
1.03682
1.03682
1.03682
1.03682
1.03682
1.03682
1.03682
1.03682
1.03682
1.03682
1.03682
1.03682
1.03682
1.03682
1.03682
1.03682
1.03682
1.03682
1.03682
1.03682
1.03682
1.03682
1.03682
1.03682
1.03682
1.03682
1.03682
1.03682
1.03682
1.03682
1.03682
1.03681
1.03681
1.0368
1.03679
1.03678
1.03674
1.0367
1.03647
1.03621
1.03382
0.983105
1.06612
1.0296
1.04349
1.03764
1.04017
1.03905
1.03935
1.03903
1.03899
1.03886
1.03879
1.03871
1.03865
1.0386
1.03855
1.03851
1.03848
1.03844
1.03842
1.03839
1.03837
1.03835
1.03834
1.03832
1.03831
1.0383
1.03829
1.03828
1.03828
1.03827
1.03827
1.03826
1.03826
1.03826
1.03826
1.03826
1.03825
1.03825
1.03825
1.03825
1.03825
1.03825
1.03825
1.03825
1.03825
1.03825
1.03825
1.03825
1.03825
1.03825
1.03825
1.03825
1.03825
1.03825
1.03825
1.03825
1.03825
1.03825
1.03825
1.03825
1.03825
1.03825
1.03825
1.03825
1.03825
1.03825
1.03825
1.03825
1.03825
1.03825
1.03825
1.03825
1.03825
1.03825
1.03825
1.03825
1.03825
1.03825
1.03825
1.03825
1.03825
1.03825
1.03825
1.03825
1.03825
1.03825
1.03825
1.03824
1.03824
1.03824
1.03824
1.03823
1.03822
1.03821
1.03818
1.03814
1.03794
1.03774
1.03587
0.980016
1.06351
1.02938
1.04357
1.03756
1.04018
1.03906
1.03945
1.03918
1.0392
1.0391
1.03907
1.03902
1.03899
1.03895
1.03892
1.0389
1.03888
1.03886
1.03884
1.03882
1.03881
1.0388
1.03879
1.03878
1.03877
1.03876
1.03876
1.03875
1.03875
1.03874
1.03874
1.03874
1.03873
1.03873
1.03873
1.03873
1.03873
1.03873
1.03873
1.03873
1.03873
1.03873
1.03872
1.03872
1.03872
1.03872
1.03872
1.03872
1.03872
1.03872
1.03872
1.03872
1.03872
1.03872
1.03872
1.03872
1.03872
1.03872
1.03872
1.03872
1.03872
1.03872
1.03872
1.03872
1.03872
1.03872
1.03872
1.03872
1.03872
1.03872
1.03872
1.03872
1.03872
1.03872
1.03872
1.03872
1.03872
1.03872
1.03872
1.03872
1.03872
1.03872
1.03872
1.03872
1.03872
1.03872
1.03872
1.03872
1.03872
1.03872
1.03872
1.03871
1.0387
1.03869
1.03867
1.03863
1.03847
1.03834
1.03701
0.977427
1.06098
1.02893
1.04334
1.03722
1.0399
1.03879
1.03925
1.03903
1.0391
1.03904
1.03904
1.03902
1.03901
1.03899
1.03898
1.03897
1.03896
1.03895
1.03895
1.03894
1.03893
1.03893
1.03892
1.03891
1.03891
1.03891
1.0389
1.0389
1.0389
1.03889
1.03889
1.03889
1.03889
1.03889
1.03889
1.03889
1.03888
1.03888
1.03888
1.03888
1.03888
1.03888
1.03888
1.03888
1.03888
1.03888
1.03888
1.03888
1.03888
1.03888
1.03888
1.03888
1.03888
1.03888
1.03888
1.03888
1.03888
1.03888
1.03888
1.03888
1.03888
1.03888
1.03888
1.03888
1.03888
1.03888
1.03888
1.03888
1.03888
1.03888
1.03888
1.03888
1.03888
1.03888
1.03888
1.03888
1.03888
1.03888
1.03888
1.03888
1.03888
1.03888
1.03888
1.03888
1.03888
1.03888
1.03888
1.03888
1.03888
1.03888
1.03888
1.03888
1.03887
1.03886
1.03884
1.03881
1.0387
1.03863
1.03784
0.975329
1.05871
1.02846
1.04304
1.03682
1.03954
1.03844
1.03897
1.03879
1.03891
1.03889
1.03892
1.03892
1.03893
1.03894
1.03894
1.03894
1.03895
1.03895
1.03895
1.03895
1.03895
1.03895
1.03895
1.03895
1.03894
1.03894
1.03894
1.03894
1.03894
1.03894
1.03894
1.03894
1.03894
1.03894
1.03894
1.03894
1.03894
1.03894
1.03894
1.03894
1.03894
1.03894
1.03894
1.03894
1.03894
1.03894
1.03894
1.03893
1.03893
1.03893
1.03893
1.03893
1.03893
1.03893
1.03893
1.03893
1.03893
1.03893
1.03894
1.03894
1.03894
1.03894
1.03894
1.03894
1.03894
1.03894
1.03894
1.03894
1.03894
1.03894
1.03894
1.03894
1.03894
1.03894
1.03894
1.03894
1.03894
1.03894
1.03894
1.03894
1.03894
1.03894
1.03894
1.03893
1.03893
1.03893
1.03893
1.03893
1.03893
1.03893
1.03893
1.03893
1.03893
1.03892
1.03891
1.03889
1.03882
1.03882
1.03856
0.973645
1.05672
1.02804
1.04273
1.03644
1.03919
1.0381
1.03868
1.03854
1.0387
1.03871
1.03877
1.03879
1.03882
1.03885
1.03887
1.03888
1.0389
1.03891
1.03892
1.03892
1.03893
1.03893
1.03894
1.03894
1.03894
1.03895
1.03895
1.03895
1.03895
1.03895
1.03895
1.03895
1.03895
1.03895
1.03895
1.03895
1.03895
1.03895
1.03895
1.03895
1.03895
1.03895
1.03895
1.03895
1.03895
1.03895
1.03895
1.03895
1.03895
1.03895
1.03895
1.03895
1.03895
1.03895
1.03895
1.03895
1.03895
1.03895
1.03895
1.03895
1.03895
1.03895
1.03895
1.03895
1.03895
1.03895
1.03895
1.03895
1.03895
1.03895
1.03895
1.03895
1.03895
1.03895
1.03895
1.03895
1.03895
1.03895
1.03895
1.03895
1.03895
1.03895
1.03895
1.03895
1.03895
1.03895
1.03895
1.03895
1.03895
1.03895
1.03896
1.03896
1.03896
1.03895
1.03895
1.03893
1.03892
1.03898
1.03921
0.972294
1.055
1.02767
1.04244
1.03609
1.03886
1.03777
1.03841
1.0383
1.03849
1.03853
1.03862
1.03867
1.03872
1.03875
1.03879
1.03881
1.03884
1.03886
1.03887
1.03889
1.0389
1.03891
1.03892
1.03893
1.03893
1.03894
1.03894
1.03894
1.03895
1.03895
1.03895
1.03895
1.03895
1.03896
1.03896
1.03896
1.03896
1.03896
1.03896
1.03896
1.03896
1.03896
1.03896
1.03896
1.03896
1.03896
1.03896
1.03896
1.03896
1.03896
1.03896
1.03896
1.03896
1.03896
1.03896
1.03896
1.03896
1.03896
1.03896
1.03896
1.03896
1.03896
1.03896
1.03896
1.03896
1.03896
1.03896
1.03896
1.03896
1.03896
1.03896
1.03896
1.03896
1.03896
1.03896
1.03896
1.03896
1.03896
1.03896
1.03896
1.03896
1.03896
1.03896
1.03896
1.03896
1.03896
1.03896
1.03896
1.03896
1.03896
1.03896
1.03897
1.03897
1.03897
1.03897
1.03897
1.03901
1.03912
1.03982
0.971212
1.05353
1.02735
1.04219
1.03579
1.03856
1.03748
1.03816
1.03808
1.03831
1.03837
1.03848
1.03855
1.03861
1.03866
1.03871
1.03875
1.03878
1.03881
1.03883
1.03885
1.03887
1.03888
1.0389
1.03891
1.03892
1.03893
1.03893
1.03894
1.03894
1.03895
1.03895
1.03895
1.03895
1.03895
1.03896
1.03896
1.03896
1.03896
1.03896
1.03896
1.03896
1.03896
1.03896
1.03896
1.03896
1.03896
1.03896
1.03896
1.03896
1.03896
1.03896
1.03896
1.03896
1.03896
1.03896
1.03896
1.03896
1.03896
1.03896
1.03896
1.03896
1.03896
1.03896
1.03896
1.03896
1.03896
1.03896
1.03896
1.03896
1.03896
1.03896
1.03896
1.03896
1.03896
1.03896
1.03896
1.03896
1.03896
1.03896
1.03896
1.03896
1.03896
1.03896
1.03896
1.03896
1.03896
1.03896
1.03896
1.03897
1.03897
1.03897
1.03897
1.03898
1.03898
1.03899
1.039
1.0391
1.03926
1.04037
0.970348
1.05229
1.02708
1.04197
1.03554
1.0383
1.03722
1.03794
1.03789
1.03814
1.03823
1.03835
1.03844
1.03852
1.03858
1.03864
1.03868
1.03873
1.03876
1.03879
1.03882
1.03884
1.03886
1.03888
1.03889
1.0389
1.03891
1.03892
1.03893
1.03894
1.03894
1.03894
1.03895
1.03895
1.03895
1.03895
1.03896
1.03896
1.03896
1.03896
1.03896
1.03896
1.03896
1.03896
1.03896
1.03896
1.03896
1.03896
1.03896
1.03896
1.03896
1.03896
1.03896
1.03896
1.03896
1.03896
1.03896
1.03896
1.03896
1.03896
1.03896
1.03896
1.03896
1.03896
1.03896
1.03896
1.03896
1.03896
1.03896
1.03896
1.03896
1.03896
1.03896
1.03896
1.03896
1.03896
1.03896
1.03896
1.03896
1.03896
1.03896
1.03896
1.03896
1.03896
1.03896
1.03896
1.03896
1.03896
1.03897
1.03897
1.03897
1.03897
1.03898
1.03898
1.03899
1.03901
1.03902
1.03918
1.03938
1.04087
0.969663
1.05125
1.02686
1.04178
1.03532
1.03807
1.037
1.03775
1.03772
1.03799
1.0381
1.03825
1.03834
1.03844
1.03851
1.03857
1.03863
1.03868
1.03872
1.03876
1.03879
1.03881
1.03884
1.03886
1.03888
1.03889
1.0389
1.03891
1.03892
1.03893
1.03894
1.03894
1.03894
1.03895
1.03895
1.03895
1.03895
1.03896
1.03896
1.03896
1.03896
1.03896
1.03896
1.03896
1.03896
1.03896
1.03896
1.03896
1.03896
1.03896
1.03896
1.03896
1.03896
1.03896
1.03896
1.03896
1.03896
1.03896
1.03896
1.03896
1.03896
1.03896
1.03896
1.03896
1.03896
1.03896
1.03896
1.03896
1.03896
1.03896
1.03896
1.03896
1.03896
1.03896
1.03896
1.03896
1.03896
1.03896
1.03896
1.03896
1.03896
1.03896
1.03896
1.03896
1.03896
1.03896
1.03896
1.03897
1.03897
1.03897
1.03897
1.03898
1.03898
1.03899
1.039
1.03903
1.03905
1.03925
1.03949
1.04131
0.969129
1.05041
1.02668
1.04163
1.03514
1.03788
1.03681
1.03758
1.03757
1.03787
1.03799
1.03815
1.03826
1.03836
1.03845
1.03852
1.03858
1.03864
1.03868
1.03873
1.03876
1.03879
1.03882
1.03884
1.03886
1.03888
1.03889
1.0389
1.03892
1.03892
1.03893
1.03894
1.03894
1.03895
1.03895
1.03895
1.03895
1.03895
1.03896
1.03896
1.03896
1.03896
1.03896
1.03896
1.03896
1.03896
1.03896
1.03896
1.03896
1.03896
1.03896
1.03896
1.03896
1.03896
1.03896
1.03896
1.03896
1.03896
1.03896
1.03896
1.03896
1.03896
1.03896
1.03896
1.03896
1.03896
1.03896
1.03896
1.03896
1.03896
1.03896
1.03896
1.03896
1.03896
1.03896
1.03896
1.03896
1.03896
1.03896
1.03896
1.03896
1.03896
1.03896
1.03896
1.03896
1.03896
1.03896
1.03897
1.03897
1.03897
1.03897
1.03898
1.03898
1.039
1.03901
1.03904
1.03907
1.03931
1.03959
1.04168
0.968723
1.04975
1.02654
1.0415
1.035
1.03773
1.03666
1.03745
1.03746
1.03777
1.03791
1.03808
1.0382
1.03831
1.0384
1.03848
1.03854
1.0386
1.03866
1.0387
1.03874
1.03877
1.0388
1.03883
1.03885
1.03887
1.03888
1.0389
1.03891
1.03892
1.03893
1.03893
1.03894
1.03894
1.03895
1.03895
1.03895
1.03895
1.03896
1.03896
1.03896
1.03896
1.03896
1.03896
1.03896
1.03896
1.03896
1.03896
1.03896
1.03896
1.03896
1.03896
1.03896
1.03896
1.03896
1.03896
1.03896
1.03896
1.03896
1.03896
1.03896
1.03896
1.03896
1.03896
1.03896
1.03896
1.03896
1.03896
1.03896
1.03896
1.03896
1.03896
1.03896
1.03896
1.03896
1.03896
1.03896
1.03896
1.03896
1.03896
1.03896
1.03896
1.03896
1.03896
1.03896
1.03896
1.03896
1.03897
1.03897
1.03897
1.03897
1.03898
1.03899
1.039
1.03901
1.03906
1.03909
1.03936
1.03967
1.04198
0.968431
1.04927
1.02644
1.04141
1.0349
1.03762
1.03655
1.03736
1.03737
1.0377
1.03784
1.03802
1.03815
1.03826
1.03836
1.03844
1.03852
1.03858
1.03863
1.03868
1.03872
1.03876
1.03879
1.03882
1.03884
1.03886
1.03888
1.03889
1.03891
1.03892
1.03892
1.03893
1.03894
1.03894
1.03895
1.03895
1.03895
1.03895
1.03896
1.03896
1.03896
1.03896
1.03896
1.03896
1.03896
1.03896
1.03896
1.03896
1.03896
1.03896
1.03896
1.03896
1.03896
1.03896
1.03896
1.03896
1.03896
1.03896
1.03896
1.03896
1.03896
1.03896
1.03896
1.03896
1.03896
1.03896
1.03896
1.03896
1.03896
1.03896
1.03896
1.03896
1.03896
1.03896
1.03896
1.03896
1.03896
1.03896
1.03896
1.03896
1.03896
1.03896
1.03896
1.03896
1.03896
1.03896
1.03897
1.03897
1.03897
1.03897
1.03898
1.03898
1.03899
1.039
1.03902
1.03907
1.0391
1.0394
1.03973
1.04221
0.968242
1.04895
1.02637
1.04135
1.03483
1.03754
1.03648
1.03729
1.03731
1.03765
1.0378
1.03798
1.03811
1.03823
1.03833
1.03842
1.0385
1.03856
1.03862
1.03867
1.03871
1.03875
1.03878
1.03881
1.03884
1.03886
1.03887
1.03889
1.0389
1.03891
1.03892
1.03893
1.03894
1.03894
1.03894
1.03895
1.03895
1.03895
1.03895
1.03896
1.03896
1.03896
1.03896
1.03896
1.03896
1.03896
1.03896
1.03896
1.03896
1.03896
1.03896
1.03896
1.03896
1.03896
1.03896
1.03896
1.03896
1.03896
1.03896
1.03896
1.03896
1.03896
1.03896
1.03896
1.03896
1.03896
1.03896
1.03896
1.03896
1.03896
1.03896
1.03896
1.03896
1.03896
1.03896
1.03896
1.03896
1.03896
1.03896
1.03896
1.03896
1.03896
1.03896
1.03896
1.03896
1.03896
1.03897
1.03897
1.03897
1.03897
1.03898
1.03898
1.03899
1.03901
1.03902
1.03907
1.03911
1.03943
1.03977
1.04236
0.968149
1.04879
1.02634
1.04132
1.0348
1.03751
1.03644
1.03726
1.03728
1.03762
1.03777
1.03796
1.0381
1.03822
1.03832
1.03841
1.03849
1.03855
1.03861
1.03866
1.03871
1.03874
1.03878
1.03881
1.03883
1.03885
1.03887
1.03889
1.0389
1.03891
1.03892
1.03893
1.03893
1.03894
1.03894
1.03895
1.03895
1.03895
1.03895
1.03896
1.03896
1.03896
1.03896
1.03896
1.03896
1.03896
1.03896
1.03896
1.03896
1.03896
1.03896
1.03896
1.03896
1.03896
1.03896
1.03896
1.03896
1.03896
1.03896
1.03896
1.03896
1.03896
1.03896
1.03896
1.03896
1.03896
1.03896
1.03896
1.03896
1.03896
1.03896
1.03896
1.03896
1.03896
1.03896
1.03896
1.03896
1.03896
1.03896
1.03896
1.03896
1.03896
1.03896
1.03896
1.03896
1.03896
1.03897
1.03897
1.03897
1.03897
1.03898
1.03898
1.03899
1.03901
1.03902
1.03908
1.03912
1.03944
1.03979
1.04244
0.968149
1.04879
1.02634
1.04132
1.0348
1.03751
1.03644
1.03726
1.03728
1.03762
1.03777
1.03796
1.0381
1.03822
1.03832
1.03841
1.03849
1.03855
1.03861
1.03866
1.03871
1.03874
1.03878
1.03881
1.03883
1.03885
1.03887
1.03889
1.0389
1.03891
1.03892
1.03893
1.03893
1.03894
1.03894
1.03895
1.03895
1.03895
1.03895
1.03896
1.03896
1.03896
1.03896
1.03896
1.03896
1.03896
1.03896
1.03896
1.03896
1.03896
1.03896
1.03896
1.03896
1.03896
1.03896
1.03896
1.03896
1.03896
1.03896
1.03896
1.03896
1.03896
1.03896
1.03896
1.03896
1.03896
1.03896
1.03896
1.03896
1.03896
1.03896
1.03896
1.03896
1.03896
1.03896
1.03896
1.03896
1.03896
1.03896
1.03896
1.03896
1.03896
1.03896
1.03896
1.03896
1.03896
1.03897
1.03897
1.03897
1.03897
1.03898
1.03898
1.03899
1.03901
1.03902
1.03908
1.03912
1.03944
1.03979
1.04244
0.968242
1.04895
1.02637
1.04135
1.03483
1.03754
1.03648
1.03729
1.03731
1.03765
1.0378
1.03798
1.03811
1.03823
1.03833
1.03842
1.0385
1.03856
1.03862
1.03867
1.03871
1.03875
1.03878
1.03881
1.03884
1.03886
1.03887
1.03889
1.0389
1.03891
1.03892
1.03893
1.03894
1.03894
1.03894
1.03895
1.03895
1.03895
1.03895
1.03896
1.03896
1.03896
1.03896
1.03896
1.03896
1.03896
1.03896
1.03896
1.03896
1.03896
1.03896
1.03896
1.03896
1.03896
1.03896
1.03896
1.03896
1.03896
1.03896
1.03896
1.03896
1.03896
1.03896
1.03896
1.03896
1.03896
1.03896
1.03896
1.03896
1.03896
1.03896
1.03896
1.03896
1.03896
1.03896
1.03896
1.03896
1.03896
1.03896
1.03896
1.03896
1.03896
1.03896
1.03896
1.03896
1.03896
1.03897
1.03897
1.03897
1.03897
1.03898
1.03898
1.03899
1.03901
1.03902
1.03907
1.03911
1.03943
1.03977
1.04236
0.968431
1.04927
1.02644
1.04141
1.0349
1.03762
1.03655
1.03736
1.03737
1.0377
1.03784
1.03802
1.03815
1.03826
1.03836
1.03844
1.03852
1.03858
1.03863
1.03868
1.03872
1.03876
1.03879
1.03882
1.03884
1.03886
1.03888
1.03889
1.03891
1.03892
1.03892
1.03893
1.03894
1.03894
1.03895
1.03895
1.03895
1.03895
1.03896
1.03896
1.03896
1.03896
1.03896
1.03896
1.03896
1.03896
1.03896
1.03896
1.03896
1.03896
1.03896
1.03896
1.03896
1.03896
1.03896
1.03896
1.03896
1.03896
1.03896
1.03896
1.03896
1.03896
1.03896
1.03896
1.03896
1.03896
1.03896
1.03896
1.03896
1.03896
1.03896
1.03896
1.03896
1.03896
1.03896
1.03896
1.03896
1.03896
1.03896
1.03896
1.03896
1.03896
1.03896
1.03896
1.03896
1.03896
1.03897
1.03897
1.03897
1.03897
1.03898
1.03898
1.03899
1.039
1.03902
1.03907
1.0391
1.0394
1.03973
1.04221
0.968723
1.04975
1.02654
1.0415
1.035
1.03773
1.03666
1.03745
1.03746
1.03777
1.03791
1.03808
1.0382
1.03831
1.0384
1.03848
1.03854
1.0386
1.03866
1.0387
1.03874
1.03877
1.0388
1.03883
1.03885
1.03887
1.03888
1.0389
1.03891
1.03892
1.03893
1.03893
1.03894
1.03894
1.03895
1.03895
1.03895
1.03895
1.03896
1.03896
1.03896
1.03896
1.03896
1.03896
1.03896
1.03896
1.03896
1.03896
1.03896
1.03896
1.03896
1.03896
1.03896
1.03896
1.03896
1.03896
1.03896
1.03896
1.03896
1.03896
1.03896
1.03896
1.03896
1.03896
1.03896
1.03896
1.03896
1.03896
1.03896
1.03896
1.03896
1.03896
1.03896
1.03896
1.03896
1.03896
1.03896
1.03896
1.03896
1.03896
1.03896
1.03896
1.03896
1.03896
1.03896
1.03896
1.03896
1.03897
1.03897
1.03897
1.03897
1.03898
1.03899
1.039
1.03901
1.03906
1.03909
1.03936
1.03967
1.04198
0.969129
1.05041
1.02668
1.04163
1.03514
1.03788
1.03681
1.03758
1.03757
1.03787
1.03799
1.03815
1.03826
1.03836
1.03845
1.03852
1.03858
1.03864
1.03868
1.03873
1.03876
1.03879
1.03882
1.03884
1.03886
1.03888
1.03889
1.03891
1.03892
1.03892
1.03893
1.03894
1.03894
1.03895
1.03895
1.03895
1.03895
1.03895
1.03896
1.03896
1.03896
1.03896
1.03896
1.03896
1.03896
1.03896
1.03896
1.03896
1.03896
1.03896
1.03896
1.03896
1.03896
1.03896
1.03896
1.03896
1.03896
1.03896
1.03896
1.03896
1.03896
1.03896
1.03896
1.03896
1.03896
1.03896
1.03896
1.03896
1.03896
1.03896
1.03896
1.03896
1.03896
1.03896
1.03896
1.03896
1.03896
1.03896
1.03896
1.03896
1.03896
1.03896
1.03896
1.03896
1.03896
1.03896
1.03896
1.03897
1.03897
1.03897
1.03897
1.03898
1.03898
1.039
1.03901
1.03904
1.03907
1.03931
1.03959
1.04168
0.969663
1.05125
1.02686
1.04178
1.03532
1.03807
1.037
1.03775
1.03772
1.03799
1.0381
1.03825
1.03834
1.03844
1.03851
1.03857
1.03863
1.03868
1.03872
1.03876
1.03879
1.03881
1.03884
1.03886
1.03888
1.03889
1.0389
1.03891
1.03892
1.03893
1.03894
1.03894
1.03894
1.03895
1.03895
1.03895
1.03895
1.03896
1.03896
1.03896
1.03896
1.03896
1.03896
1.03896
1.03896
1.03896
1.03896
1.03896
1.03896
1.03896
1.03896
1.03896
1.03896
1.03896
1.03896
1.03896
1.03896
1.03896
1.03896
1.03896
1.03896
1.03896
1.03896
1.03896
1.03896
1.03896
1.03896
1.03896
1.03896
1.03896
1.03896
1.03896
1.03896
1.03896
1.03896
1.03896
1.03896
1.03896
1.03896
1.03896
1.03896
1.03896
1.03896
1.03896
1.03896
1.03896
1.03896
1.03897
1.03897
1.03897
1.03897
1.03898
1.03898
1.03899
1.039
1.03903
1.03905
1.03925
1.03949
1.04131
0.970348
1.05229
1.02708
1.04197
1.03554
1.0383
1.03722
1.03794
1.03789
1.03814
1.03823
1.03836
1.03844
1.03852
1.03858
1.03864
1.03868
1.03873
1.03876
1.03879
1.03882
1.03884
1.03886
1.03888
1.03889
1.0389
1.03891
1.03892
1.03893
1.03894
1.03894
1.03894
1.03895
1.03895
1.03895
1.03895
1.03896
1.03896
1.03896
1.03896
1.03896
1.03896
1.03896
1.03896
1.03896
1.03896
1.03896
1.03896
1.03896
1.03896
1.03896
1.03896
1.03896
1.03896
1.03896
1.03896
1.03896
1.03896
1.03896
1.03896
1.03896
1.03896
1.03896
1.03896
1.03896
1.03896
1.03896
1.03896
1.03896
1.03896
1.03896
1.03896
1.03896
1.03896
1.03896
1.03896
1.03896
1.03896
1.03896
1.03896
1.03896
1.03896
1.03896
1.03896
1.03896
1.03896
1.03896
1.03896
1.03897
1.03897
1.03897
1.03897
1.03898
1.03898
1.03899
1.03901
1.03902
1.03918
1.03938
1.04087
0.971212
1.05353
1.02735
1.04219
1.03579
1.03856
1.03748
1.03816
1.03808
1.03831
1.03837
1.03848
1.03855
1.03861
1.03866
1.03871
1.03875
1.03878
1.03881
1.03883
1.03885
1.03887
1.03889
1.0389
1.03891
1.03892
1.03893
1.03893
1.03894
1.03894
1.03895
1.03895
1.03895
1.03895
1.03895
1.03896
1.03896
1.03896
1.03896
1.03896
1.03896
1.03896
1.03896
1.03896
1.03896
1.03896
1.03896
1.03896
1.03896
1.03896
1.03896
1.03896
1.03896
1.03896
1.03896
1.03896
1.03896
1.03896
1.03896
1.03896
1.03896
1.03896
1.03896
1.03896
1.03896
1.03896
1.03896
1.03896
1.03896
1.03896
1.03896
1.03896
1.03896
1.03896
1.03896
1.03896
1.03896
1.03896
1.03896
1.03896
1.03896
1.03896
1.03896
1.03896
1.03896
1.03896
1.03896
1.03896
1.03896
1.03897
1.03897
1.03897
1.03897
1.03898
1.03898
1.03899
1.039
1.0391
1.03926
1.04037
0.972294
1.055
1.02767
1.04244
1.03609
1.03886
1.03777
1.03841
1.0383
1.03849
1.03853
1.03862
1.03867
1.03872
1.03875
1.03879
1.03881
1.03884
1.03886
1.03887
1.03889
1.0389
1.03891
1.03892
1.03893
1.03893
1.03894
1.03894
1.03895
1.03895
1.03895
1.03895
1.03895
1.03895
1.03896
1.03896
1.03896
1.03896
1.03896
1.03896
1.03896
1.03896
1.03896
1.03896
1.03896
1.03896
1.03896
1.03896
1.03896
1.03896
1.03896
1.03896
1.03896
1.03896
1.03896
1.03896
1.03896
1.03896
1.03896
1.03896
1.03896
1.03896
1.03896
1.03896
1.03896
1.03896
1.03896
1.03896
1.03896
1.03896
1.03896
1.03896
1.03896
1.03896
1.03896
1.03896
1.03896
1.03896
1.03896
1.03896
1.03896
1.03896
1.03896
1.03896
1.03896
1.03896
1.03896
1.03896
1.03896
1.03896
1.03896
1.03896
1.03897
1.03897
1.03897
1.03897
1.03897
1.03901
1.03912
1.03982
0.973645
1.05672
1.02804
1.04273
1.03644
1.03919
1.0381
1.03868
1.03854
1.0387
1.03871
1.03877
1.03879
1.03883
1.03885
1.03887
1.03888
1.0389
1.03891
1.03892
1.03892
1.03893
1.03893
1.03894
1.03894
1.03894
1.03895
1.03895
1.03895
1.03895
1.03895
1.03895
1.03895
1.03895
1.03895
1.03895
1.03895
1.03895
1.03895
1.03895
1.03895
1.03895
1.03895
1.03895
1.03895
1.03895
1.03895
1.03895
1.03895
1.03895
1.03895
1.03895
1.03895
1.03895
1.03895
1.03895
1.03895
1.03895
1.03895
1.03895
1.03895
1.03895
1.03895
1.03895
1.03895
1.03895
1.03895
1.03895
1.03895
1.03895
1.03895
1.03895
1.03895
1.03895
1.03895
1.03895
1.03895
1.03895
1.03895
1.03895
1.03895
1.03895
1.03895
1.03895
1.03895
1.03895
1.03895
1.03895
1.03895
1.03895
1.03895
1.03896
1.03896
1.03896
1.03895
1.03895
1.03893
1.03892
1.03898
1.03921
0.975329
1.05871
1.02846
1.04304
1.03682
1.03954
1.03844
1.03897
1.03879
1.03891
1.03889
1.03892
1.03892
1.03893
1.03894
1.03894
1.03894
1.03895
1.03895
1.03895
1.03895
1.03895
1.03895
1.03895
1.03895
1.03894
1.03894
1.03894
1.03894
1.03894
1.03894
1.03894
1.03894
1.03894
1.03894
1.03894
1.03894
1.03894
1.03894
1.03894
1.03894
1.03894
1.03894
1.03894
1.03894
1.03893
1.03893
1.03893
1.03893
1.03893
1.03893
1.03893
1.03893
1.03893
1.03893
1.03893
1.03893
1.03893
1.03893
1.03893
1.03893
1.03893
1.03893
1.03894
1.03894
1.03894
1.03894
1.03894
1.03894
1.03894
1.03894
1.03894
1.03894
1.03894
1.03894
1.03894
1.03894
1.03894
1.03894
1.03894
1.03893
1.03893
1.03893
1.03893
1.03893
1.03893
1.03893
1.03893
1.03893
1.03893
1.03893
1.03893
1.03893
1.03893
1.03892
1.03891
1.03889
1.03883
1.03882
1.03856
0.977427
1.06098
1.02893
1.04334
1.03722
1.0399
1.03879
1.03925
1.03903
1.0391
1.03904
1.03904
1.03902
1.03901
1.03899
1.03898
1.03897
1.03896
1.03896
1.03895
1.03894
1.03893
1.03893
1.03892
1.03891
1.03891
1.03891
1.0389
1.0389
1.0389
1.03889
1.03889
1.03889
1.03889
1.03889
1.03889
1.03889
1.03888
1.03888
1.03888
1.03888
1.03888
1.03888
1.03888
1.03888
1.03888
1.03888
1.03888
1.03888
1.03888
1.03888
1.03888
1.03888
1.03888
1.03888
1.03888
1.03888
1.03888
1.03888
1.03888
1.03888
1.03888
1.03888
1.03888
1.03888
1.03888
1.03888
1.03888
1.03888
1.03888
1.03888
1.03888
1.03888
1.03888
1.03888
1.03888
1.03888
1.03888
1.03888
1.03888
1.03888
1.03888
1.03888
1.03888
1.03888
1.03888
1.03888
1.03888
1.03888
1.03888
1.03888
1.03888
1.03888
1.03887
1.03886
1.03884
1.03881
1.0387
1.03863
1.03784
0.980016
1.06351
1.02938
1.04357
1.03756
1.04018
1.03906
1.03945
1.03918
1.0392
1.0391
1.03907
1.03902
1.03899
1.03895
1.03893
1.0389
1.03888
1.03886
1.03884
1.03883
1.03881
1.0388
1.03879
1.03878
1.03877
1.03876
1.03876
1.03875
1.03875
1.03874
1.03874
1.03874
1.03873
1.03873
1.03873
1.03873
1.03873
1.03873
1.03873
1.03873
1.03873
1.03872
1.03872
1.03872
1.03872
1.03872
1.03872
1.03872
1.03872
1.03872
1.03872
1.03872
1.03872
1.03872
1.03872
1.03872
1.03872
1.03872
1.03872
1.03872
1.03872
1.03872
1.03872
1.03872
1.03872
1.03872
1.03872
1.03872
1.03872
1.03872
1.03872
1.03872
1.03872
1.03872
1.03872
1.03872
1.03872
1.03872
1.03872
1.03872
1.03872
1.03872
1.03872
1.03872
1.03872
1.03872
1.03872
1.03872
1.03872
1.03872
1.03872
1.03871
1.03871
1.03869
1.03867
1.03863
1.03847
1.03834
1.03701
0.983105
1.06612
1.0296
1.04349
1.03764
1.04017
1.03905
1.03935
1.03903
1.03899
1.03886
1.03879
1.03871
1.03865
1.0386
1.03855
1.03851
1.03848
1.03845
1.03842
1.03839
1.03837
1.03835
1.03834
1.03832
1.03831
1.0383
1.03829
1.03828
1.03828
1.03827
1.03827
1.03826
1.03826
1.03826
1.03826
1.03826
1.03825
1.03825
1.03825
1.03825
1.03825
1.03825
1.03825
1.03825
1.03825
1.03825
1.03825
1.03825
1.03825
1.03825
1.03825
1.03825
1.03825
1.03825
1.03825
1.03825
1.03825
1.03825
1.03825
1.03825
1.03825
1.03825
1.03825
1.03825
1.03825
1.03825
1.03825
1.03825
1.03825
1.03825
1.03825
1.03825
1.03825
1.03825
1.03825
1.03825
1.03825
1.03825
1.03825
1.03825
1.03825
1.03825
1.03825
1.03825
1.03825
1.03825
1.03825
1.03824
1.03824
1.03824
1.03824
1.03823
1.03822
1.03821
1.03818
1.03814
1.03794
1.03774
1.03587
0.986405
1.06825
1.02898
1.04245
1.03682
1.03924
1.03811
1.03832
1.03795
1.03785
1.03767
1.03756
1.03745
1.03737
1.03729
1.03723
1.03717
1.03712
1.03708
1.03704
1.03701
1.03698
1.03696
1.03694
1.03692
1.0369
1.03689
1.03688
1.03687
1.03686
1.03685
1.03685
1.03684
1.03684
1.03684
1.03683
1.03683
1.03683
1.03683
1.03683
1.03683
1.03683
1.03683
1.03682
1.03682
1.03682
1.03682
1.03682
1.03682
1.03682
1.03682
1.03682
1.03682
1.03682
1.03682
1.03682
1.03682
1.03682
1.03682
1.03682
1.03682
1.03682
1.03682
1.03682
1.03682
1.03682
1.03682
1.03682
1.03682
1.03682
1.03682
1.03682
1.03682
1.03682
1.03682
1.03682
1.03682
1.03682
1.03682
1.03682
1.03682
1.03682
1.03682
1.03682
1.03682
1.03682
1.03682
1.03682
1.03682
1.03682
1.03681
1.03681
1.0368
1.03679
1.03678
1.03674
1.0367
1.03647
1.03621
1.03382
0.988584
1.06797
1.0256
1.03852
1.03319
1.03547
1.03434
1.03445
1.03402
1.03386
1.03364
1.03349
1.03334
1.03323
1.03313
1.03305
1.03298
1.03292
1.03286
1.03281
1.03277
1.03274
1.03271
1.03268
1.03266
1.03264
1.03262
1.03261
1.0326
1.03259
1.03258
1.03258
1.03257
1.03257
1.03256
1.03256
1.03256
1.03255
1.03255
1.03255
1.03255
1.03255
1.03255
1.03255
1.03255
1.03255
1.03255
1.03255
1.03255
1.03255
1.03255
1.03255
1.03255
1.03255
1.03255
1.03255
1.03255
1.03255
1.03255
1.03255
1.03255
1.03255
1.03255
1.03255
1.03255
1.03255
1.03255
1.03255
1.03255
1.03255
1.03255
1.03255
1.03255
1.03255
1.03255
1.03255
1.03255
1.03255
1.03255
1.03255
1.03255
1.03255
1.03255
1.03255
1.03255
1.03255
1.03254
1.03254
1.03254
1.03254
1.03253
1.03253
1.03252
1.03251
1.03249
1.03246
1.03242
1.03218
1.03186
1.02902
0.984981
1.05951
1.01376
1.02592
1.02101
1.02312
1.02201
1.02202
1.02153
1.02131
1.02104
1.02085
1.02067
1.02053
1.02041
1.02031
1.02023
1.02015
1.02009
1.02003
1.01998
1.01994
1.0199
1.01987
1.01985
1.01983
1.01981
1.01979
1.01978
1.01977
1.01976
1.01975
1.01975
1.01974
1.01974
1.01973
1.01973
1.01973
1.01973
1.01973
1.01972
1.01972
1.01972
1.01972
1.01972
1.01972
1.01972
1.01972
1.01972
1.01972
1.01972
1.01972
1.01972
1.01972
1.01972
1.01972
1.01972
1.01972
1.01972
1.01972
1.01972
1.01972
1.01972
1.01972
1.01972
1.01972
1.01972
1.01972
1.01972
1.01972
1.01972
1.01972
1.01972
1.01972
1.01972
1.01972
1.01972
1.01972
1.01972
1.01972
1.01972
1.01972
1.01972
1.01972
1.01972
1.01972
1.01972
1.01972
1.01971
1.01971
1.0197
1.0197
1.01969
1.01968
1.01966
1.01963
1.0196
1.01936
1.01899
1.01589
0.960328
1.02535
0.976328
0.987418
0.983107
0.98501
0.983936
0.983842
0.983318
0.98304
0.982735
0.982512
0.982313
0.982152
0.982014
0.981898
0.981798
0.981713
0.981639
0.981576
0.981522
0.981476
0.981437
0.981403
0.981375
0.981351
0.981331
0.981314
0.9813
0.981289
0.981279
0.981272
0.981265
0.98126
0.981256
0.981253
0.981251
0.981248
0.981247
0.981246
0.981245
0.981244
0.981243
0.981243
0.981242
0.981242
0.981242
0.981242
0.981242
0.981241
0.981241
0.981241
0.981241
0.981241
0.981241
0.981241
0.981241
0.981241
0.981241
0.981241
0.981241
0.981241
0.981241
0.981241
0.981241
0.981241
0.981241
0.981241
0.981242
0.981242
0.981242
0.981242
0.981242
0.981242
0.981242
0.981242
0.981241
0.981241
0.981241
0.981241
0.981241
0.981241
0.98124
0.98124
0.981239
0.981238
0.981237
0.981235
0.981232
0.981228
0.981223
0.981216
0.981206
0.981193
0.981179
0.981153
0.981133
0.98091
0.980543
0.977595
0.864915
0.911579
0.861967
0.871357
0.867969
0.869556
0.868596
0.868427
0.867913
0.867614
0.867307
0.867076
0.866874
0.866709
0.866568
0.866449
0.866348
0.866262
0.866188
0.866125
0.866072
0.866026
0.865987
0.865954
0.865927
0.865904
0.865884
0.865868
0.865855
0.865845
0.865836
0.865829
0.865823
0.865818
0.865815
0.865812
0.865809
0.865807
0.865806
0.865805
0.865804
0.865803
0.865803
0.865802
0.865802
0.865802
0.865802
0.865801
0.865801
0.865801
0.865801
0.865801
0.865801
0.865801
0.865801
0.865801
0.865801
0.865801
0.865801
0.865801
0.865801
0.865801
0.865801
0.865801
0.865801
0.865801
0.865801
0.865801
0.865801
0.865801
0.865801
0.865802
0.865802
0.865802
0.865801
0.865801
0.865801
0.865801
0.865801
0.865801
0.865801
0.865801
0.8658
0.8658
0.865799
0.865798
0.865797
0.865795
0.865792
0.865789
0.865783
0.865776
0.865767
0.865755
0.865742
0.865724
0.865718
0.865546
0.865253
0.863186
0.537554
0.55219
0.517072
0.522896
0.52108
0.522012
0.521403
0.521252
0.520907
0.520696
0.520488
0.52033
0.520193
0.520081
0.519985
0.519905
0.519837
0.519779
0.51973
0.519689
0.519653
0.519623
0.519598
0.519577
0.519559
0.519544
0.519532
0.519522
0.519514
0.519507
0.519501
0.519497
0.519494
0.519491
0.519489
0.519487
0.519485
0.519484
0.519484
0.519483
0.519482
0.519482
0.519482
0.519481
0.519481
0.519481
0.519481
0.519481
0.519481
0.519481
0.519481
0.519481
0.519481
0.519481
0.519481
0.519481
0.519481
0.519481
0.519481
0.519481
0.519481
0.519481
0.519481
0.519481
0.519481
0.519481
0.519481
0.519481
0.519481
0.519481
0.519481
0.519481
0.519481
0.519481
0.519481
0.519481
0.519481
0.519481
0.519481
0.519481
0.519481
0.51948
0.51948
0.51948
0.519479
0.519479
0.519478
0.519477
0.519475
0.519473
0.519469
0.519464
0.519458
0.51945
0.519444
0.519436
0.519442
0.51936
0.519228
0.518638
)
;

boundaryField
{
    inlet
    {
        type            calculated;
        value           uniform 1;
    }
    outlet
    {
        type            calculated;
        value           nonuniform List<scalar> 
40
(
0.518638
0.863186
0.977595
1.01589
1.02902
1.03382
1.03587
1.03701
1.03784
1.03856
1.03921
1.03982
1.04037
1.04087
1.04131
1.04168
1.04198
1.04221
1.04236
1.04244
1.04244
1.04236
1.04221
1.04198
1.04168
1.04131
1.04087
1.04037
1.03982
1.03921
1.03856
1.03784
1.03701
1.03587
1.03382
1.02902
1.01589
0.977595
0.863186
0.518638
)
;
    }
    lowerWall
    {
        type            calculated;
        value           uniform 0;
    }
    upperWall
    {
        type            calculated;
        value           uniform 0;
    }
    frontAndBack
    {
        type            empty;
    }
}


// ************************************************************************* //
