/*--------------------------------*- C++ -*----------------------------------*\
| =========                 |                                                 |
| \\      /  F ield         | OpenFOAM: The Open Source CFD Toolbox           |
|  \\    /   O peration     | Version:  5.x                                   |
|   \\  /    A nd           | Web:      www.OpenFOAM.org                      |
|    \\/     M anipulation  |                                                 |
\*---------------------------------------------------------------------------*/
FoamFile
{
    version     2.0;
    format      ascii;
    class       volScalarField;
    location    "1.5";
    object      Uy;
}
// * * * * * * * * * * * * * * * * * * * * * * * * * * * * * * * * * * * * * //

dimensions      [0 1 -1 0 0 0 0];

internalField   nonuniform List<scalar> 
4000
(
0.0563955
0.00359566
-0.00176462
-0.00200121
-0.00213074
-0.00203768
-0.00204468
-0.00203476
-0.00204432
-0.00204823
-0.00205383
-0.00205747
-0.00206086
-0.0020634
-0.00206546
-0.0020671
-0.00206842
-0.00206953
-0.00207043
-0.00207118
-0.00207179
-0.00207234
-0.00207279
-0.00207318
-0.0020735
-0.00207378
-0.002074
-0.0020742
-0.00207437
-0.00207452
-0.00207461
-0.00207472
-0.00207479
-0.00207486
-0.0020749
-0.00207495
-0.00207497
-0.002075
-0.00207501
-0.00207504
-0.00207505
-0.00207506
-0.00207506
-0.00207507
-0.00207507
-0.00207509
-0.00207509
-0.0020751
-0.00207507
-0.00207508
-0.00207509
-0.00207509
-0.00207508
-0.0020751
-0.00207509
-0.00207509
-0.00207509
-0.0020751
-0.00207509
-0.0020751
-0.00207509
-0.00207509
-0.00207508
-0.00207509
-0.00207509
-0.0020751
-0.00207508
-0.00207509
-0.00207509
-0.0020751
-0.00207509
-0.0020751
-0.00207509
-0.00207509
-0.00207508
-0.00207509
-0.00207509
-0.00207509
-0.00207508
-0.00207509
-0.00207508
-0.00207507
-0.00207507
-0.00207505
-0.00207503
-0.00207501
-0.00207497
-0.00207492
-0.00207485
-0.00207476
-0.00207463
-0.0020745
-0.00207435
-0.00207434
-0.00207463
-0.00207528
-0.00207439
-0.00206119
-0.00202118
-0.0021516
0.12845
0.0160015
0.000985914
-7.1023e-05
-0.000505102
-0.000190233
-0.000201617
-0.000163631
-0.000193156
-0.000205716
-0.000224892
-0.000237666
-0.000249701
-0.00025898
-0.000266242
-0.000272112
-0.000276912
-0.000280978
-0.000284403
-0.000287342
-0.000289819
-0.000292003
-0.000293843
-0.000295483
-0.000296851
-0.000298037
-0.000299015
-0.000299876
-0.000300612
-0.000301249
-0.00030171
-0.000302161
-0.000302481
-0.000302781
-0.000302966
-0.000303163
-0.000303284
-0.00030341
-0.000303478
-0.000303581
-0.000303629
-0.000303696
-0.000303704
-0.000303752
-0.000303744
-0.000303803
-0.000303804
-0.000303841
-0.000303777
-0.000303809
-0.000303813
-0.000303838
-0.000303814
-0.000303852
-0.000303818
-0.000303843
-0.000303827
-0.000303864
-0.000303826
-0.000303853
-0.000303827
-0.000303832
-0.000303811
-0.000303843
-0.000303839
-0.000303846
-0.000303809
-0.000303841
-0.000303833
-0.000303856
-0.00030383
-0.000303859
-0.000303846
-0.00030385
-0.000303814
-0.000303841
-0.000303829
-0.000303852
-0.000303812
-0.000303819
-0.000303783
-0.000303781
-0.000303747
-0.000303702
-0.000303624
-0.000303538
-0.000303401
-0.000303237
-0.000302974
-0.000302644
-0.000302166
-0.000301637
-0.000300997
-0.000300649
-0.000300873
-0.000301449
-0.000293347
-0.00023958
-7.34427e-05
-0.00021918
0.135898
0.0244286
0.00334247
0.000824447
0.000103084
0.000608148
0.000613797
0.000677937
0.000630242
0.000606804
0.000573004
0.000549757
0.000528312
0.000511668
0.000498364
0.000487601
0.000478704
0.000471242
0.000464938
0.000459472
0.000454842
0.000450722
0.000447276
0.000444221
0.000441601
0.000439334
0.000437441
0.000435776
0.00043438
0.00043314
0.000432215
0.000431354
0.000430711
0.00043012
0.00042973
0.000429355
0.000429089
0.000428829
0.000428679
0.000428487
0.000428402
0.000428275
0.000428241
0.000428129
0.000428148
0.000428065
0.000428067
0.00042799
0.000428048
0.000428003
0.000428009
0.000427964
0.000428014
0.000427946
0.000427993
0.00042795
0.000427987
0.000427933
0.000427982
0.000427946
0.000427986
0.000427968
0.000428003
0.000427955
0.000427979
0.000427957
0.000428011
0.000427953
0.000427968
0.000427925
0.00042797
0.000427943
0.000427963
0.000427932
0.000427983
0.000427944
0.000427987
0.000427947
0.000427999
0.000428001
0.000428066
0.00042809
0.000428158
0.000428236
0.000428389
0.000428552
0.000428808
0.000429119
0.000429625
0.00043027
0.000431192
0.000432263
0.000433587
0.000434574
0.000435215
0.000436342
0.00045877
0.000569032
0.000943087
0.00117802
0.123283
0.028655
0.00469072
0.000700239
-0.000185454
0.000442434
0.000480596
0.000563239
0.000502234
0.000467825
0.000420927
0.00038753
0.000356993
0.000332989
0.00031374
0.00029863
0.000286102
0.000275596
0.000266728
0.000258987
0.000252435
0.000246607
0.000241669
0.000237293
0.000233502
0.00023021
0.000227452
0.000225011
0.000222971
0.000221164
0.000219786
0.00021853
0.000217578
0.000216717
0.000216113
0.000215553
0.000215159
0.000214773
0.000214518
0.000214234
0.000214112
0.000213936
0.000213892
0.000213725
0.000213727
0.000213609
0.000213607
0.000213507
0.000213554
0.000213492
0.000213505
0.000213439
0.000213511
0.000213432
0.000213492
0.000213424
0.000213467
0.000213408
0.000213476
0.000213433
0.000213475
0.000213438
0.000213501
0.000213454
0.000213483
0.000213432
0.000213501
0.000213443
0.000213477
0.000213403
0.000213439
0.000213422
0.000213463
0.000213412
0.000213461
0.000213403
0.000213475
0.00021344
0.000213503
0.000213511
0.000213593
0.000213642
0.00021376
0.000213871
0.000214086
0.000214316
0.000214683
0.000215141
0.000215884
0.000216835
0.000218174
0.000219788
0.000221865
0.000223732
0.000226118
0.000230489
0.000271493
0.000444044
0.00104962
0.00176927
0.109957
0.0309627
0.00569653
0.000546939
-0.000407836
0.000296742
0.000368947
0.000463046
0.00039322
0.000349751
0.000292855
0.000251606
0.000214289
0.000184892
0.000161168
0.000142459
0.00012695
0.00011388
0.000102833
9.31558e-05
8.49328e-05
7.75979e-05
7.12697e-05
6.56339e-05
6.0714e-05
5.63451e-05
5.26164e-05
4.93571e-05
4.67606e-05
4.44457e-05
4.2651e-05
4.10422e-05
3.98276e-05
3.87305e-05
3.79317e-05
3.71903e-05
3.66563e-05
3.6155e-05
3.58303e-05
3.54653e-05
3.52988e-05
3.50784e-05
3.50238e-05
3.48077e-05
3.47869e-05
3.46349e-05
3.46221e-05
3.44939e-05
3.45302e-05
3.44608e-05
3.44899e-05
3.44058e-05
3.44895e-05
3.44031e-05
3.44733e-05
3.43852e-05
3.44284e-05
3.4356e-05
3.4441e-05
3.44044e-05
3.44522e-05
3.43845e-05
3.44603e-05
3.44304e-05
3.44824e-05
3.44081e-05
3.44722e-05
3.44067e-05
3.44657e-05
3.43873e-05
3.44115e-05
3.4379e-05
3.44305e-05
3.43698e-05
3.44311e-05
3.4356e-05
3.44365e-05
3.44041e-05
3.44856e-05
3.45061e-05
3.46069e-05
3.46677e-05
3.48227e-05
3.49687e-05
3.52351e-05
3.55219e-05
3.59863e-05
3.65735e-05
3.75139e-05
3.87238e-05
4.04276e-05
4.25302e-05
4.53556e-05
4.82561e-05
5.32582e-05
6.23044e-05
0.000123546
0.000349143
0.00116815
0.00229701
0.0982745
0.032189
0.00652212
0.000501412
-0.000473211
0.000275792
0.000379607
0.000479637
0.00040516
0.000355464
0.000292418
0.000246439
0.000205537
0.000173613
0.000147248
0.000125813
0.000108056
9.30551e-05
8.03824e-05
6.92874e-05
5.98077e-05
5.13594e-05
4.40343e-05
3.75009e-05
3.18213e-05
2.67449e-05
2.23748e-05
1.85577e-05
1.55124e-05
1.27725e-05
1.06246e-05
8.71238e-06
7.25577e-06
5.94196e-06
4.96265e-06
4.05105e-06
3.37774e-06
2.74539e-06
2.34085e-06
1.89389e-06
1.68268e-06
1.41779e-06
1.34711e-06
1.08939e-06
1.04162e-06
8.54664e-07
8.3404e-07
6.86968e-07
7.16868e-07
6.36825e-07
6.83449e-07
5.91003e-07
6.82393e-07
5.83223e-07
6.55533e-07
5.51035e-07
5.98752e-07
5.17625e-07
6.07201e-07
5.72237e-07
6.38553e-07
5.55937e-07
6.34159e-07
6.07839e-07
6.80955e-07
5.99291e-07
6.65851e-07
5.85668e-07
6.49851e-07
5.69689e-07
6.0047e-07
5.54933e-07
6.05649e-07
5.28879e-07
6.02463e-07
5.22664e-07
6.11071e-07
5.77105e-07
6.69838e-07
7.0497e-07
8.25823e-07
8.96279e-07
1.07536e-06
1.24676e-06
1.55988e-06
1.8979e-06
2.47589e-06
3.19656e-06
4.32322e-06
5.76181e-06
7.7835e-06
1.03247e-05
1.38828e-05
1.78943e-05
2.55872e-05
3.93185e-05
0.000119291
0.000383811
0.00139849
0.0028468
0.0876663
0.0325017
0.00711398
0.00047768
-0.000486612
0.00028068
0.000414598
0.000518497
0.000441559
0.000387076
0.000319266
0.000269242
0.000225013
0.000190407
0.000161847
0.00013851
0.000119207
0.000102926
8.9157e-05
7.71324e-05
6.68434e-05
5.7683e-05
4.97697e-05
4.27326e-05
3.66504e-05
3.12643e-05
2.66469e-05
2.25548e-05
1.91655e-05
1.60955e-05
1.36521e-05
1.14923e-05
9.83534e-06
8.33212e-06
7.18852e-06
6.13166e-06
5.34346e-06
4.58016e-06
4.08947e-06
3.5814e-06
3.33847e-06
3.03247e-06
2.94502e-06
2.64921e-06
2.57219e-06
2.35546e-06
2.33484e-06
2.18227e-06
2.21158e-06
2.11808e-06
2.17575e-06
2.07828e-06
2.17133e-06
2.05612e-06
2.12521e-06
2.01006e-06
2.06384e-06
1.98077e-06
2.07232e-06
2.03407e-06
2.11894e-06
2.03251e-06
2.115e-06
2.08511e-06
2.16484e-06
2.07726e-06
2.15168e-06
2.06678e-06
2.12846e-06
2.04133e-06
2.08113e-06
2.03132e-06
2.08463e-06
1.99059e-06
2.06694e-06
1.98527e-06
2.08302e-06
2.05275e-06
2.14892e-06
2.19054e-06
2.32681e-06
2.40919e-06
2.61103e-06
2.79663e-06
3.14285e-06
3.52697e-06
4.18549e-06
5.03538e-06
6.32231e-06
7.95365e-06
1.02454e-05
1.31723e-05
1.74187e-05
2.25422e-05
3.27291e-05
5.06652e-05
0.000147032
0.000446051
0.00162563
0.0033129
0.0779582
0.0320483
0.00745863
0.000442041
-0.000491188
0.00027589
0.000436527
0.000542123
0.000464965
0.000407406
0.000336726
0.000283971
0.000237481
0.000200917
0.000170872
0.000146356
0.000126051
0.000108966
9.44852e-05
8.18172e-05
7.09645e-05
6.12864e-05
5.29224e-05
4.54845e-05
3.90296e-05
3.33116e-05
2.84071e-05
2.40211e-05
2.03716e-05
1.70795e-05
1.44408e-05
1.21095e-05
1.03047e-05
8.67349e-06
7.42583e-06
6.27874e-06
5.43156e-06
4.60259e-06
4.06852e-06
3.52592e-06
3.24589e-06
2.88946e-06
2.78386e-06
2.46263e-06
2.36241e-06
2.1252e-06
2.10896e-06
1.95568e-06
1.98807e-06
1.88088e-06
1.94039e-06
1.83422e-06
1.9192e-06
1.79173e-06
1.86063e-06
1.74583e-06
1.80131e-06
1.71653e-06
1.81494e-06
1.77455e-06
1.87435e-06
1.78421e-06
1.86707e-06
1.83436e-06
1.91475e-06
1.81949e-06
1.89865e-06
1.81587e-06
1.87608e-06
1.78493e-06
1.82998e-06
1.77693e-06
1.83571e-06
1.73082e-06
1.80219e-06
1.71558e-06
1.8171e-06
1.79698e-06
1.89598e-06
1.93862e-06
2.08665e-06
2.17791e-06
2.40278e-06
2.60327e-06
2.96737e-06
3.404e-06
4.10586e-06
5.00425e-06
6.36036e-06
8.09883e-06
1.05739e-05
1.38026e-05
1.86419e-05
2.48047e-05
3.76093e-05
5.98345e-05
0.0001706
0.000495953
0.0017984
0.00365051
0.0691155
0.0309899
0.00758113
0.000397738
-0.000490659
0.000261849
0.000444297
0.00054942
0.000474089
0.000415223
0.000343718
0.000289812
0.000242448
0.000205055
0.000174379
0.000149384
0.000128637
0.000111188
9.63919e-05
8.34046e-05
7.22626e-05
6.23231e-05
5.37043e-05
4.60366e-05
3.93427e-05
3.33895e-05
2.82784e-05
2.37015e-05
1.98909e-05
1.64739e-05
1.37343e-05
1.13053e-05
9.40338e-06
7.69611e-06
6.40372e-06
5.22135e-06
4.35707e-06
3.51648e-06
2.97677e-06
2.41144e-06
2.10138e-06
1.71597e-06
1.59864e-06
1.26752e-06
1.14974e-06
8.94065e-07
8.84797e-07
7.27786e-07
7.62359e-07
6.40234e-07
6.9402e-07
5.77327e-07
6.47379e-07
5.13947e-07
5.85446e-07
4.78884e-07
5.37552e-07
4.48257e-07
5.56176e-07
5.13301e-07
6.21785e-07
5.29587e-07
6.08275e-07
5.69704e-07
6.50111e-07
5.46997e-07
6.26962e-07
5.51119e-07
6.13217e-07
5.22601e-07
5.714e-07
5.12185e-07
5.73275e-07
4.62394e-07
5.27591e-07
4.38265e-07
5.37336e-07
5.28371e-07
6.33315e-07
6.73868e-07
8.29787e-07
9.30794e-07
1.18058e-06
1.39922e-06
1.77418e-06
2.2229e-06
2.94644e-06
3.83056e-06
5.18443e-06
6.95519e-06
9.52765e-06
1.29642e-05
1.82781e-05
2.53427e-05
4.05226e-05
6.65289e-05
0.000188496
0.000530246
0.00191139
0.00385965
0.0610413
0.0294538
0.00751024
0.000351192
-0.000483364
0.000242408
0.000440818
0.000543561
0.000471692
0.000413116
0.000342579
0.000288958
0.000241961
0.000204762
0.000174249
0.000149405
0.00012876
0.000111357
9.66154e-05
8.36501e-05
7.24983e-05
6.25605e-05
5.39013e-05
4.61915e-05
3.94387e-05
3.34141e-05
2.82449e-05
2.36147e-05
1.97499e-05
1.62822e-05
1.35063e-05
1.10375e-05
9.08673e-06
7.33852e-06
6.03003e-06
4.83227e-06
3.95796e-06
3.10399e-06
2.55833e-06
1.98623e-06
1.67428e-06
1.28449e-06
1.16269e-06
8.40307e-07
7.19808e-07
4.57063e-07
4.5587e-07
2.99242e-07
3.34402e-07
1.97253e-07
2.42404e-07
1.16649e-07
1.71603e-07
3.59578e-08
1.12451e-07
1.54561e-08
8.231e-08
-1.2391e-08
1.02139e-07
5.59299e-08
1.67469e-07
7.42199e-08
1.45999e-07
9.69623e-08
1.8073e-07
7.44871e-08
1.53627e-07
8.43533e-08
1.53721e-07
6.50347e-08
1.18502e-07
4.60123e-08
1.05471e-07
-9.42256e-09
5.5898e-08
-3.09667e-08
6.3179e-08
5.76954e-08
1.68657e-07
2.04391e-07
3.65565e-07
4.7112e-07
7.31202e-07
9.58778e-07
1.33258e-06
1.75045e-06
2.46165e-06
3.33945e-06
4.68315e-06
6.45775e-06
9.07543e-06
1.26409e-05
1.83064e-05
2.60876e-05
4.31735e-05
7.2086e-05
0.00020142
0.000549904
0.00196686
0.00394855
0.0536149
0.0275335
0.00726989
0.000305457
-0.000468936
0.000219447
0.000427324
0.000526005
0.000458844
0.00040196
0.000333922
0.000281841
0.000236285
0.000200148
0.000170504
0.000146359
0.000126308
0.00010934
9.49827e-05
8.23566e-05
7.14577e-05
6.17521e-05
5.32551e-05
4.56779e-05
3.90451e-05
3.31104e-05
2.80231e-05
2.34574e-05
1.96402e-05
1.61948e-05
1.34394e-05
1.09878e-05
9.04516e-06
7.29541e-06
5.99241e-06
4.79251e-06
3.92158e-06
3.05836e-06
2.50698e-06
1.92945e-06
1.61354e-06
1.21513e-06
1.09297e-06
7.9213e-07
6.8679e-07
4.28112e-07
4.32371e-07
2.76263e-07
3.09746e-07
1.60461e-07
1.98611e-07
7.01366e-08
1.1694e-07
-1.7997e-08
6.15608e-08
-2.73985e-08
5.20995e-08
-4.70578e-08
7.01704e-08
1.61954e-08
1.27468e-07
3.55354e-08
1.0143e-07
4.01683e-08
1.29004e-07
2.77568e-08
1.0692e-07
4.04822e-08
1.19325e-07
3.08515e-08
8.7583e-08
-1.29432e-09
5.25942e-08
-6.06066e-08
7.4311e-09
-7.25882e-08
1.49916e-08
4.39485e-09
1.19273e-07
1.51622e-07
3.13579e-07
4.16483e-07
6.66678e-07
8.90357e-07
1.25806e-06
1.65548e-06
2.35747e-06
3.22914e-06
4.55331e-06
6.30497e-06
8.91617e-06
1.25239e-05
1.83934e-05
2.66593e-05
4.50642e-05
7.58589e-05
0.000208513
0.000554616
0.0019667
0.00392522
0.0467292
0.0253019
0.00688088
0.000261951
-0.000447254
0.000194299
0.000404749
0.000497822
0.000436308
0.000382348
0.000318136
0.0002687
0.000225539
0.000191221
0.000163072
0.000140117
0.000121092
0.000104931
9.12534e-05
7.92394e-05
6.88361e-05
5.95643e-05
5.14208e-05
4.41416e-05
3.77921e-05
3.20948e-05
2.72118e-05
2.28078e-05
1.91292e-05
1.57875e-05
1.31132e-05
1.07333e-05
8.85503e-06
7.14891e-06
5.88006e-06
4.69979e-06
3.85757e-06
3.01087e-06
2.46826e-06
1.89229e-06
1.58252e-06
1.18146e-06
1.0592e-06
7.78033e-07
6.96696e-07
4.42734e-07
4.48878e-07
2.83832e-07
3.17102e-07
1.60737e-07
1.93716e-07
6.81854e-08
1.15631e-07
-1.57316e-08
6.07951e-08
-2.54295e-08
6.67743e-08
-3.26814e-08
8.42927e-08
1.74363e-08
1.26486e-07
4.10006e-08
1.05064e-07
3.35146e-08
1.27385e-07
3.78375e-08
1.189e-07
4.9802e-08
1.34261e-07
4.39806e-08
9.98592e-08
-2.3124e-09
4.55515e-08
-6.05645e-08
9.06575e-09
-6.51807e-08
1.63893e-08
-2.94773e-09
1.10703e-07
1.4162e-07
3.01942e-07
4.05799e-07
6.46145e-07
8.56096e-07
1.22077e-06
1.60068e-06
2.2818e-06
3.12506e-06
4.4035e-06
6.09593e-06
8.64015e-06
1.21921e-05
1.80937e-05
2.65768e-05
4.56365e-05
7.7213e-05
0.000209108
0.000544216
0.00191349
0.00379827
0.0402948
0.0228182
0.00636235
0.000221441
-0.000418092
0.00016823
0.000374229
0.000460255
0.000405081
0.00035512
0.000295881
0.000250059
0.000210124
0.000178302
0.0001522
0.00013088
0.000113254
9.82424e-05
8.55138e-05
7.43392e-05
6.46523e-05
5.5999e-05
4.83911e-05
4.15716e-05
3.5646e-05
3.03141e-05
2.57419e-05
2.15894e-05
1.81304e-05
1.49762e-05
1.24448e-05
1.01858e-05
8.41967e-06
6.80216e-06
5.60173e-06
4.46895e-06
3.68046e-06
2.87567e-06
2.35789e-06
1.79762e-06
1.50649e-06
1.11714e-06
9.9698e-07
7.30431e-07
6.75781e-07
4.31496e-07
4.40977e-07
2.68144e-07
3.04896e-07
1.48232e-07
1.78253e-07
5.7527e-08
1.10334e-07
-1.61484e-08
5.115e-08
-4.09795e-08
6.05121e-08
-3.33867e-08
8.15775e-08
5.31474e-10
1.07699e-07
3.41778e-08
1.01161e-07
2.26694e-08
1.21144e-07
4.57701e-08
1.29441e-07
5.24867e-08
1.35814e-07
4.2108e-08
9.56452e-08
-1.46915e-08
3.06363e-08
-6.78067e-08
1.85018e-09
-7.22061e-08
3.91189e-09
-2.34527e-08
8.65107e-08
1.15617e-07
2.73729e-07
3.76344e-07
6.07719e-07
7.98756e-07
1.15382e-06
1.51126e-06
2.15448e-06
2.94355e-06
4.1476e-06
5.74354e-06
8.15965e-06
1.15571e-05
1.73085e-05
2.57226e-05
4.47292e-05
7.59533e-05
0.000203107
0.000519177
0.00181096
0.00357725
0.0342353
0.0201308
0.0057321
0.00018421
-0.000381368
0.000142273
0.000336956
0.000414587
0.00036625
0.00032121
0.000267921
0.000226553
0.000190559
0.000161828
0.000138256
0.000118971
0.000103061
8.94955e-05
7.79627e-05
6.78219e-05
5.90473e-05
5.11845e-05
4.42794e-05
3.80709e-05
3.26859e-05
2.78258e-05
2.36589e-05
1.98466e-05
1.66813e-05
1.37915e-05
1.14647e-05
9.37343e-06
7.76006e-06
6.27236e-06
5.17561e-06
4.12027e-06
3.40426e-06
2.66191e-06
2.18221e-06
1.65136e-06
1.38883e-06
1.02689e-06
9.14246e-07
6.58763e-07
6.28492e-07
4.01623e-07
4.19622e-07
2.46987e-07
2.87042e-07
1.37158e-07
1.6515e-07
4.84325e-08
1.05957e-07
-1.51399e-08
4.03625e-08
-6.39649e-08
4.28883e-08
-4.19344e-08
7.39016e-08
-1.79698e-08
8.77023e-08
2.99733e-08
1.03119e-07
1.98652e-08
1.20191e-07
5.77412e-08
1.4335e-07
5.67162e-08
1.33239e-07
3.71317e-08
8.99448e-08
-2.18209e-08
1.9765e-08
-7.22039e-08
-6.58775e-09
-8.44685e-08
-1.50566e-08
-4.72578e-08
6.01581e-08
8.89665e-08
2.41291e-07
3.38355e-07
5.5744e-07
7.28105e-07
1.06494e-06
1.39195e-06
1.98209e-06
2.69558e-06
3.79958e-06
5.26377e-06
7.49356e-06
1.06436e-05
1.60642e-05
2.41169e-05
4.23554e-05
7.21043e-05
0.000190749
0.000480425
0.00166369
0.00327235
0.0284845
0.0172801
0.00500684
0.000150155
-0.000337296
0.000117141
0.000294052
0.000362043
0.000320887
0.000281546
0.000235026
0.000198827
0.000167381
0.000142252
0.000121627
0.000104725
9.07951e-05
7.89203e-05
6.88066e-05
5.98754e-05
5.21809e-05
4.52647e-05
3.92064e-05
3.37414e-05
2.89949e-05
2.46942e-05
2.10179e-05
1.76308e-05
1.48286e-05
1.22691e-05
1.02073e-05
8.33098e-06
6.90606e-06
5.5829e-06
4.62114e-06
3.67279e-06
3.04385e-06
2.37753e-06
1.94821e-06
1.46058e-06
1.23504e-06
9.12658e-07
8.15523e-07
5.70766e-07
5.61157e-07
3.5799e-07
3.88612e-07
2.24646e-07
2.67094e-07
1.27612e-07
1.5469e-07
4.01742e-08
9.87122e-08
-1.73906e-08
2.90967e-08
-8.84805e-08
2.00825e-08
-5.41469e-08
6.61294e-08
-3.03202e-08
7.32922e-08
3.06982e-08
1.11424e-07
2.44649e-08
1.22129e-07
6.91056e-08
1.56347e-07
6.37981e-08
1.32102e-07
3.59241e-08
8.92241e-08
-1.88147e-08
1.47742e-08
-7.67217e-08
-1.72852e-08
-1.00688e-07
-3.78025e-08
-7.13457e-08
3.38953e-08
6.31844e-08
2.08793e-07
2.96708e-07
4.99365e-07
6.49729e-07
9.60206e-07
1.24633e-06
1.77072e-06
2.3917e-06
3.37258e-06
4.67266e-06
6.66223e-06
9.48022e-06
1.43999e-05
2.1804e-05
3.8585e-05
6.57933e-05
0.000172476
0.000429191
0.00147678
0.00289418
0.0229834
0.0143001
0.00420241
0.00011893
-0.000286406
9.32383e-05
0.000246558
0.000303779
0.000270038
0.000237035
0.00019796
0.000167521
0.000141135
0.000120031
0.000102703
8.84724e-05
7.67483e-05
6.67595e-05
5.82578e-05
5.06992e-05
4.42237e-05
3.83878e-05
3.32941e-05
2.86798e-05
2.46578e-05
2.09908e-05
1.78809e-05
1.49961e-05
1.26219e-05
1.04461e-05
8.70558e-06
7.09036e-06
5.88517e-06
4.75388e-06
3.95204e-06
3.13625e-06
2.60783e-06
2.02677e-06
1.66145e-06
1.23051e-06
1.04974e-06
7.72826e-07
7.01026e-07
4.70975e-07
4.80161e-07
3.03749e-07
3.48397e-07
1.97595e-07
2.4158e-07
1.14153e-07
1.43163e-07
2.93409e-08
8.4909e-08
-2.72052e-08
1.65383e-08
-1.09273e-07
-1.71688e-09
-6.80123e-08
5.80613e-08
-3.65447e-08
6.34293e-08
3.06042e-08
1.19118e-07
2.99365e-08
1.21442e-07
7.3594e-08
1.63351e-07
7.30115e-08
1.35934e-07
4.00688e-08
9.23599e-08
-9.75956e-09
1.22652e-08
-8.64204e-08
-3.41984e-08
-1.20387e-07
-6.27499e-08
-9.61843e-08
8.33326e-09
3.90218e-08
1.77668e-07
2.52821e-07
4.34352e-07
5.62093e-07
8.40041e-07
1.07394e-06
1.52182e-06
2.03751e-06
2.87444e-06
3.98198e-06
5.68344e-06
8.09437e-06
1.23599e-05
1.8845e-05
3.35333e-05
5.7233e-05
0.000148899
0.000366956
0.00125576
0.00245364
0.0176794
0.0112199
0.003334
9.00689e-05
-0.000229513
7.07112e-05
0.000195439
0.000240906
0.000214729
0.000188579
0.000157488
0.00013328
0.000112375
9.56282e-05
8.18851e-05
7.05573e-05
6.12274e-05
5.32794e-05
4.6544e-05
4.05034e-05
3.536e-05
3.07101e-05
2.66729e-05
2.29916e-05
1.97692e-05
1.68026e-05
1.43254e-05
1.20084e-05
1.01205e-05
8.36963e-06
6.9967e-06
5.68418e-06
4.72622e-06
3.80793e-06
3.18409e-06
2.51953e-06
2.10501e-06
1.61788e-06
1.33161e-06
9.69439e-07
8.40215e-07
6.08392e-07
5.71216e-07
3.63167e-07
3.92269e-07
2.42288e-07
2.99029e-07
1.62423e-07
2.09189e-07
9.50392e-08
1.30327e-07
1.69123e-08
6.68039e-08
-4.23812e-08
5.64887e-09
-1.21509e-07
-1.72289e-08
-8.03336e-08
4.92754e-08
-3.82939e-08
5.61726e-08
2.53431e-08
1.2174e-07
3.35331e-08
1.19008e-07
7.17499e-08
1.65138e-07
8.43888e-08
1.46676e-07
4.96723e-08
9.6194e-08
-9.50654e-10
9.75947e-09
-1.01619e-07
-5.63359e-08
-1.40023e-07
-8.45535e-08
-1.18554e-07
-1.50774e-08
1.6822e-08
1.4772e-07
2.06759e-07
3.63102e-07
4.6292e-07
7.04041e-07
8.76199e-07
1.23847e-06
1.64027e-06
2.31535e-06
3.20634e-06
4.57953e-06
6.5193e-06
9.99807e-06
1.5322e-05
2.73616e-05
4.67154e-05
0.000120779
0.000295419
0.00100645
0.00196181
0.0125244
0.00806528
0.00241629
6.30519e-05
-0.000167673
4.9487e-05
0.000141588
0.000174496
0.000155972
0.000137066
0.000114375
9.67552e-05
8.16519e-05
6.9519e-05
5.95843e-05
5.13345e-05
4.4551e-05
3.87658e-05
3.39104e-05
2.95028e-05
2.57828e-05
2.23973e-05
1.94827e-05
1.67963e-05
1.4437e-05
1.22315e-05
1.04432e-05
8.74532e-06
7.39106e-06
6.09465e-06
5.12198e-06
4.14615e-06
3.45961e-06
2.77112e-06
2.33649e-06
1.83403e-06
1.54586e-06
1.16333e-06
9.7047e-07
6.86345e-07
6.13874e-07
4.23501e-07
4.27671e-07
2.49923e-07
3.0155e-07
1.76529e-07
2.41583e-07
1.19277e-07
1.72075e-07
7.2523e-08
1.18349e-07
6.65553e-09
5.04384e-08
-5.78892e-08
-9.27871e-10
-1.23792e-07
-2.5226e-08
-8.9707e-08
3.86608e-08
-3.87223e-08
5.02031e-08
1.43566e-08
1.19327e-07
3.69265e-08
1.20111e-07
6.93174e-08
1.65243e-07
9.75511e-08
1.62372e-07
6.23906e-08
9.7411e-08
1.71069e-09
6.03078e-09
-1.18577e-07
-7.90885e-08
-1.55975e-07
-9.91589e-08
-1.35696e-07
-3.69669e-08
-5.11417e-09
1.16625e-07
1.57194e-07
2.86025e-07
3.51398e-07
5.52206e-07
6.5726e-07
9.26942e-07
1.20963e-06
1.70911e-06
2.36358e-06
3.37679e-06
4.79366e-06
7.37593e-06
1.1336e-05
2.02722e-05
3.46001e-05
8.90015e-05
0.000216457
0.000734923
0.00142996
0.00747353
0.00485921
0.00146362
3.73469e-05
-0.000102142
2.93207e-05
8.58343e-05
0.000105594
9.47598e-05
8.33761e-05
6.93781e-05
5.85999e-05
4.95227e-05
4.21841e-05
3.62167e-05
3.11718e-05
2.70464e-05
2.35151e-05
2.06157e-05
1.79164e-05
1.56902e-05
1.36239e-05
1.18737e-05
1.02265e-05
8.78176e-06
7.38943e-06
6.33307e-06
5.28987e-06
4.50135e-06
3.67965e-06
3.126e-06
2.51121e-06
2.1156e-06
1.67022e-06
1.4305e-06
1.09468e-06
9.42819e-07
6.77202e-07
5.88377e-07
3.87828e-07
3.7582e-07
2.24461e-07
2.73364e-07
1.32404e-07
2.08144e-07
1.07979e-07
1.7847e-07
7.14644e-08
1.34069e-07
4.98019e-08
1.08921e-07
9.86744e-10
4.04031e-08
-7.0428e-08
-4.43374e-09
-1.19639e-07
-2.94225e-08
-9.80888e-08
2.48605e-08
-4.10469e-08
4.51089e-08
8.87124e-10
1.14979e-07
4.34281e-08
1.29079e-07
7.23779e-08
1.66597e-07
1.10241e-07
1.77404e-07
7.38701e-08
9.41431e-08
-4.33964e-09
6.58605e-10
-1.32319e-07
-9.76304e-08
-1.67238e-07
-1.07573e-07
-1.47957e-07
-5.9869e-08
-3.02756e-08
8.10351e-08
1.02236e-07
2.03032e-07
2.28782e-07
3.8548e-07
4.22974e-07
5.96189e-07
7.56122e-07
1.0712e-06
1.47295e-06
2.10258e-06
2.95875e-06
4.56043e-06
7.00298e-06
1.25012e-05
2.13006e-05
5.45466e-05
0.000132091
0.000447411
0.000869469
0.00248427
0.00162297
0.000490062
1.24226e-05
-3.43332e-05
9.8424e-06
2.89549e-05
3.52132e-05
3.20761e-05
2.83768e-05
2.32517e-05
1.94693e-05
1.65445e-05
1.41105e-05
1.22021e-05
1.04453e-05
9.04702e-06
7.82593e-06
6.92715e-06
5.96966e-06
5.28292e-06
4.57192e-06
4.00765e-06
3.42705e-06
2.93396e-06
2.39279e-06
2.09375e-06
1.7233e-06
1.51722e-06
1.18339e-06
1.05573e-06
8.15173e-07
7.2281e-07
5.30049e-07
4.884e-07
3.20509e-07
3.11e-07
1.73014e-07
1.92938e-07
7.77265e-08
1.2894e-07
1.83094e-08
1.12753e-07
1.13996e-08
1.10121e-07
3.71156e-08
1.13519e-07
2.40631e-08
9.86746e-08
2.85191e-08
1.01583e-07
-1.22368e-09
3.65721e-08
-8.03728e-08
-9.47625e-09
-1.15382e-07
-3.54778e-08
-1.09012e-07
7.2029e-09
-4.68072e-08
4.14985e-08
-9.72417e-09
1.12327e-07
5.45045e-08
1.45567e-07
8.28882e-08
1.69548e-07
1.18971e-07
1.85454e-07
7.99727e-08
8.70432e-08
-1.68647e-08
-5.6838e-09
-1.3947e-07
-1.09077e-07
-1.75259e-07
-1.14676e-07
-1.58139e-07
-8.58658e-08
-6.188e-08
3.82936e-08
4.08121e-08
1.14358e-07
9.85483e-08
2.06897e-07
1.7977e-07
2.56624e-07
2.90006e-07
4.16326e-07
5.53736e-07
7.83825e-07
1.05691e-06
1.62322e-06
2.45138e-06
4.30986e-06
7.2713e-06
1.8459e-05
4.44464e-05
0.000150263
0.000291763
-0.00248459
-0.00162321
-0.000490437
-1.2246e-05
3.42466e-05
-9.39432e-06
-2.83038e-05
-3.5653e-05
-3.11023e-05
-2.70671e-05
-2.32532e-05
-1.99834e-05
-1.67217e-05
-1.42103e-05
-1.20361e-05
-1.04649e-05
-9.1095e-06
-8.00393e-06
-6.88682e-06
-6.10277e-06
-5.23428e-06
-4.57217e-06
-3.94415e-06
-3.44949e-06
-2.97141e-06
-2.64325e-06
-2.18032e-06
-1.87801e-06
-1.49851e-06
-1.33691e-06
-1.04073e-06
-9.05596e-07
-6.91055e-07
-6.26451e-07
-4.66405e-07
-4.65795e-07
-3.31765e-07
-3.37016e-07
-2.10032e-07
-2.41068e-07
-1.24345e-07
-1.88614e-07
-4.8917e-08
-1.11101e-07
6.61076e-09
-3.50413e-08
5.12216e-08
-1.81817e-08
6.7942e-08
7.98265e-09
9.34825e-08
-4.11513e-09
3.41753e-08
-9.06589e-08
-2.08666e-08
-1.16349e-07
-4.67161e-08
-1.2421e-07
-1.3135e-08
-5.47622e-08
4.07341e-08
-1.2825e-08
1.13688e-07
6.82825e-08
1.6452e-07
9.80124e-08
1.72292e-07
1.20957e-07
1.82923e-07
7.91024e-08
7.90262e-08
-3.01024e-08
-1.11642e-08
-1.39536e-07
-1.1334e-07
-1.81914e-07
-1.25712e-07
-1.69842e-07
-1.14797e-07
-1.0068e-07
-1.20201e-08
-2.60315e-08
2.18043e-08
-3.39474e-08
2.23327e-08
-6.592e-08
-8.18666e-08
-1.78875e-07
-2.42906e-07
-3.75151e-07
-5.52306e-07
-8.68844e-07
-1.35926e-06
-2.1806e-06
-4.02474e-06
-7.00672e-06
-1.81788e-05
-4.42936e-05
-0.000150107
-0.000291682
-0.00747382
-0.00485944
-0.00146399
-3.71781e-05
0.000102055
-2.88646e-05
-8.52016e-05
-0.000106024
-9.3799e-05
-8.20901e-05
-6.9385e-05
-5.91079e-05
-4.97111e-05
-4.22845e-05
-3.6069e-05
-3.11801e-05
-2.70856e-05
-2.36783e-05
-2.0562e-05
-1.80595e-05
-1.5652e-05
-1.36211e-05
-1.18072e-05
-1.02481e-05
-8.80141e-06
-7.60933e-06
-6.39957e-06
-5.44143e-06
-4.48469e-06
-3.82583e-06
-3.11475e-06
-2.61293e-06
-2.09641e-06
-1.77553e-06
-1.40956e-06
-1.24e-06
-9.66425e-07
-8.41904e-07
-6.14408e-07
-5.641e-07
-3.79952e-07
-3.91061e-07
-2.06694e-07
-2.30979e-07
-9.94021e-08
-1.06483e-07
-4.44952e-09
-5.28213e-08
4.17743e-08
-1.40788e-08
8.05145e-08
-1.26875e-08
2.75068e-08
-1.03968e-07
-3.99785e-08
-1.23764e-07
-6.18715e-08
-1.41592e-07
-3.30967e-08
-6.19526e-08
4.41455e-08
-6.72446e-09
1.19385e-07
8.10384e-08
1.79299e-07
1.12568e-07
1.72828e-07
1.15773e-07
1.70606e-07
7.29308e-08
7.38628e-08
-3.80037e-08
-1.35944e-08
-1.34353e-07
-1.1282e-07
-1.8823e-07
-1.42967e-07
-1.85606e-07
-1.44172e-07
-1.43698e-07
-6.75614e-08
-9.50625e-08
-7.07251e-08
-1.62698e-07
-1.60327e-07
-3.0767e-07
-4.11803e-07
-6.40776e-07
-8.95279e-07
-1.29527e-06
-1.877e-06
-2.77486e-06
-4.30681e-06
-6.74879e-06
-1.22209e-05
-2.10421e-05
-5.42729e-05
-0.000131927
-0.000447261
-0.000869382
-0.0125247
-0.00806549
-0.00241665
-6.28938e-05
0.000167583
-4.90222e-05
-0.000140983
-0.000174914
-0.000155034
-0.000135823
-0.000114389
-9.72549e-05
-8.18558e-05
-6.96188e-05
-5.94639e-05
-5.13273e-05
-4.45503e-05
-3.89029e-05
-3.38402e-05
-2.96587e-05
-2.57584e-05
-2.239e-05
-1.94127e-05
-1.6819e-05
-1.44301e-05
-1.24033e-05
-1.04776e-05
-8.89412e-06
-7.37904e-06
-6.22878e-06
-5.11712e-06
-4.26535e-06
-3.45921e-06
-2.89031e-06
-2.31689e-06
-1.97958e-06
-1.57495e-06
-1.33116e-06
-1.01158e-06
-8.83287e-07
-6.30785e-07
-5.84273e-07
-3.56869e-07
-3.43131e-07
-2.01502e-07
-1.74721e-07
-5.20293e-08
-8.0964e-08
1.77259e-08
-4.00728e-08
5.9173e-08
-2.9629e-08
1.33588e-08
-1.20349e-07
-6.37564e-08
-1.34734e-07
-7.63292e-08
-1.56365e-07
-4.90607e-08
-6.63163e-08
5.16456e-08
6.52083e-09
1.27818e-07
8.96762e-08
1.85257e-07
1.22229e-07
1.70536e-07
1.05659e-07
1.53047e-07
6.52755e-08
7.44886e-08
-3.72612e-08
-1.191e-08
-1.26868e-07
-1.11347e-07
-1.94423e-07
-1.64542e-07
-2.05398e-07
-1.70526e-07
-1.85002e-07
-1.2375e-07
-1.62393e-07
-1.58254e-07
-2.82618e-07
-3.33582e-07
-5.39042e-07
-7.28689e-07
-1.08635e-06
-1.52894e-06
-2.18884e-06
-3.15958e-06
-4.61661e-06
-7.13859e-06
-1.11084e-05
-2.00029e-05
-3.4352e-05
-8.87419e-05
-0.000216277
-0.00073478
-0.00142987
-0.0176796
-0.0112201
-0.00333435
-8.99215e-05
0.00022942
-7.02475e-05
-0.000194861
-0.000241317
-0.000213821
-0.00018739
-0.000157506
-0.000133773
-0.000112588
-9.57241e-05
-8.17893e-05
-7.05407e-05
-6.11826e-05
-5.3387e-05
-4.64666e-05
-4.06651e-05
-3.53437e-05
-3.0699e-05
-2.66025e-05
-2.30226e-05
-1.97402e-05
-1.69286e-05
-1.43286e-05
-1.21593e-05
-1.01156e-05
-8.49075e-06
-6.99847e-06
-5.81895e-06
-4.74148e-06
-3.94117e-06
-3.16639e-06
-2.66643e-06
-2.14167e-06
-1.79337e-06
-1.38925e-06
-1.18628e-06
-8.66868e-07
-7.63201e-07
-4.97089e-07
-4.43506e-07
-2.92387e-07
-2.37781e-07
-9.4047e-08
-1.07058e-07
-7.84504e-09
-7.05044e-08
2.90033e-08
-5.42779e-08
-6.82585e-09
-1.36981e-07
-8.65755e-08
-1.45074e-07
-8.55378e-08
-1.64213e-07
-5.86965e-08
-6.85446e-08
6.04793e-08
2.19721e-08
1.35968e-07
9.29582e-08
1.81633e-07
1.25255e-07
1.66442e-07
9.45197e-08
1.36451e-07
6.01065e-08
8.17883e-08
-2.85346e-08
-7.41095e-09
-1.20191e-07
-1.126e-07
-2.00677e-07
-1.85679e-07
-2.2633e-07
-1.91337e-07
-2.18565e-07
-1.75175e-07
-2.25401e-07
-2.37019e-07
-3.90508e-07
-4.92735e-07
-7.54223e-07
-1.02964e-06
-1.50775e-06
-2.13012e-06
-3.03852e-06
-4.36945e-06
-6.34902e-06
-9.77711e-06
-1.51215e-05
-2.71094e-05
-4.64805e-05
-0.00012054
-0.000295232
-0.00100631
-0.0019617
-0.0229836
-0.0143002
-0.00420275
-0.000118796
0.000286309
-9.27922e-05
-0.000246002
-0.000304193
-0.000269163
-0.000235908
-0.000197975
-0.000168008
-0.000141347
-0.00012012
-0.000102623
-8.84604e-05
-7.66704e-05
-6.68462e-05
-5.81882e-05
-5.08531e-05
-4.42056e-05
-3.83748e-05
-3.32294e-05
-2.87305e-05
-2.46222e-05
-2.10898e-05
-1.78655e-05
-1.51554e-05
-1.26247e-05
-1.05566e-05
-8.71138e-06
-7.23139e-06
-5.90571e-06
-4.899e-06
-3.93975e-06
-3.28699e-06
-2.65259e-06
-2.21461e-06
-1.73191e-06
-1.4579e-06
-1.07681e-06
-9.22077e-07
-6.25408e-07
-5.30693e-07
-3.67035e-07
-2.94971e-07
-1.35059e-07
-1.36299e-07
-3.6743e-08
-1.02833e-07
-6.55099e-09
-8.3097e-08
-2.77077e-08
-1.49289e-07
-1.02885e-07
-1.51835e-07
-8.77574e-08
-1.63638e-07
-6.19082e-08
-7.14478e-08
6.56018e-08
3.37989e-08
1.40535e-07
9.14739e-08
1.71293e-07
1.22605e-07
1.62619e-07
8.65854e-08
1.26405e-07
5.98724e-08
9.40542e-08
-1.56545e-08
-3.51831e-09
-1.16977e-07
-1.18464e-07
-2.07439e-07
-2.01729e-07
-2.43882e-07
-2.06087e-07
-2.41608e-07
-2.17419e-07
-2.83201e-07
-3.06388e-07
-4.85018e-07
-6.3625e-07
-9.49192e-07
-1.31091e-06
-1.89919e-06
-2.68428e-06
-3.82645e-06
-5.47914e-06
-7.92813e-06
-1.21514e-05
-1.8665e-05
-3.33017e-05
-5.70152e-05
-0.000148686
-0.000366774
-0.00125562
-0.00245353
-0.0284846
-0.0172803
-0.00500716
-0.000150039
0.000337194
-0.000116727
-0.000293517
-0.000362465
-0.000320051
-0.000280484
-0.000235034
-0.000199306
-0.00016758
-0.000142336
-0.000121555
-0.000104731
-9.07048e-05
-7.90046e-05
-6.8755e-05
-6.00086e-05
-5.21523e-05
-4.52514e-05
-3.91532e-05
-3.38216e-05
-2.89707e-05
-2.47905e-05
-2.10006e-05
-1.78004e-05
-1.48372e-05
-1.23741e-05
-1.02138e-05
-8.4673e-06
-6.92039e-06
-5.73817e-06
-4.62125e-06
-3.82936e-06
-3.0935e-06
-2.57803e-06
-2.02339e-06
-1.68378e-06
-1.25054e-06
-1.05498e-06
-7.39538e-07
-6.06011e-07
-4.24722e-07
-3.45967e-07
-1.78004e-07
-1.70905e-07
-6.74975e-08
-1.31487e-07
-4.09106e-08
-1.10568e-07
-4.32705e-08
-1.52767e-07
-1.09775e-07
-1.54576e-07
-8.4919e-08
-1.56642e-07
-6.09597e-08
-7.77308e-08
6.20098e-08
3.7481e-08
1.394e-07
8.74222e-08
1.59203e-07
1.17113e-07
1.60823e-07
8.46952e-08
1.25639e-07
6.42776e-08
1.06916e-07
-3.80905e-09
-4.10706e-09
-1.19159e-07
-1.28532e-07
-2.14755e-07
-2.10759e-07
-2.54366e-07
-2.15892e-07
-2.56059e-07
-2.48768e-07
-3.35279e-07
-3.68887e-07
-5.66408e-07
-7.63894e-07
-1.12275e-06
-1.56678e-06
-2.25586e-06
-3.17925e-06
-4.53369e-06
-6.46613e-06
-9.31501e-06
-1.41986e-05
-2.16375e-05
-3.83715e-05
-6.5598e-05
-0.000172287
-0.000429022
-0.00147665
-0.00289408
-0.0342355
-0.020131
-0.00573237
-0.000184115
0.000381268
-0.000141894
-0.000336447
-0.000415012
-0.000365461
-0.000320217
-0.000267923
-0.000227017
-0.000190747
-0.000161912
-0.000138191
-0.000119
-0.000102979
-8.95969e-05
-7.79266e-05
-6.79293e-05
-5.90051e-05
-5.11719e-05
-4.42385e-05
-3.81779e-05
-3.2683e-05
-2.79361e-05
-2.36515e-05
-2.00202e-05
-1.66924e-05
-1.38983e-05
-1.14713e-05
-9.50028e-06
-7.76257e-06
-6.43697e-06
-5.19477e-06
-4.28001e-06
-3.4496e-06
-2.86688e-06
-2.25142e-06
-1.8554e-06
-1.3832e-06
-1.15811e-06
-8.37465e-07
-6.72609e-07
-4.68915e-07
-3.90471e-07
-2.21719e-07
-2.08277e-07
-9.6183e-08
-1.50373e-07
-6.6955e-08
-1.3228e-07
-5.14263e-08
-1.47061e-07
-1.08955e-07
-1.5587e-07
-8.23333e-08
-1.48434e-07
-6.02615e-08
-8.86004e-08
4.71646e-08
3.1989e-08
1.32455e-07
8.32771e-08
1.49475e-07
1.11291e-07
1.60189e-07
8.77942e-08
1.31716e-07
6.96056e-08
1.13818e-07
1.80552e-09
-1.19557e-08
-1.27697e-07
-1.41274e-07
-2.22287e-07
-2.14505e-07
-2.57747e-07
-2.22883e-07
-2.67376e-07
-2.71682e-07
-3.80615e-07
-4.2846e-07
-6.37368e-07
-8.75238e-07
-1.27609e-06
-1.79128e-06
-2.57184e-06
-3.60789e-06
-5.14244e-06
-7.31229e-06
-1.04799e-05
-1.58655e-05
-2.39607e-05
-4.21522e-05
-7.19355e-05
-0.00019058
-0.000480267
-0.00166356
-0.00327226
-0.0402949
-0.0228183
-0.00636255
-0.000221363
0.000418005
-0.000167875
-0.000373756
-0.000460667
-0.00040435
-0.000354194
-0.00029588
-0.000250498
-0.000210313
-0.000178396
-0.000152142
-0.000130925
-0.000113194
-9.83699e-05
-8.54797e-05
-7.44254e-05
-6.45988e-05
-5.59882e-05
-4.83546e-05
-4.16838e-05
-3.56598e-05
-3.044e-05
-2.57465e-05
-2.17561e-05
-1.81417e-05
-1.50918e-05
-1.24548e-05
-1.03081e-05
-8.41404e-06
-6.97465e-06
-5.64063e-06
-4.62272e-06
-3.70745e-06
-3.06902e-06
-2.41087e-06
-1.97245e-06
-1.47713e-06
-1.23173e-06
-9.17775e-07
-7.33698e-07
-5.05105e-07
-4.27625e-07
-2.6109e-07
-2.41949e-07
-1.18635e-07
-1.57177e-07
-8.10071e-08
-1.4842e-07
-5.77843e-08
-1.37427e-07
-1.06438e-07
-1.61185e-07
-8.73554e-08
-1.46141e-07
-6.51944e-08
-1.03518e-07
2.35492e-08
1.85602e-08
1.20466e-07
7.89037e-08
1.41549e-07
1.04452e-07
1.56181e-07
9.02725e-08
1.37896e-07
7.02486e-08
1.08033e-07
-2.84491e-09
-2.77161e-08
-1.43008e-07
-1.55545e-07
-2.29305e-07
-2.16778e-07
-2.58501e-07
-2.29968e-07
-2.81293e-07
-2.92457e-07
-4.18658e-07
-4.875e-07
-7.02754e-07
-9.69322e-07
-1.40925e-06
-1.97969e-06
-2.83816e-06
-3.96595e-06
-5.63849e-06
-7.99993e-06
-1.14008e-05
-1.71095e-05
-2.55768e-05
-4.45289e-05
-7.58095e-05
-0.000202953
-0.000519022
-0.00181085
-0.00357717
-0.0467293
-0.025302
-0.006881
-0.00026188
0.000447193
-0.00019395
-0.000404322
-0.000498203
-0.000435647
-0.000381489
-0.000318134
-0.000269106
-0.000225741
-0.000191339
-0.000163026
-0.00014017
-0.000121059
-0.000105078
-9.12062e-05
-7.9314e-05
-6.87745e-05
-5.95561e-05
-5.13745e-05
-4.42273e-05
-3.78039e-05
-3.22225e-05
-2.72221e-05
-2.29584e-05
-1.91413e-05
-1.59153e-05
-1.31305e-05
-1.08614e-05
-8.85101e-06
-7.32538e-06
-5.9322e-06
-4.83735e-06
-3.85436e-06
-3.17599e-06
-2.49937e-06
-2.0369e-06
-1.53556e-06
-1.27591e-06
-9.74559e-07
-7.8491e-07
-5.32775e-07
-4.5108e-07
-2.85055e-07
-2.60769e-07
-1.30144e-07
-1.52876e-07
-8.47944e-08
-1.58555e-07
-6.69379e-08
-1.30895e-07
-1.05412e-07
-1.70133e-07
-9.96533e-08
-1.50032e-07
-7.32025e-08
-1.16021e-07
-1.18868e-09
4.56686e-09
1.08244e-07
7.56452e-08
1.35643e-07
9.82007e-08
1.48681e-07
8.96061e-08
1.40483e-07
6.57831e-08
9.10588e-08
-1.49176e-08
-4.57723e-08
-1.59649e-07
-1.67475e-07
-2.32311e-07
-2.16761e-07
-2.58611e-07
-2.36364e-07
-2.96553e-07
-3.1337e-07
-4.46438e-07
-5.40615e-07
-7.62035e-07
-1.04127e-06
-1.514e-06
-2.1243e-06
-3.03937e-06
-4.24191e-06
-6.00622e-06
-8.50329e-06
-1.20517e-05
-1.78956e-05
-2.64401e-05
-4.54374e-05
-7.70861e-05
-0.000208964
-0.00054406
-0.0019134
-0.00379821
-0.0536149
-0.0275336
-0.00726992
-0.000305387
0.000468913
-0.000219091
-0.00042695
-0.00052634
-0.000458261
-0.000401175
-0.000333917
-0.000282209
-0.000236499
-0.000200299
-0.000170471
-0.000146415
-0.000126304
-0.000109491
-9.49172e-05
-8.24261e-05
-7.13867e-05
-6.1747e-05
-5.31879e-05
-4.5715e-05
-3.90327e-05
-3.3219e-05
-2.80268e-05
-2.35889e-05
-1.96554e-05
-1.63326e-05
-1.34649e-05
-1.11293e-05
-9.05041e-06
-7.4685e-06
-6.04835e-06
-4.91094e-06
-3.88683e-06
-3.18837e-06
-2.51901e-06
-2.05187e-06
-1.5601e-06
-1.28918e-06
-9.98356e-07
-8.13079e-07
-5.42619e-07
-4.4966e-07
-2.80574e-07
-2.51798e-07
-1.23131e-07
-1.357e-07
-7.2664e-08
-1.56873e-07
-7.27643e-08
-1.23071e-07
-9.67757e-08
-1.68966e-07
-1.03685e-07
-1.47057e-07
-7.09817e-08
-1.11363e-07
-1.02887e-08
2.8795e-09
1.07777e-07
8.09602e-08
1.3812e-07
1.00131e-07
1.47669e-07
9.36204e-08
1.47127e-07
6.75772e-08
7.70134e-08
-2.05467e-08
-5.19852e-08
-1.633e-07
-1.65656e-07
-2.20404e-07
-2.03482e-07
-2.49641e-07
-2.33063e-07
-3.00369e-07
-3.26387e-07
-4.58038e-07
-5.74579e-07
-8.0815e-07
-1.08659e-06
-1.57853e-06
-2.21719e-06
-3.16162e-06
-4.41908e-06
-6.23193e-06
-8.7964e-06
-1.24046e-05
-1.82035e-05
-2.65271e-05
-4.48711e-05
-7.57369e-05
-0.000208377
-0.000554467
-0.00196663
-0.00392517
-0.0610413
-0.0294538
-0.00751021
-0.000351128
0.000483385
-0.000242051
-0.000440492
-0.000543842
-0.000471193
-0.000412419
-0.000342574
-0.000289286
-0.000242172
-0.000204949
-0.000174229
-0.000149469
-0.000128788
-0.0001115
-9.65423e-05
-8.37149e-05
-7.24109e-05
-6.25597e-05
-5.38129e-05
-4.61831e-05
-3.9391e-05
-3.34876e-05
-2.82303e-05
-2.37287e-05
-1.97668e-05
-1.64232e-05
-1.35379e-05
-1.11939e-05
-9.10057e-06
-7.49723e-06
-6.08052e-06
-4.93848e-06
-3.90472e-06
-3.20481e-06
-2.55997e-06
-2.10012e-06
-1.62359e-06
-1.33862e-06
-1.05029e-06
-8.74084e-07
-5.92539e-07
-4.84254e-07
-3.06996e-07
-2.76479e-07
-1.60655e-07
-1.69947e-07
-1.12752e-07
-2.02906e-07
-1.31758e-07
-1.70263e-07
-1.33683e-07
-2.06716e-07
-1.48038e-07
-1.89795e-07
-1.14922e-07
-1.46565e-07
-6.04321e-08
-4.61144e-08
5.72811e-08
3.39113e-08
8.67459e-08
4.96294e-08
9.68503e-08
4.57321e-08
1.0015e-07
1.9869e-08
1.37751e-08
-7.74432e-08
-1.04729e-07
-2.08811e-07
-2.06935e-07
-2.52096e-07
-2.32882e-07
-2.86544e-07
-2.7646e-07
-3.46351e-07
-3.84215e-07
-5.16776e-07
-6.46491e-07
-8.97495e-07
-1.17401e-06
-1.67222e-06
-2.33737e-06
-3.29093e-06
-4.57546e-06
-6.40282e-06
-8.96517e-06
-1.25405e-05
-1.81371e-05
-2.59554e-05
-4.29919e-05
-7.19597e-05
-0.000201291
-0.000549776
-0.00196679
-0.00394851
-0.0691154
-0.0309899
-0.00758105
-0.000397692
0.000490716
-0.000261508
-0.000444005
-0.000549646
-0.000473671
-0.000414627
-0.00034372
-0.000290094
-0.000242645
-0.000205267
-0.000174368
-0.000149464
-0.000128692
-0.000111326
-9.63311e-05
-8.34648e-05
-7.21548e-05
-6.23282e-05
-5.36052e-05
-4.60053e-05
-3.92666e-05
-3.34266e-05
-2.82444e-05
-2.38002e-05
-1.98993e-05
-1.66064e-05
-1.37655e-05
-1.14713e-05
-9.41885e-06
-7.8297e-06
-6.43984e-06
-5.32238e-06
-4.30274e-06
-3.60754e-06
-2.98242e-06
-2.52604e-06
-2.05558e-06
-1.75195e-06
-1.46537e-06
-1.30527e-06
-1.03204e-06
-9.19878e-07
-7.45492e-07
-7.15508e-07
-6.20896e-07
-6.32049e-07
-5.79632e-07
-6.68246e-07
-6.10083e-07
-6.40719e-07
-5.85591e-07
-6.5214e-07
-6.01843e-07
-6.48622e-07
-5.78861e-07
-5.98267e-07
-5.252e-07
-5.16821e-07
-4.18804e-07
-4.37291e-07
-3.88797e-07
-4.25128e-07
-3.7579e-07
-4.24943e-07
-3.73785e-07
-4.50707e-07
-4.67512e-07
-5.54207e-07
-5.74498e-07
-6.67607e-07
-6.63178e-07
-7.03302e-07
-6.80065e-07
-7.38978e-07
-7.38472e-07
-8.05235e-07
-8.48297e-07
-9.76568e-07
-1.1013e-06
-1.35672e-06
-1.63337e-06
-2.13982e-06
-2.83156e-06
-3.80282e-06
-5.09596e-06
-6.916e-06
-9.42492e-06
-1.28766e-05
-1.81416e-05
-2.5211e-05
-4.03545e-05
-6.6398e-05
-0.000188372
-0.00053015
-0.00191131
-0.00385962
-0.0779582
-0.0320483
-0.00745853
-0.000442022
0.000491267
-0.000275582
-0.000436257
-0.0005423
-0.000464621
-0.000406916
-0.00033674
-0.0002842
-0.000237661
-0.000201135
-0.000170873
-0.000146458
-0.000126119
-0.000109109
-9.44489e-05
-8.18781e-05
-7.08446e-05
-6.12952e-05
-5.2827e-05
-4.5455e-05
-3.89457e-05
-3.33267e-05
-2.83642e-05
-2.41004e-05
-2.03554e-05
-1.71951e-05
-1.44618e-05
-1.22735e-05
-1.03186e-05
-8.78252e-06
-7.44276e-06
-6.37201e-06
-5.38557e-06
-4.69857e-06
-4.08104e-06
-3.63647e-06
-3.20436e-06
-2.91161e-06
-2.63446e-06
-2.49575e-06
-2.2474e-06
-2.1455e-06
-1.9882e-06
-1.96048e-06
-1.88817e-06
-1.90252e-06
-1.84752e-06
-1.93163e-06
-1.88164e-06
-1.90955e-06
-1.83651e-06
-1.89257e-06
-1.85275e-06
-1.90741e-06
-1.84595e-06
-1.85198e-06
-1.78589e-06
-1.78865e-06
-1.70022e-06
-1.71231e-06
-1.66592e-06
-1.70414e-06
-1.65556e-06
-1.70076e-06
-1.65583e-06
-1.72601e-06
-1.74692e-06
-1.82596e-06
-1.84005e-06
-1.92279e-06
-1.91492e-06
-1.95549e-06
-1.92981e-06
-1.98603e-06
-1.99765e-06
-2.06126e-06
-2.09822e-06
-2.21752e-06
-2.32798e-06
-2.56799e-06
-2.84702e-06
-3.32167e-06
-3.99886e-06
-4.99544e-06
-6.28361e-06
-8.06792e-06
-1.04834e-05
-1.37249e-05
-1.85434e-05
-2.46817e-05
-3.7454e-05
-5.97078e-05
-0.000170476
-0.00049589
-0.00179832
-0.00365047
-0.0876662
-0.0325017
-0.00711387
-0.00047769
0.000486707
-0.000280403
-0.000414368
-0.000518634
-0.000441281
-0.000386692
-0.000319286
-0.000269416
-0.000225174
-0.000190611
-0.000161873
-0.00013863
-0.000119274
-0.000103082
-8.91369e-05
-7.72031e-05
-6.67304e-05
-5.76899e-05
-4.96874e-05
-4.27108e-05
-3.6567e-05
-3.12739e-05
-2.66104e-05
-2.26186e-05
-1.91308e-05
-1.61964e-05
-1.36535e-05
-1.16372e-05
-9.84977e-06
-8.42609e-06
-7.18696e-06
-6.20774e-06
-5.30333e-06
-4.66927e-06
-4.10051e-06
-3.67929e-06
-3.30484e-06
-3.05058e-06
-2.7896e-06
-2.67361e-06
-2.45231e-06
-2.3627e-06
-2.22562e-06
-2.2035e-06
-2.15182e-06
-2.16639e-06
-2.10245e-06
-2.17653e-06
-2.13366e-06
-2.16421e-06
-2.08276e-06
-2.12522e-06
-2.09547e-06
-2.15547e-06
-2.10634e-06
-2.10084e-06
-2.03796e-06
-2.04902e-06
-1.97546e-06
-1.98289e-06
-1.93612e-06
-1.97505e-06
-1.93341e-06
-1.9731e-06
-1.93285e-06
-1.99384e-06
-2.01441e-06
-2.08314e-06
-2.09221e-06
-2.16578e-06
-2.152e-06
-2.19381e-06
-2.17138e-06
-2.21811e-06
-2.23868e-06
-2.30526e-06
-2.33044e-06
-2.44175e-06
-2.5454e-06
-2.75844e-06
-3.0351e-06
-3.461e-06
-4.0863e-06
-5.03879e-06
-6.25754e-06
-7.92531e-06
-1.01731e-05
-1.3108e-05
-1.73536e-05
-2.24404e-05
-3.25877e-05
-5.05525e-05
-0.000146905
-0.000446011
-0.00162555
-0.00331286
-0.0982744
-0.0321889
-0.006522
-0.00050146
0.000473326
-0.000275549
-0.000379448
-0.000479726
-0.000404938
-0.000355176
-0.000292426
-0.000246569
-0.00020567
-0.00017379
-0.000147292
-0.000125924
-0.000108121
-9.32214e-05
-8.03636e-05
-6.93764e-05
-5.97238e-05
-5.13739e-05
-4.3976e-05
-3.74834e-05
-3.17417e-05
-2.67608e-05
-2.23384e-05
-1.86004e-05
-1.54798e-05
-1.28693e-05
-1.06089e-05
-8.83229e-06
-7.27477e-06
-6.02186e-06
-4.94032e-06
-4.10373e-06
-3.33377e-06
-2.80496e-06
-2.34274e-06
-1.97476e-06
-1.65263e-06
-1.43822e-06
-1.20138e-06
-1.11132e-06
-9.23411e-07
-8.47113e-07
-7.36173e-07
-7.21308e-07
-6.84552e-07
-6.95772e-07
-6.19021e-07
-6.80949e-07
-6.49179e-07
-6.84597e-07
-6.0547e-07
-6.31926e-07
-6.09784e-07
-6.7199e-07
-6.39002e-07
-6.24891e-07
-5.61414e-07
-5.75108e-07
-5.19695e-07
-5.2917e-07
-4.82152e-07
-5.14821e-07
-4.82612e-07
-5.21098e-07
-4.83713e-07
-5.32369e-07
-5.51456e-07
-6.08532e-07
-6.09735e-07
-6.74221e-07
-6.56805e-07
-6.9758e-07
-6.83333e-07
-7.19616e-07
-7.4038e-07
-8.10897e-07
-8.28044e-07
-9.2092e-07
-1.0205e-06
-1.20495e-06
-1.45716e-06
-1.85213e-06
-2.38798e-06
-3.20259e-06
-4.27708e-06
-5.74092e-06
-7.7317e-06
-1.02786e-05
-1.38376e-05
-1.78198e-05
-2.54622e-05
-3.92204e-05
-0.000119164
-0.000383784
-0.00139842
-0.00284677
-0.109957
-0.0309626
-0.00569641
-0.00054702
0.000407972
-0.000296544
-0.000368858
-0.000463076
-0.000393069
-0.000349552
-0.000292816
-0.000251693
-0.000214387
-0.000185055
-0.000161211
-0.000142548
-0.000127024
-0.00011404
-0.000102821
-9.32615e-05
-8.48815e-05
-7.76338e-05
-7.12319e-05
-6.56139e-05
-6.06587e-05
-5.63757e-05
-5.25789e-05
-4.93799e-05
-4.67315e-05
-4.4533e-05
-4.26282e-05
-4.11411e-05
-3.98464e-05
-3.87943e-05
-3.78987e-05
-3.72275e-05
-3.66e-05
-3.61728e-05
-3.5814e-05
-3.55243e-05
-3.52682e-05
-3.51021e-05
-3.48972e-05
-3.48318e-05
-3.46873e-05
-3.46267e-05
-3.45398e-05
-3.45281e-05
-3.44996e-05
-3.45126e-05
-3.44321e-05
-3.44771e-05
-3.4454e-05
-3.44932e-05
-3.44287e-05
-3.4443e-05
-3.44227e-05
-3.44796e-05
-3.44606e-05
-3.44439e-05
-3.43799e-05
-3.43937e-05
-3.43587e-05
-3.43751e-05
-3.43294e-05
-3.43506e-05
-3.43258e-05
-3.4367e-05
-3.43349e-05
-3.43664e-05
-3.43789e-05
-3.44266e-05
-3.4422e-05
-3.44753e-05
-3.44597e-05
-3.44982e-05
-3.44862e-05
-3.45139e-05
-3.45337e-05
-3.46002e-05
-3.46169e-05
-3.46861e-05
-3.47713e-05
-3.49324e-05
-3.51414e-05
-3.54853e-05
-3.59132e-05
-3.65732e-05
-3.74833e-05
-3.87168e-05
-4.03921e-05
-4.25069e-05
-4.53215e-05
-4.82058e-05
-5.31586e-05
-6.22235e-05
-0.000123431
-0.000349123
-0.0011681
-0.00229697
-0.123283
-0.0286549
-0.00469061
-0.000700321
0.000185591
-0.000442296
-0.000480538
-0.000563232
-0.000502176
-0.000467698
-0.000420836
-0.000387576
-0.000357067
-0.000333135
-0.000313772
-0.000298707
-0.00028619
-0.000275747
-0.000266731
-0.000259082
-0.000252405
-0.000246663
-0.000241637
-0.00023727
-0.000233462
-0.000230232
-0.000227425
-0.000225041
-0.000222959
-0.00022124
-0.000219751
-0.000218599
-0.000217599
-0.000216772
-0.000216073
-0.000215577
-0.000215099
-0.000214761
-0.000214486
-0.00021427
-0.000214079
-0.000213968
-0.000213801
-0.00021375
-0.000213654
-0.000213616
-0.000213551
-0.000213536
-0.000213508
-0.000213528
-0.000213462
-0.000213491
-0.000213468
-0.000213505
-0.000213464
-0.000213475
-0.00021345
-0.000213491
-0.000213482
-0.000213472
-0.000213414
-0.000213424
-0.000213401
-0.000213426
-0.000213393
-0.000213403
-0.000213376
-0.000213416
-0.000213393
-0.00021341
-0.000213416
-0.000213455
-0.000213447
-0.000213485
-0.00021347
-0.00021351
-0.0002135
-0.000213516
-0.000213535
-0.000213587
-0.000213607
-0.000213659
-0.000213715
-0.000213851
-0.000214012
-0.000214281
-0.000214623
-0.000215138
-0.000215859
-0.000216843
-0.000218155
-0.000219788
-0.000221836
-0.000223696
-0.000226052
-0.000230436
-0.000271404
-0.000444024
-0.00104959
-0.00176924
-0.135898
-0.0244284
-0.0033424
-0.000824545
-0.000102952
-0.000608045
-0.000613771
-0.000677941
-0.000630241
-0.000606714
-0.000572915
-0.000549783
-0.000528354
-0.00051176
-0.00049839
-0.000487696
-0.000478786
-0.000471367
-0.000464956
-0.000459545
-0.000454825
-0.00045077
-0.00044725
-0.00044421
-0.00044157
-0.000439346
-0.000437428
-0.000435803
-0.000434371
-0.000433193
-0.000432172
-0.000431394
-0.000430723
-0.000430152
-0.000429674
-0.000429359
-0.000429048
-0.000428816
-0.000428629
-0.000428487
-0.000428363
-0.000428308
-0.000428189
-0.000428143
-0.000428089
-0.000428076
-0.000428037
-0.000428021
-0.000427991
-0.000428013
-0.000427972
-0.000427997
-0.000427975
-0.000427997
-0.000427974
-0.000427989
-0.000427971
-0.000427989
-0.000427975
-0.000427973
-0.000427936
-0.000427944
-0.000427927
-0.000427956
-0.000427935
-0.000427938
-0.000427917
-0.000427945
-0.000427929
-0.000427938
-0.000427938
-0.000427968
-0.000427963
-0.000427983
-0.000427959
-0.000428
-0.000428001
-0.000428002
-0.000428017
-0.000428051
-0.000428067
-0.000428116
-0.000428139
-0.000428229
-0.000428345
-0.000428525
-0.000428764
-0.000429119
-0.000429609
-0.000430291
-0.000431181
-0.000432273
-0.000433562
-0.000434551
-0.00043518
-0.000436305
-0.000458707
-0.000569013
-0.000943078
-0.001178
-0.12845
-0.0160013
-0.000985863
7.09782e-05
0.000505203
0.000190266
0.000201648
0.000163668
0.000193125
0.000205737
0.000224965
0.000237672
0.00024967
0.000258929
0.000266219
0.000272039
0.000276887
0.000280898
0.00028438
0.000287294
0.000289823
0.000291998
0.000293864
0.000295476
0.00029687
0.000298032
0.000299034
0.000299874
0.000300614
0.000301221
0.000301748
0.000302134
0.000302466
0.000302776
0.000303022
0.000303157
0.0003033
0.000303422
0.000303522
0.000303594
0.000303655
0.000303661
0.000303726
0.000303757
0.000303771
0.000303776
0.000303798
0.000303809
0.000303828
0.000303809
0.000303832
0.000303817
0.000303833
0.000303827
0.000303836
0.000303821
0.000303829
0.000303824
0.000303831
0.000303834
0.000303863
0.000303858
0.000303861
0.000303831
0.000303844
0.00030386
0.000303876
0.000303844
0.000303843
0.000303847
0.000303855
0.00030384
0.000303839
0.000303821
0.000303844
0.000303823
0.000303809
0.000303816
0.000303815
0.000303798
0.000303789
0.000303755
0.000303746
0.000303707
0.00030364
0.000303541
0.000303422
0.000303236
0.000302977
0.000302621
0.000302166
0.000301619
0.000301018
0.000300672
0.000300901
0.000301477
0.000293374
0.000239584
7.34334e-05
0.000219183
-0.0563955
-0.00359575
0.00176467
0.00200134
0.00213074
0.00203755
0.00204476
0.00203491
0.00204429
0.00204815
0.00205385
0.0020575
0.00206087
0.0020634
0.00206545
0.00206708
0.00206842
0.00206949
0.00207041
0.00207116
0.0020718
0.00207233
0.00207279
0.00207317
0.00207351
0.00207377
0.00207401
0.0020742
0.00207437
0.00207451
0.00207463
0.00207471
0.00207478
0.00207486
0.00207492
0.00207494
0.00207497
0.002075
0.00207502
0.00207504
0.00207506
0.00207505
0.00207506
0.00207508
0.00207507
0.00207507
0.00207508
0.00207508
0.00207509
0.00207508
0.00207509
0.00207508
0.00207509
0.00207509
0.00207509
0.00207509
0.00207509
0.00207509
0.00207509
0.00207509
0.0020751
0.0020751
0.0020751
0.00207509
0.00207509
0.0020751
0.00207511
0.00207509
0.00207509
0.00207509
0.0020751
0.00207509
0.00207509
0.00207508
0.00207509
0.00207508
0.00207508
0.00207508
0.00207508
0.00207508
0.00207508
0.00207507
0.00207506
0.00207505
0.00207503
0.002075
0.00207497
0.00207492
0.00207485
0.00207475
0.00207463
0.00207449
0.00207436
0.00207434
0.00207464
0.00207529
0.00207439
0.00206119
0.00202118
0.0021516
)
;

boundaryField
{
    inlet
    {
        type            calculated;
        value           uniform 0;
    }
    outlet
    {
        type            calculated;
        value           nonuniform List<scalar> 
40
(
-0.0021516
-0.00021918
0.00117802
0.00176927
0.00229701
0.0028468
0.0033129
0.00365051
0.00385965
0.00394855
0.00392522
0.00379827
0.00357725
0.00327235
0.00289418
0.00245364
0.00196181
0.00142996
0.000869469
0.000291763
-0.000291682
-0.000869382
-0.00142987
-0.0019617
-0.00245353
-0.00289408
-0.00327226
-0.00357717
-0.00379821
-0.00392517
-0.00394851
-0.00385962
-0.00365047
-0.00331286
-0.00284677
-0.00229697
-0.00176924
-0.001178
0.000219183
0.0021516
)
;
    }
    lowerWall
    {
        type            calculated;
        value           uniform 0;
    }
    upperWall
    {
        type            calculated;
        value           uniform 0;
    }
    frontAndBack
    {
        type            empty;
    }
}


// ************************************************************************* //
