/*--------------------------------*- C++ -*----------------------------------*\
| =========                 |                                                 |
| \\      /  F ield         | OpenFOAM: The Open Source CFD Toolbox           |
|  \\    /   O peration     | Version:  5.x                                   |
|   \\  /    A nd           | Web:      www.OpenFOAM.org                      |
|    \\/     M anipulation  |                                                 |
\*---------------------------------------------------------------------------*/
FoamFile
{
    version     2.0;
    format      ascii;
    class       surfaceScalarField;
    location    "2";
    object      phi;
}
// * * * * * * * * * * * * * * * * * * * * * * * * * * * * * * * * * * * * * //

dimensions      [0 3 -1 0 0 0 0];

internalField   nonuniform List<scalar> 
7860
(
0.00283434
0.00216566
0.00262127
0.000213075
0.00260892
1.2348e-05
0.00260641
2.50701e-06
0.00260912
-2.70707e-06
0.00260784
1.27857e-06
0.00260673
1.10581e-06
0.00260516
1.57336e-06
0.00260394
1.22422e-06
0.00260285
1.08665e-06
0.00260198
8.67762e-07
0.00260125
7.28103e-07
0.00260065
5.98023e-07
0.00260015
5.00428e-07
0.00259974
4.18219e-07
0.00259938
3.52671e-07
0.00259908
2.98517e-07
0.00259883
2.54156e-07
0.00259861
2.16981e-07
0.00259843
1.84886e-07
0.00259827
1.58372e-07
0.00259813
1.35373e-07
0.00259802
1.15812e-07
0.00259792
9.84837e-08
0.00259784
8.40459e-08
0.00259776
7.1161e-08
0.0025977
6.0489e-08
0.00259765
5.09143e-08
0.00259761
4.31061e-08
0.00259757
3.56295e-08
0.00259754
3.04835e-08
0.00259752
2.51231e-08
0.0025975
2.04221e-08
0.00259748
1.69649e-08
0.00259747
1.49589e-08
0.00259745
1.2152e-08
0.00259744
9.52799e-09
0.00259744
7.61204e-09
0.00259743
6.74285e-09
0.00259743
4.81311e-09
0.00259742
4.29382e-09
0.00259742
3.56531e-09
0.00259741
3.15502e-09
0.00259741
2.28385e-09
0.00259741
1.59972e-09
0.00259741
8.95764e-10
0.00259741
1.94876e-09
0.00259741
1.08277e-09
0.00259741
4.35707e-10
0.00259741
1.99244e-10
0.0025974
8.84593e-10
0.0025974
2.99093e-10
0.0025974
3.94435e-10
0.0025974
7.39393e-11
0.0025974
4.08705e-10
0.0025974
2.29287e-11
0.0025974
3.3318e-10
0.0025974
2.48083e-12
0.0025974
2.62585e-10
0.0025974
2.70411e-11
0.0025974
1.504e-10
0.0025974
-1.51006e-10
0.0025974
2.98316e-10
0.0025974
2.29319e-11
0.0025974
-2.46647e-10
0.0025974
-2.42162e-10
0.0025974
2.90194e-10
0.0025974
-1.69848e-10
0.0025974
4.32338e-11
0.0025974
-7.02959e-11
0.0025974
5.14902e-11
0.0025974
1.03032e-12
0.0025974
2.21889e-10
0.0025974
-2.11118e-10
0.0025974
1.39254e-10
0.0025974
1.08848e-10
0.0025974
2.18349e-10
0.0025974
9.28927e-12
0.0025974
4.73528e-10
0.0025974
3.24462e-10
0.0025974
5.9447e-10
0.0025974
5.77937e-10
0.0025974
1.46024e-09
0.0025974
1.69381e-09
0.00259739
2.36259e-09
0.00259739
3.42233e-09
0.00259739
5.13499e-09
0.00259738
7.14662e-09
0.00259737
1.00279e-08
0.00259736
1.38894e-08
0.00259734
1.9716e-08
0.00259731
2.61519e-08
0.00259728
3.35605e-08
0.00259724
3.75431e-08
0.00259721
3.33139e-08
0.00259718
2.27693e-08
0.00259708
1.01621e-07
0.00259638
6.96119e-07
0.00259378
2.60302e-06
-1.18986e-06
0.00456768
0.00259798
0.00437543
0.000405321
0.00434663
4.11532e-05
0.00434285
6.27974e-06
0.00434585
-5.70308e-06
0.00434431
2.81656e-06
0.00434268
2.73961e-06
0.00434047
3.78268e-06
0.00433868
3.01564e-06
0.0043371
2.66522e-06
0.00433582
2.14299e-06
0.00433475
1.79556e-06
0.00433387
1.47814e-06
0.00433314
1.23824e-06
0.00433252
1.0352e-06
0.004332
8.73612e-07
0.00433156
7.407e-07
0.00433118
6.31154e-07
0.00433086
5.3942e-07
0.00433058
4.61191e-07
0.00433034
3.9549e-07
0.00433014
3.386e-07
0.00432996
2.90327e-07
0.00432981
2.47818e-07
0.00432969
2.11952e-07
0.00432958
1.80325e-07
0.00432948
1.53414e-07
0.00432941
1.29577e-07
0.00432934
1.10006e-07
0.00432928
9.17805e-08
0.00432923
7.79839e-08
0.00432919
6.45758e-08
0.00432916
5.38421e-08
0.00432913
4.48323e-08
0.00432911
3.80712e-08
0.00432909
3.11026e-08
0.00432908
2.51712e-08
0.00432906
2.01205e-08
0.00432905
1.77464e-08
0.00432904
1.33335e-08
0.00432904
1.16656e-08
0.00432903
9.55947e-09
0.00432903
7.99113e-09
0.00432902
5.94549e-09
0.00432902
4.88041e-09
0.00432902
3.34517e-09
0.00432901
4.19521e-09
0.00432901
2.31677e-09
0.00432901
1.71339e-09
0.00432901
1.08163e-09
0.00432901
1.94757e-09
0.00432901
6.94466e-10
0.00432901
8.12242e-10
0.00432901
4.98266e-10
0.00432901
1.11111e-09
0.00432901
2.30131e-11
0.00432901
9.18701e-10
0.00432901
3.32685e-10
0.00432901
7.16108e-10
0.00432901
2.33654e-11
0.00432901
2.98465e-10
0.00432901
-9.31542e-11
0.004329
4.24033e-10
0.004329
-3.56456e-10
0.004329
-3.50466e-10
0.004329
-5.52163e-10
0.004329
4.94024e-10
0.004329
-4.60042e-10
0.004329
5.33918e-11
0.004329
4.44421e-11
0.004329
3.6793e-10
0.004329
-3.25984e-10
0.004329
3.49518e-10
0.004329
-1.72871e-10
0.004329
4.43157e-10
0.004329
1.29803e-10
0.004329
4.94698e-10
0.004329
2.93168e-10
0.004329
1.12612e-09
0.004329
8.34558e-10
0.004329
1.59736e-09
0.004329
1.86906e-09
0.004329
3.41068e-09
0.004329
4.309e-09
0.00432899
6.01667e-09
0.00432899
8.76226e-09
0.00432898
1.29353e-08
0.00432897
1.77463e-08
0.00432895
2.53597e-08
0.00432893
3.50751e-08
0.0043289
4.9403e-08
0.00432886
6.59912e-08
0.00432881
8.57865e-08
0.00432875
9.99193e-08
0.00432868
1.04702e-07
0.00432859
1.11475e-07
0.00432827
4.17484e-07
0.00432694
2.02848e-06
0.00432236
7.18346e-06
7.91077e-06
0.00507208
0.0025259
0.00495551
0.000521895
0.00492282
7.38367e-05
0.00492056
8.54542e-06
0.00492238
-7.52648e-06
0.00492123
3.97255e-06
0.00491955
4.41389e-06
0.00491748
5.85644e-06
0.00491572
4.77361e-06
0.00491419
4.19348e-06
0.00491294
3.3918e-06
0.0049119
2.83717e-06
0.00491104
2.33905e-06
0.00491032
1.95813e-06
0.00490972
1.63938e-06
0.00490921
1.38396e-06
0.00490877
1.17468e-06
0.0049084
1.00205e-06
0.00490808
8.57323e-07
0.00490781
7.34415e-07
0.00490757
6.30996e-07
0.00490737
5.41512e-07
0.0049072
4.65135e-07
0.00490705
3.98026e-07
0.00490692
3.41103e-07
0.00490681
2.91113e-07
0.00490671
2.48147e-07
0.00490663
2.10407e-07
0.00490656
1.79112e-07
0.0049065
1.50192e-07
0.00490645
1.27462e-07
0.00490641
1.06024e-07
0.00490638
8.92595e-08
0.00490635
7.45396e-08
0.00490632
6.25768e-08
0.0049063
5.14458e-08
0.00490628
4.2403e-08
0.00490627
3.38991e-08
0.00490626
2.96008e-08
0.00490625
2.2829e-08
0.00490624
1.98279e-08
0.00490623
1.62326e-08
0.00490623
1.3196e-08
0.00490623
1.00794e-08
0.00490622
8.75874e-09
0.00490622
6.4698e-09
0.00490622
6.60784e-09
0.00490621
3.80243e-09
0.00490621
3.4655e-09
0.00490621
2.35668e-09
0.00490621
2.93831e-09
0.00490621
1.21876e-09
0.00490621
1.33694e-09
0.00490621
1.00124e-09
0.00490621
1.88224e-09
0.00490621
1.98904e-10
0.00490621
1.52873e-09
0.00490621
7.63505e-10
0.00490621
1.11047e-09
0.00490621
1.1922e-10
0.00490621
5.29453e-10
0.00490621
5.5269e-11
0.00490621
4.31413e-10
0.00490621
-8.45652e-10
0.00490621
-3.33158e-10
0.00490621
-7.47336e-10
0.00490621
5.64225e-10
0.00490621
-6.60323e-10
0.00490621
4.5925e-11
0.00490621
9.62031e-11
0.00490621
6.77752e-10
0.00490621
-5.37462e-10
0.00490621
4.31671e-10
0.00490621
-1.16112e-11
0.00490621
8.31525e-10
0.00490621
2.18698e-10
0.0049062
8.38329e-10
0.0049062
7.31952e-10
0.0049062
1.77178e-09
0.0049062
1.37099e-09
0.0049062
2.62406e-09
0.0049062
3.30141e-09
0.0049062
5.23192e-09
0.0049062
6.88143e-09
0.00490619
9.79841e-09
0.00490619
1.41007e-08
0.00490618
2.07676e-08
0.00490617
2.8329e-08
0.00490615
4.07522e-08
0.00490613
5.64513e-08
0.0049061
7.917e-08
0.00490606
1.06564e-07
0.00490601
1.40619e-07
0.00490594
1.69757e-07
0.00490584
2.00745e-07
0.0049057
2.57007e-07
0.00490522
8.91817e-07
0.0049036
3.64853e-06
0.00489776
1.30266e-05
2.27398e-05
0.00520998
0.00231592
0.00513963
0.000592239
0.00511254
0.000100931
0.0051114
9.6895e-06
0.00511247
-8.60418e-06
0.00511164
4.80916e-06
0.00511017
5.88343e-06
0.00510842
7.60048e-06
0.00510691
6.2914e-06
0.00510559
5.50581e-06
0.00510451
4.4721e-06
0.00510361
3.73695e-06
0.00510287
3.084e-06
0.00510224
2.5821e-06
0.00510172
2.16287e-06
0.00510128
1.82686e-06
0.0051009
1.55203e-06
0.00510058
1.32534e-06
0.0051003
1.13543e-06
0.00510006
9.74428e-07
0.00509985
8.38653e-07
0.00509967
7.21248e-07
0.00509952
6.20758e-07
0.00509938
5.3243e-07
0.00509927
4.57097e-07
0.00509917
3.91022e-07
0.00509908
3.34087e-07
0.00509901
2.84411e-07
0.00509894
2.42585e-07
0.00509889
2.04099e-07
0.00509884
1.73448e-07
0.0050988
1.44938e-07
0.00509877
1.22573e-07
0.00509874
1.02602e-07
0.00509872
8.57618e-08
0.0050987
7.08277e-08
0.00509868
5.9037e-08
0.00509867
4.74169e-08
0.00509866
4.10381e-08
0.00509865
3.2134e-08
0.00509864
2.77281e-08
0.00509864
2.27344e-08
0.00509863
1.83149e-08
0.00509863
1.43569e-08
0.00509862
1.2668e-08
0.00509862
9.60554e-09
0.00509862
9.03341e-09
0.00509861
5.48382e-09
0.00509861
5.27834e-09
0.00509861
3.66576e-09
0.00509861
3.75747e-09
0.00509861
1.79208e-09
0.00509861
1.9746e-09
0.00509861
1.51429e-09
0.00509861
2.5274e-09
0.00509861
5.05356e-10
0.00509861
2.07872e-09
0.00509861
1.2109e-09
0.00509861
1.41766e-09
0.00509861
2.9837e-10
0.00509861
8.29084e-10
0.00509861
1.9435e-10
0.00509861
4.12346e-10
0.00509861
-1.20108e-09
0.00509861
-2.96945e-10
0.00509861
-8.8002e-10
0.00509861
4.73467e-10
0.00509861
-8.03659e-10
0.00509861
1.1731e-11
0.00509861
5.01689e-11
0.00509861
7.55006e-10
0.00509861
-6.63817e-10
0.00509861
5.10206e-10
0.00509861
1.56662e-10
0.00509861
1.17407e-09
0.00509861
4.13775e-10
0.00509861
1.22291e-09
0.00509861
1.18101e-09
0.0050986
2.35995e-09
0.0050986
1.93203e-09
0.0050986
3.5317e-09
0.0050986
4.57072e-09
0.0050986
6.81024e-09
0.0050986
9.12366e-09
0.00509859
1.32506e-08
0.00509859
1.88223e-08
0.00509858
2.76621e-08
0.00509857
3.77571e-08
0.00509856
5.4366e-08
0.00509854
7.55461e-08
0.00509851
1.05792e-07
0.00509848
1.43457e-07
0.00509843
1.92478e-07
0.00509836
2.406e-07
0.00509824
3.11942e-07
0.00509806
4.4196e-07
0.00509749
1.4597e-06
0.00509584
5.30188e-06
0.00508957
1.92906e-05
3.78156e-05
0.00523336
0.00208257
0.00519422
0.00063137
0.00517355
0.000121608
0.00517321
1.0024e-05
0.00517383
-9.21719e-06
0.0051733
5.33852e-06
0.00517211
7.07178e-06
0.00517074
8.97319e-06
0.00516952
7.50954e-06
0.00516847
6.55828e-06
0.00516759
5.34375e-06
0.00516687
4.46385e-06
0.00516627
3.68712e-06
0.00516576
3.08513e-06
0.00516534
2.58687e-06
0.00516498
2.18704e-06
0.00516467
1.85973e-06
0.00516441
1.58971e-06
0.00516418
1.36382e-06
0.00516398
1.17263e-06
0.00516381
1.01078e-06
0.00516366
8.70861e-07
0.00516353
7.51063e-07
0.00516342
6.45593e-07
0.00516332
5.55164e-07
0.00516323
4.75869e-07
0.00516316
4.07442e-07
0.0051631
3.48206e-07
0.00516304
2.97478e-07
0.00516299
2.51006e-07
0.00516295
2.13765e-07
0.00516292
1.79422e-07
0.00516289
1.52082e-07
0.00516287
1.27436e-07
0.00516284
1.06324e-07
0.00516283
8.82496e-08
0.00516281
7.41308e-08
0.0051628
5.98396e-08
0.00516279
5.14272e-08
0.00516278
4.07182e-08
0.00516277
3.49082e-08
0.00516277
2.86355e-08
0.00516276
2.30863e-08
0.00516276
1.85241e-08
0.00516275
1.6354e-08
0.00516275
1.24698e-08
0.00516275
1.12654e-08
0.00516275
7.23672e-09
0.00516275
7.01931e-09
0.00516275
4.87435e-09
0.00516274
4.41029e-09
0.00516274
2.37407e-09
0.00516274
2.62481e-09
0.00516274
2.00467e-09
0.00516274
3.01167e-09
0.00516274
8.69267e-10
0.00516274
2.53141e-09
0.00516274
1.60536e-09
0.00516274
1.67076e-09
0.00516274
5.44178e-10
0.00516274
1.15249e-09
0.00516274
2.98228e-10
0.00516274
3.68466e-10
0.00516274
-1.40157e-09
0.00516274
-2.28444e-10
0.00516274
-9.83727e-10
0.00516274
2.49938e-10
0.00516274
-9.17836e-10
0.00516274
-5.59697e-11
0.00516274
-1.00054e-10
0.00516274
6.41623e-10
0.00516274
-7.51621e-10
0.00516274
6.19041e-10
0.00516274
3.09547e-10
0.00516274
1.43115e-09
0.00516274
6.72005e-10
0.00516274
1.61333e-09
0.00516274
1.59894e-09
0.00516274
2.85842e-09
0.00516274
2.5001e-09
0.00516274
4.30807e-09
0.00516274
5.61008e-09
0.00516273
8.09239e-09
0.00516273
1.09858e-08
0.00516273
1.61681e-08
0.00516273
2.27559e-08
0.00516272
3.32987e-08
0.00516271
4.56228e-08
0.0051627
6.56692e-08
0.00516269
9.1552e-08
0.00516266
1.28265e-07
0.00516263
1.75229e-07
0.00516259
2.39151e-07
0.00516252
3.08961e-07
0.0051624
4.30137e-07
0.00516219
6.49167e-07
0.00516161
2.04412e-06
0.00516004
6.86881e-06
0.00515416
2.51745e-05
5.09465e-05
0.00522265
0.00185992
0.00520659
0.000647432
0.00519184
0.000136354
0.00519205
9.81362e-06
0.00519238
-9.55056e-06
0.00519213
5.59756e-06
0.00519124
7.96052e-06
0.00519024
9.97368e-06
0.00518933
8.42173e-06
0.00518854
7.34565e-06
0.00518788
6.00195e-06
0.00518733
5.01369e-06
0.00518687
4.1449e-06
0.00518649
3.46781e-06
0.00518617
2.91001e-06
0.00518589
2.46262e-06
0.00518566
2.0961e-06
0.00518545
1.79363e-06
0.00518528
1.54084e-06
0.00518512
1.32723e-06
0.00518499
1.14571e-06
0.00518487
9.88681e-07
0.00518477
8.54318e-07
0.00518468
7.35754e-07
0.0051846
6.33752e-07
0.00518453
5.44364e-07
0.00518447
4.66939e-07
0.00518442
3.99895e-07
0.00518437
3.42596e-07
0.00518433
2.89888e-07
0.0051843
2.4742e-07
0.00518427
2.08372e-07
0.00518425
1.76799e-07
0.00518423
1.48292e-07
0.00518421
1.23698e-07
0.00518419
1.03199e-07
0.00518418
8.71362e-08
0.00518417
7.06001e-08
0.00518416
6.03295e-08
0.00518415
4.8176e-08
0.00518415
4.1117e-08
0.00518414
3.37394e-08
0.00518414
2.73533e-08
0.00518413
2.23264e-08
0.00518413
1.96273e-08
0.00518413
1.49481e-08
0.00518413
1.32469e-08
0.00518413
8.94187e-09
0.00518412
8.58243e-09
0.00518412
5.88645e-09
0.00518412
4.905e-09
0.00518412
2.92749e-09
0.00518412
3.17395e-09
0.00518412
2.40456e-09
0.00518412
3.33468e-09
0.00518412
1.20525e-09
0.00518412
2.8713e-09
0.00518412
1.91814e-09
0.00518412
1.89377e-09
0.00518412
8.06038e-10
0.00518412
1.42995e-09
0.00518412
3.42703e-10
0.00518412
3.33774e-10
0.00518412
-1.46253e-09
0.00518412
-1.4208e-10
0.00518412
-1.08444e-09
0.00518412
-4.90504e-11
0.00518412
-1.03447e-09
0.00518412
-1.52998e-10
0.00518412
-3.27958e-10
0.00518412
4.41029e-10
0.00518412
-8.27838e-10
0.00518412
7.50347e-10
0.00518412
4.4274e-10
0.00518412
1.57485e-09
0.00518412
9.28309e-10
0.00518412
1.98381e-09
0.00518412
1.96985e-09
0.00518412
3.26575e-09
0.00518412
3.04369e-09
0.00518412
4.94871e-09
0.00518412
6.41601e-09
0.00518411
9.07068e-09
0.00518411
1.24696e-08
0.00518411
1.84484e-08
0.00518411
2.58536e-08
0.0051841
3.76395e-08
0.0051841
5.18111e-08
0.00518409
7.45433e-08
0.00518408
1.04227e-07
0.00518406
1.46301e-07
0.00518403
2.01362e-07
0.00518399
2.79527e-07
0.00518393
3.71531e-07
0.00518381
5.47399e-07
0.0051836
8.59848e-07
0.00518303
2.61487e-06
0.00518165
8.24806e-06
0.00517661
3.02194e-05
6.15794e-05
0.00520399
0.00165593
0.00520551
0.000645914
0.00519609
0.000145772
0.00519665
9.24836e-06
0.00519681
-9.7028e-06
0.00519678
5.6245e-06
0.00519618
8.55603e-06
0.00519553
1.0624e-05
0.00519492
9.03951e-06
0.00519438
7.87901e-06
0.00519393
6.45402e-06
0.00519355
5.3926e-06
0.00519324
4.46227e-06
0.00519297
3.7342e-06
0.00519274
3.13582e-06
0.00519255
2.65613e-06
0.00519238
2.26301e-06
0.00519224
1.93862e-06
0.00519211
1.6674e-06
0.005192
1.43852e-06
0.00519191
1.2436e-06
0.00519182
1.0747e-06
0.00519174
9.30214e-07
0.00519168
8.02462e-07
0.00519162
6.92438e-07
0.00519157
5.96037e-07
0.00519152
5.1207e-07
0.00519148
4.39353e-07
0.00519145
3.77303e-07
0.00519142
3.20123e-07
0.00519139
2.73792e-07
0.00519137
2.31088e-07
0.00519135
1.9614e-07
0.00519133
1.64791e-07
0.00519132
1.37647e-07
0.00519131
1.1531e-07
0.0051913
9.76309e-08
0.00519129
7.92578e-08
0.00519128
6.75057e-08
0.00519127
5.42346e-08
0.00519127
4.62011e-08
0.00519126
3.7963e-08
0.00519126
3.09174e-08
0.00519126
2.55363e-08
0.00519126
2.23495e-08
0.00519125
1.69811e-08
0.00519125
1.49686e-08
0.00519125
1.04581e-08
0.00519125
9.86485e-09
0.00519125
6.64422e-09
0.00519125
5.26258e-09
0.00519125
3.42293e-09
0.00519125
3.56134e-09
0.00519125
2.61428e-09
0.00519125
3.53171e-09
0.00519125
1.47355e-09
0.00519125
3.09254e-09
0.00519125
2.11314e-09
0.00519124
2.07375e-09
0.00519124
1.03645e-09
0.00519124
1.63438e-09
0.00519124
3.04771e-10
0.00519124
3.42983e-10
0.00519124
-1.41659e-09
0.00519124
-5.55844e-11
0.00519124
-1.20596e-09
0.00519124
-3.48561e-10
0.00519124
-1.1558e-09
0.00519124
-2.53386e-10
0.00519124
-6.10593e-10
0.00519124
2.43086e-10
0.00519124
-8.7284e-10
0.00519124
8.66156e-10
0.00519124
5.27259e-10
0.00519124
1.62022e-09
0.00519124
1.13473e-09
0.00519124
2.32255e-09
0.00519124
2.27822e-09
0.00519124
3.57809e-09
0.00519124
3.51424e-09
0.00519124
5.45576e-09
0.00519124
7.00466e-09
0.00519124
9.76604e-09
0.00519124
1.35745e-08
0.00519124
2.00984e-08
0.00519124
2.80059e-08
0.00519123
4.07605e-08
0.00519123
5.63125e-08
0.00519122
8.10163e-08
0.00519121
1.13545e-07
0.0051912
1.5984e-07
0.00519118
2.21643e-07
0.00519115
3.1272e-07
0.00519109
4.26532e-07
0.00519098
6.57045e-07
0.00519078
1.0603e-06
0.00519026
3.13283e-06
0.00518913
9.38132e-06
0.00518513
3.42154e-05
6.96164e-05
0.0051854
0.00147054
0.00520056
0.000630753
0.00519586
0.000150472
0.00519664
8.47213e-06
0.00519665
-9.71891e-06
0.00519681
5.46211e-06
0.00519649
8.87613e-06
0.00519617
1.09531e-05
0.00519582
9.38197e-06
0.00519553
8.17502e-06
0.00519527
6.71195e-06
0.00519505
5.61019e-06
0.00519487
4.64675e-06
0.00519471
3.89024e-06
0.00519458
3.2693e-06
0.00519447
2.77148e-06
0.00519437
2.3635e-06
0.00519428
2.02703e-06
0.0051942
1.74537e-06
0.00519413
1.50772e-06
0.00519407
1.30529e-06
0.00519402
1.12952e-06
0.00519397
9.79123e-07
0.00519392
8.4597e-07
0.00519388
7.31318e-07
0.00519385
6.30807e-07
0.00519382
5.42714e-07
0.00519379
4.66347e-07
0.00519377
4.013e-07
0.00519375
3.41273e-07
0.00519373
2.92441e-07
0.00519371
2.47191e-07
0.0051937
2.09831e-07
0.00519369
1.76706e-07
0.00519368
1.47973e-07
0.00519367
1.24232e-07
0.00519366
1.05258e-07
0.00519365
8.5535e-08
0.00519365
7.28395e-08
0.00519364
5.87646e-08
0.00519364
5.00237e-08
0.00519364
4.11442e-08
0.00519363
3.37297e-08
0.00519363
2.79935e-08
0.00519363
2.44074e-08
0.00519363
1.85095e-08
0.00519363
1.63826e-08
0.00519362
1.16563e-08
0.00519362
1.07695e-08
0.00519362
7.13128e-09
0.00519362
5.49624e-09
0.00519362
3.83326e-09
0.00519362
3.76995e-09
0.00519362
2.56737e-09
0.00519362
3.60868e-09
0.00519362
1.67901e-09
0.00519362
3.1898e-09
0.00519362
2.17632e-09
0.00519362
2.18799e-09
0.00519362
1.20485e-09
0.00519362
1.76468e-09
0.00519362
1.90461e-10
0.00519362
4.05289e-10
0.00519362
-1.30004e-09
0.00519362
-2.59913e-12
0.00519362
-1.36713e-09
0.00519362
-6.05246e-10
0.00519362
-1.25707e-09
0.00519362
-3.48976e-10
0.00519362
-9.10146e-10
0.00519362
8.09385e-11
0.00519362
-8.67649e-10
0.00519362
9.19502e-10
0.00519362
5.28072e-10
0.00519362
1.59827e-09
0.00519362
1.27003e-09
0.00519362
2.60587e-09
0.00519362
2.50827e-09
0.00519362
3.79217e-09
0.00519362
3.87258e-09
0.00519362
5.83374e-09
0.00519362
7.39073e-09
0.00519362
1.02186e-08
0.00519362
1.42816e-08
0.00519362
2.11486e-08
0.00519361
2.9303e-08
0.00519361
4.25813e-08
0.00519361
5.91801e-08
0.00519361
8.51387e-08
0.0051936
1.19571e-07
0.00519359
1.68906e-07
0.00519358
2.35954e-07
0.00519355
3.38052e-07
0.00519351
4.71785e-07
0.00519341
7.52792e-07
0.00519323
1.23738e-06
0.0051928
3.56674e-06
0.00519195
1.02359e-05
0.00518909
3.70753e-05
7.50847e-05
0.00516895
0.00130159
0.0051949
0.000604807
0.00519434
0.000151025
0.00519522
7.59305e-06
0.00519512
-9.6126e-06
0.00519542
5.15453e-06
0.00519536
8.94409e-06
0.00519532
1.09914e-05
0.00519523
9.47089e-06
0.00519515
8.25205e-06
0.00519508
6.78943e-06
0.00519501
5.67747e-06
0.00519495
4.70698e-06
0.0051949
3.94286e-06
0.00519485
3.316e-06
0.00519481
2.81317e-06
0.00519477
2.40111e-06
0.00519474
2.06161e-06
0.00519471
1.77696e-06
0.00519468
1.53663e-06
0.00519465
1.33207e-06
0.00519463
1.15409e-06
0.0051946
1.00187e-06
0.00519458
8.66929e-07
0.00519456
7.50722e-07
0.00519455
6.48776e-07
0.00519453
5.58906e-07
0.00519452
4.80815e-07
0.0051945
4.14455e-07
0.00519449
3.53134e-07
0.00519448
3.03123e-07
0.00519447
2.56538e-07
0.00519446
2.17811e-07
0.00519446
1.83868e-07
0.00519445
1.54425e-07
0.00519444
1.29704e-07
0.00519444
1.09826e-07
0.00519443
8.93324e-08
0.00519443
7.62407e-08
0.00519443
6.17048e-08
0.00519442
5.24581e-08
0.00519442
4.32623e-08
0.00519442
3.56723e-08
0.00519442
2.96567e-08
0.00519442
2.56903e-08
0.00519442
1.94955e-08
0.00519442
1.74135e-08
0.00519441
1.24637e-08
0.00519441
1.12526e-08
0.00519441
7.38246e-09
0.00519441
5.62272e-09
0.00519441
4.11632e-09
0.00519441
3.80541e-09
0.00519441
2.28361e-09
0.00519441
3.56144e-09
0.00519441
1.8472e-09
0.00519441
3.16901e-09
0.00519441
2.12778e-09
0.00519441
2.2367e-09
0.00519441
1.30932e-09
0.00519441
1.83962e-09
0.00519441
3.93538e-11
0.00519441
4.97468e-10
0.00519441
-1.15403e-09
0.00519441
-1.35229e-11
0.00519441
-1.55885e-09
0.00519441
-8.11351e-10
0.00519441
-1.31011e-09
0.00519441
-4.50864e-10
0.00519441
-1.18349e-09
0.00519441
-4.82005e-11
0.00519441
-8.05404e-10
0.00519441
8.98003e-10
0.00519441
4.32144e-10
0.00519441
1.54725e-09
0.00519441
1.35237e-09
0.00519441
2.80381e-09
0.00519441
2.65153e-09
0.00519441
3.92228e-09
0.00519441
4.10328e-09
0.00519441
6.0841e-09
0.00519441
7.57942e-09
0.00519441
1.04611e-08
0.00519441
1.45804e-08
0.00519441
2.15728e-08
0.00519441
2.9771e-08
0.00519441
4.32744e-08
0.00519441
6.0451e-08
0.00519441
8.69571e-08
0.0051944
1.22399e-07
0.0051944
1.73563e-07
0.00519439
2.44214e-07
0.00519437
3.54896e-07
0.00519434
5.05276e-07
0.00519426
8.29113e-07
0.00519412
1.38016e-06
0.00519379
3.89455e-06
0.00519324
1.07929e-05
0.00519154
3.87763e-05
7.80795e-05
0.00515492
0.00114667
0.0051895
0.000570227
0.00519259
0.000147935
0.00519349
6.68623e-06
0.00519326
-9.3815e-06
0.00519367
4.7433e-06
0.00519383
8.78552e-06
0.00519405
1.07692e-05
0.0051942
9.32871e-06
0.00519432
8.12889e-06
0.00519441
6.70087e-06
0.00519448
5.60618e-06
0.00519454
4.65225e-06
0.00519458
3.89942e-06
0.00519462
3.28183e-06
0.00519464
2.78606e-06
0.00519466
2.3798e-06
0.00519468
2.04546e-06
0.00519469
1.76472e-06
0.0051947
1.52743e-06
0.00519471
1.32558e-06
0.00519471
1.14975e-06
0.00519471
9.99573e-07
0.00519472
8.6617e-07
0.00519471
7.51135e-07
0.00519471
6.50252e-07
0.00519471
5.60887e-07
0.00519471
4.82958e-07
0.00519471
4.16842e-07
0.0051947
3.55757e-07
0.0051947
3.05831e-07
0.0051947
2.59136e-07
0.0051947
2.20124e-07
0.00519469
1.86211e-07
0.00519469
1.56792e-07
0.00519469
1.31612e-07
0.00519469
1.11332e-07
0.00519469
9.0685e-08
0.00519468
7.76327e-08
0.00519468
6.30029e-08
0.00519468
5.34323e-08
0.00519468
4.42244e-08
0.00519468
3.66785e-08
0.00519468
3.0483e-08
0.00519468
2.62321e-08
0.00519468
1.99343e-08
0.00519468
1.80052e-08
0.00519468
1.28772e-08
0.00519468
1.1335e-08
0.00519468
7.45659e-09
0.00519468
5.63607e-09
0.00519468
4.23328e-09
0.00519468
3.67842e-09
0.00519468
1.85996e-09
0.00519468
3.40127e-09
0.00519468
1.9933e-09
0.00519468
3.06358e-09
0.00519468
2.02401e-09
0.00519468
2.25292e-09
0.00519468
1.36558e-09
0.00519467
1.87777e-09
0.00519467
-1.01626e-10
0.00519467
5.79513e-10
0.00519467
-1.02246e-09
0.00519467
-1.01564e-10
0.00519467
-1.74618e-09
0.00519467
-9.78378e-10
0.00519467
-1.30835e-09
0.00519467
-5.67888e-10
0.00519467
-1.39951e-09
0.00519467
-1.50613e-10
0.00519468
-7.02633e-10
0.00519467
8.25126e-10
0.00519467
2.68713e-10
0.00519467
1.50063e-09
0.00519468
1.4168e-09
0.00519467
2.90401e-09
0.00519468
2.71372e-09
0.00519467
3.99716e-09
0.00519468
4.21312e-09
0.00519468
6.19736e-09
0.00519468
7.57592e-09
0.00519468
1.04881e-08
0.00519468
1.448e-08
0.00519468
2.14167e-08
0.00519468
2.94792e-08
0.00519468
4.28665e-08
0.00519468
6.01909e-08
0.00519468
8.65602e-08
0.00519468
1.22156e-07
0.00519468
1.73935e-07
0.00519467
2.46406e-07
0.00519467
3.62762e-07
0.00519465
5.25413e-07
0.00519459
8.81608e-07
0.00519449
1.48041e-06
0.00519429
4.10156e-06
0.00519404
1.10435e-05
0.00519348
3.93366e-05
7.87415e-05
0.00514309
0.00100358
0.00518464
0.000528681
0.00519092
0.00014165
0.00519181
5.79906e-06
0.00519145
-9.01729e-06
0.00519192
4.26511e-06
0.00519228
8.42657e-06
0.00519274
1.03153e-05
0.00519309
8.97782e-06
0.00519339
7.82446e-06
0.00519363
6.46111e-06
0.00519383
5.40845e-06
0.00519399
4.4922e-06
0.00519412
3.76756e-06
0.00519423
3.17295e-06
0.00519432
2.69532e-06
0.0051944
2.30388e-06
0.00519446
1.98205e-06
0.00519451
1.71149e-06
0.00519456
1.48258e-06
0.0051946
1.28791e-06
0.00519463
1.11819e-06
0.00519465
9.73556e-07
0.00519468
8.44684e-07
0.00519469
7.33292e-07
0.00519471
6.35808e-07
0.00519472
5.49126e-07
0.00519473
4.73205e-07
0.00519474
4.08783e-07
0.00519474
3.49397e-07
0.00519475
3.00758e-07
0.00519475
2.55129e-07
0.00519476
2.16885e-07
0.00519476
1.83779e-07
0.00519476
1.54996e-07
0.00519476
1.29985e-07
0.00519476
1.09903e-07
0.00519476
8.96881e-08
0.00519476
7.69672e-08
0.00519476
6.25955e-08
0.00519476
5.29458e-08
0.00519476
4.40118e-08
0.00519476
3.67036e-08
0.00519476
3.04689e-08
0.00519476
2.60706e-08
0.00519476
1.98512e-08
0.00519476
1.81216e-08
0.00519476
1.29173e-08
0.00519476
1.10722e-08
0.00519476
7.38642e-09
0.00519476
5.54227e-09
0.00519476
4.15596e-09
0.00519476
3.41703e-09
0.00519476
1.41727e-09
0.00519476
3.16451e-09
0.00519476
2.10785e-09
0.00519476
2.92124e-09
0.00519476
1.93054e-09
0.00519476
2.27726e-09
0.00519476
1.38583e-09
0.00519476
1.88641e-09
0.00519476
-2.01052e-10
0.00519476
6.23368e-10
0.00519476
-9.39764e-10
0.00519476
-2.54747e-10
0.00519476
-1.8895e-09
0.00519476
-1.11089e-09
0.00519476
-1.2837e-09
0.00519476
-6.84098e-10
0.00519476
-1.5454e-09
0.00519476
-2.1874e-10
0.00519476
-5.91719e-10
0.00519476
7.43744e-10
0.00519476
1.00101e-10
0.00519476
1.48831e-09
0.00519476
1.49906e-09
0.00519476
2.92047e-09
0.00519476
2.71733e-09
0.00519476
4.03682e-09
0.00519476
4.23934e-09
0.00519476
6.15557e-09
0.00519476
7.38343e-09
0.00519476
1.02659e-08
0.00519476
1.40061e-08
0.00519477
2.0677e-08
0.00519477
2.84809e-08
0.00519477
4.14249e-08
0.00519477
5.84748e-08
0.00519477
8.40875e-08
0.00519478
1.19004e-07
0.00519478
1.70198e-07
0.00519478
2.42602e-07
0.00519479
3.6136e-07
0.00519478
5.311e-07
0.00519475
9.0714e-07
0.0051947
1.53252e-06
0.00519462
4.17935e-06
0.00519468
1.09878e-05
0.00519521
3.88036e-05
7.72391e-05
0.00513319
0.00087039
0.00518037
0.000481499
0.00518944
0.000132576
0.00519028
4.95806e-06
0.00518978
-8.51177e-06
0.00519029
3.75071e-06
0.00519083
7.89299e-06
0.00519148
9.65767e-06
0.00519202
8.44044e-06
0.00519249
7.35774e-06
0.00519286
6.08531e-06
0.00519318
5.09665e-06
0.00519343
4.23673e-06
0.00519364
3.55523e-06
0.00519382
2.99585e-06
0.00519397
2.54644e-06
0.0051941
2.17797e-06
0.0051942
1.87523e-06
0.00519429
1.62047e-06
0.00519437
1.40479e-06
0.00519444
1.22143e-06
0.00519449
1.06137e-06
0.00519454
9.25323e-07
0.00519458
8.03674e-07
0.00519462
6.98253e-07
0.00519465
6.0631e-07
0.00519467
5.24304e-07
0.00519469
4.52182e-07
0.00519471
3.90841e-07
0.00519472
3.34471e-07
0.00519474
2.8825e-07
0.00519475
2.44802e-07
0.00519476
2.08288e-07
0.00519476
1.76707e-07
0.00519477
1.4913e-07
0.00519477
1.24968e-07
0.00519478
1.05729e-07
0.00519478
8.64398e-08
0.00519478
7.42542e-08
0.00519478
6.04648e-08
0.00519479
5.1076e-08
0.00519479
4.26635e-08
0.00519479
3.57453e-08
0.00519479
2.96231e-08
0.00519479
2.52583e-08
0.00519479
1.92689e-08
0.00519479
1.77443e-08
0.00519479
1.25987e-08
0.00519479
1.05192e-08
0.00519479
7.17224e-09
0.00519479
5.31677e-09
0.00519479
3.8775e-09
0.00519479
3.06591e-09
0.00519479
1.04442e-09
0.00519479
2.89221e-09
0.00519479
2.16421e-09
0.00519479
2.78001e-09
0.00519479
1.89136e-09
0.00519479
2.33441e-09
0.00519479
1.36633e-09
0.00519479
1.85741e-09
0.00519479
-2.49076e-10
0.00519479
6.11131e-10
0.00519479
-9.17948e-10
0.00519479
-4.39486e-10
0.00519479
-1.96281e-09
0.00519479
-1.21125e-09
0.00519479
-1.2755e-09
0.00519479
-7.90326e-10
0.00519479
-1.62033e-09
0.00519479
-2.54807e-10
0.00519479
-5.00681e-10
0.00519479
6.8558e-10
0.00519479
-8.53361e-12
0.00519479
1.51831e-09
0.00519479
1.60506e-09
0.00519479
2.87693e-09
0.00519479
2.69301e-09
0.00519479
4.03879e-09
0.00519479
4.21015e-09
0.00519479
5.94549e-09
0.00519479
7.0088e-09
0.00519479
9.77373e-09
0.0051948
1.31905e-08
0.0051948
1.93846e-08
0.0051948
2.68225e-08
0.0051948
3.90557e-08
0.0051948
5.53958e-08
0.00519481
7.9705e-08
0.00519481
1.13131e-07
0.00519482
1.6256e-07
0.00519483
2.32971e-07
0.00519484
3.50618e-07
0.00519485
5.2175e-07
0.00519486
9.03853e-07
0.00519485
1.53336e-06
0.00519491
4.12513e-06
0.00519526
1.06336e-05
0.00519682
3.72456e-05
7.37586e-05
0.00512493
0.000745457
0.00517667
0.000429757
0.00518817
0.000121083
0.00518895
4.17513e-06
0.0051883
-7.86035e-06
0.00518882
3.2244e-06
0.00518951
7.20941e-06
0.00519034
8.82253e-06
0.00519104
7.73861e-06
0.00519165
6.74767e-06
0.00519215
5.58877e-06
0.00519256
4.68329e-06
0.0051929
3.89596e-06
0.00519319
3.27068e-06
0.00519343
2.75742e-06
0.00519363
2.34522e-06
0.0051938
2.00697e-06
0.00519394
1.72914e-06
0.00519407
1.49518e-06
0.00519418
1.29709e-06
0.00519427
1.12877e-06
0.00519435
9.81477e-07
0.00519442
8.56614e-07
0.00519448
7.44618e-07
0.00519453
6.47375e-07
0.00519457
5.62891e-07
0.00519461
4.87316e-07
0.00519464
4.20674e-07
0.00519467
3.63763e-07
0.00519469
3.11552e-07
0.00519471
2.68788e-07
0.00519472
2.28548e-07
0.00519474
1.94623e-07
0.00519475
1.65211e-07
0.00519476
1.39435e-07
0.00519477
1.16803e-07
0.00519477
9.90136e-08
0.00519478
8.10357e-08
0.00519478
6.95743e-08
0.00519479
5.66824e-08
0.00519479
4.79464e-08
0.00519479
4.02533e-08
0.00519479
3.38262e-08
0.0051948
2.79652e-08
0.0051948
2.38418e-08
0.0051948
1.81964e-08
0.0051948
1.68554e-08
0.0051948
1.19159e-08
0.0051948
9.72176e-09
0.0051948
6.7937e-09
0.0051948
4.9295e-09
0.0051948
3.40829e-09
0.0051948
2.66451e-09
0.0051948
7.70427e-10
0.0051948
2.60129e-09
0.0051948
2.12964e-09
0.0051948
2.64638e-09
0.0051948
1.9118e-09
0.0051948
2.41666e-09
0.0051948
1.29939e-09
0.0051948
1.77947e-09
0.0051948
-2.4844e-10
0.0051948
5.50621e-10
0.0051948
-9.51855e-10
0.0051948
-6.14718e-10
0.0051948
-1.96048e-09
0.0051948
-1.28076e-09
0.0051948
-1.31618e-09
0.0051948
-8.81716e-10
0.0051948
-1.63541e-09
0.0051948
-2.68257e-10
0.0051948
-4.5011e-10
0.0051948
6.63365e-10
0.0051948
-1.89676e-11
0.0051948
1.5818e-09
0.0051948
1.7183e-09
0.0051948
2.79106e-09
0.0051948
2.66449e-09
0.0051948
3.9901e-09
0.0051948
4.12291e-09
0.0051948
5.57733e-09
0.0051948
6.46281e-09
0.00519481
9.02298e-09
0.00519481
1.2068e-08
0.00519481
1.76124e-08
0.00519481
2.45571e-08
0.00519481
3.58677e-08
0.00519482
5.10683e-08
0.00519482
7.35825e-08
0.00519483
1.04747e-07
0.00519484
1.51254e-07
0.00519486
2.17782e-07
0.00519488
3.3071e-07
0.0051949
4.97308e-07
0.00519494
8.7117e-07
0.00519499
1.48214e-06
0.00519517
3.9412e-06
0.00519581
9.9959e-06
0.00519831
3.47472e-05
6.84987e-05
0.00511811
0.000627351
0.00517352
0.000374344
0.00518709
0.000107518
0.00518781
3.45245e-06
0.00518701
-7.06386e-06
0.00518753
2.70389e-06
0.00518834
6.39915e-06
0.00518933
7.83511e-06
0.00519017
6.89415e-06
0.00519091
6.01312e-06
0.00519151
4.9868e-06
0.00519201
4.18092e-06
0.00519243
3.48016e-06
0.00519277
2.92253e-06
0.00519307
2.4649e-06
0.00519331
2.09774e-06
0.00519352
1.79603e-06
0.00519371
1.54817e-06
0.00519386
1.33941e-06
0.005194
1.16271e-06
0.00519411
1.01271e-06
0.00519421
8.80875e-07
0.0051943
7.69429e-07
0.00519437
6.69285e-07
0.00519444
5.8225e-07
0.00519449
5.06913e-07
0.00519454
4.39267e-07
0.00519458
3.79608e-07
0.00519462
3.28407e-07
0.00519465
2.81344e-07
0.00519468
2.42976e-07
0.0051947
2.06842e-07
0.00519472
1.76259e-07
0.00519473
1.49618e-07
0.00519474
1.26266e-07
0.00519475
1.05789e-07
0.00519476
8.99334e-08
0.00519477
7.35903e-08
0.00519478
6.30865e-08
0.00519478
5.14125e-08
0.00519479
4.36822e-08
0.00519479
3.68573e-08
0.00519479
3.09815e-08
0.00519479
2.55323e-08
0.0051948
2.18567e-08
0.0051948
1.66364e-08
0.0051948
1.5442e-08
0.0051948
1.08587e-08
0.0051948
8.70956e-09
0.0051948
6.22935e-09
0.0051948
4.36224e-09
0.0051948
2.77033e-09
0.0051948
2.23022e-09
0.0051948
5.72941e-10
0.0051948
2.28048e-09
0.0051948
1.98377e-09
0.0051948
2.50026e-09
0.0051948
1.96209e-09
0.0051948
2.48954e-09
0.0051948
1.17832e-09
0.0051948
1.64535e-09
0.0051948
-2.11112e-10
0.0051948
4.62733e-10
0.0051948
-1.01989e-09
0.0051948
-7.48646e-10
0.0051948
-1.88816e-09
0.0051948
-1.33648e-09
0.0051948
-1.41789e-09
0.0051948
-9.69748e-10
0.0051948
-1.61148e-09
0.0051948
-2.78e-10
0.00519481
-4.53892e-10
0.00519481
6.66982e-10
0.00519481
6.5268e-11
0.00519481
1.65072e-09
0.00519481
1.80765e-09
0.00519481
2.67643e-09
0.00519481
2.63739e-09
0.00519481
3.88569e-09
0.00519481
3.95051e-09
0.00519481
5.09215e-09
0.00519481
5.77098e-09
0.00519481
8.0516e-09
0.00519481
1.06783e-08
0.00519481
1.5449e-08
0.00519482
2.17518e-08
0.00519482
3.19503e-08
0.00519483
4.56191e-08
0.00519483
6.58901e-08
0.00519484
9.40795e-08
0.00519486
1.36559e-07
0.00519488
1.97405e-07
0.00519491
3.02066e-07
0.00519495
4.58248e-07
0.00519501
8.09744e-07
0.00519511
1.38029e-06
0.00519542
3.63431e-06
0.00519632
9.09616e-06
0.00519966
3.14051e-05
6.16675e-05
0.00511253
0.000514818
0.00517087
0.000316001
0.00518619
9.22072e-05
0.00518685
2.78609e-06
0.00518592
-6.12925e-06
0.00518642
2.20067e-06
0.00518734
5.48409e-06
0.00518845
6.71959e-06
0.00518942
5.92852e-06
0.00519026
5.17265e-06
0.00519095
4.29466e-06
0.00519153
3.60214e-06
0.00519201
2.99983e-06
0.00519241
2.51965e-06
0.00519275
2.12582e-06
0.00519304
1.81027e-06
0.00519328
1.55045e-06
0.00519349
1.33693e-06
0.00519368
1.15717e-06
0.00519383
1.00509e-06
0.00519397
8.76152e-07
0.00519409
7.62093e-07
0.00519419
6.6603e-07
0.00519428
5.79703e-07
0.00519436
5.0464e-07
0.00519443
4.39897e-07
0.00519448
3.81454e-07
0.00519453
3.30038e-07
0.00519458
2.8571e-07
0.00519461
2.44667e-07
0.00519464
2.11523e-07
0.00519467
1.80238e-07
0.00519469
1.53665e-07
0.00519471
1.30379e-07
0.00519473
1.1005e-07
0.00519474
9.22474e-08
0.00519475
7.86601e-08
0.00519476
6.42638e-08
0.00519477
5.5021e-08
0.00519478
4.48715e-08
0.00519478
3.83812e-08
0.00519479
3.25342e-08
0.00519479
2.72764e-08
0.00519479
2.23877e-08
0.0051948
1.9339e-08
0.0051948
1.45985e-08
0.0051948
1.35218e-08
0.0051948
9.4346e-09
0.0051948
7.50184e-09
0.0051948
5.46557e-09
0.0051948
3.61846e-09
0.0051948
1.9922e-09
0.0051948
1.75733e-09
0.0051948
3.9597e-10
0.0051948
1.90389e-09
0.00519481
1.72378e-09
0.00519481
2.31269e-09
0.00519481
1.98932e-09
0.00519481
2.50982e-09
0.00519481
1.00538e-09
0.00519481
1.46099e-09
0.00519481
-1.52001e-10
0.00519481
3.70038e-10
0.00519481
-1.08777e-09
0.00519481
-8.31032e-10
0.00519481
-1.75875e-09
0.00519481
-1.39607e-09
0.00519481
-1.57776e-09
0.00519481
-1.06709e-09
0.00519481
-1.57643e-09
0.00519481
-3.02265e-10
0.00519481
-5.10278e-10
0.00519481
6.79205e-10
0.00519481
2.09493e-10
0.00519481
1.69472e-09
0.00519481
1.84358e-09
0.00519481
2.54992e-09
0.00519481
2.5979e-09
0.00519481
3.73631e-09
0.00519481
3.66609e-09
0.00519481
4.53668e-09
0.00519481
4.97195e-09
0.00519481
6.90004e-09
0.00519481
9.06249e-09
0.00519481
1.29751e-08
0.00519482
1.84805e-08
0.00519482
2.73808e-08
0.00519483
3.91804e-08
0.00519484
5.68101e-08
0.00519485
8.13821e-08
0.00519487
1.18806e-07
0.0051949
1.72325e-07
0.00519493
2.65382e-07
0.00519498
4.05551e-07
0.00519507
7.21375e-07
0.00519522
1.23118e-06
0.00519564
3.21511e-06
0.00519678
7.96143e-06
0.00520086
2.73256e-05
5.34799e-05
0.00510807
0.000406748
0.00516871
0.000255361
0.00518546
7.54606e-05
0.00518607
2.16851e-06
0.00518501
-5.06942e-06
0.00518549
1.7207e-06
0.00518649
4.48469e-06
0.00518771
5.49922e-06
0.00518878
4.8627e-06
0.00518971
4.24446e-06
0.00519048
3.52754e-06
0.00519112
2.95955e-06
0.00519165
2.46559e-06
0.0051921
2.07115e-06
0.00519248
1.74789e-06
0.0051928
1.48921e-06
0.00519307
1.27569e-06
0.00519331
1.10019e-06
0.00519352
9.52634e-07
0.00519369
8.27822e-07
0.00519385
7.22145e-07
0.00519398
6.27848e-07
0.0051941
5.48914e-07
0.0051942
4.78087e-07
0.00519429
4.1644e-07
0.00519436
3.63472e-07
0.00519443
3.15312e-07
0.00519449
2.73142e-07
0.00519454
2.36695e-07
0.00519458
2.02444e-07
0.00519462
1.75234e-07
0.00519465
1.49393e-07
0.00519467
1.2742e-07
0.0051947
1.08043e-07
0.00519471
9.1243e-08
0.00519473
7.64993e-08
0.00519474
6.54134e-08
0.00519475
5.32794e-08
0.00519476
4.56548e-08
0.00519477
3.72755e-08
0.00519478
3.2126e-08
0.00519478
2.73304e-08
0.00519479
2.28228e-08
0.00519479
1.86282e-08
0.00519479
1.63366e-08
0.0051948
1.21084e-08
0.0051948
1.11598e-08
0.0051948
7.685e-09
0.0051948
6.11586e-09
0.0051948
4.49347e-09
0.0051948
2.72882e-09
0.0051948
1.10908e-09
0.0051948
1.23324e-09
0.0051948
1.72037e-10
0.0051948
1.45307e-09
0.00519481
1.3646e-09
0.00519481
2.06851e-09
0.00519481
1.93615e-09
0.00519481
2.44691e-09
0.00519481
7.94022e-10
0.00519481
1.24804e-09
0.00519481
-8.81782e-11
0.00519481
2.93711e-10
0.00519481
-1.1227e-09
0.00519481
-8.58995e-10
0.00519481
-1.60014e-09
0.00519481
-1.46096e-09
0.00519481
-1.78354e-09
0.00519481
-1.17645e-09
0.00519481
-1.55748e-09
0.00519481
-3.48279e-10
0.00519481
-6.05555e-10
0.00519481
6.87864e-10
0.00519481
3.6606e-10
0.00519481
1.69508e-09
0.00519481
1.81281e-09
0.00519481
2.43086e-09
0.00519481
2.52808e-09
0.00519481
3.55263e-09
0.00519481
3.26594e-09
0.00519481
3.93964e-09
0.00519481
4.10455e-09
0.00519481
5.59947e-09
0.00519481
7.25506e-09
0.00519482
1.02597e-08
0.00519482
1.48142e-08
0.00519483
2.22422e-08
0.00519483
3.18929e-08
0.00519484
4.65482e-08
0.00519486
6.69407e-08
0.00519488
9.83922e-08
0.00519491
1.43137e-07
0.00519495
2.21596e-07
0.00519502
3.40672e-07
0.00519513
6.08897e-07
0.00519532
1.03994e-06
0.00519584
2.69748e-06
0.00519718
6.62359e-06
0.00520188
2.26222e-05
4.41558e-05
0.00510462
0.000302132
0.005167
0.000192974
0.00518489
5.75781e-05
0.00518546
1.59037e-06
0.0051843
-3.9025e-06
0.00518475
1.26524e-06
0.00518582
3.41996e-06
0.00518712
4.19634e-06
0.00518827
3.71725e-06
0.00518927
3.24638e-06
0.00519009
2.7005e-06
0.00519079
2.26587e-06
0.00519136
1.88819e-06
0.00519185
1.58622e-06
0.00519226
1.33889e-06
0.00519261
1.14104e-06
0.0051929
9.77371e-07
0.00519316
8.42892e-07
0.00519339
7.30105e-07
0.00519358
6.3459e-07
0.00519375
5.53882e-07
0.00519389
4.81038e-07
0.00519402
4.20766e-07
0.00519413
3.6676e-07
0.00519423
3.19627e-07
0.00519432
2.79347e-07
0.00519439
2.42384e-07
0.00519445
2.10233e-07
0.00519451
1.82479e-07
0.00519455
1.55691e-07
0.00519459
1.35003e-07
0.00519463
1.15065e-07
0.00519466
9.8208e-08
0.00519468
8.32028e-08
0.0051947
7.03152e-08
0.00519472
5.88874e-08
0.00519473
5.05078e-08
0.00519475
4.09249e-08
0.00519476
3.52728e-08
0.00519477
2.88099e-08
0.00519477
2.50195e-08
0.00519478
2.13154e-08
0.00519478
1.77713e-08
0.00519479
1.43771e-08
0.00519479
1.29096e-08
0.00519479
9.2183e-09
0.0051948
8.46544e-09
0.0051948
5.68433e-09
0.0051948
4.57521e-09
0.0051948
3.30861e-09
0.0051948
1.74201e-09
0.0051948
1.63084e-10
0.0051948
6.49303e-10
0.0051948
-1.58079e-10
0.0051948
9.27621e-10
0.0051948
9.3486e-10
0.00519481
1.77572e-09
0.00519481
1.76316e-09
0.00519481
2.29378e-09
0.00519481
5.70452e-10
0.00519481
1.03912e-09
0.00519481
-3.56768e-11
0.00519481
2.55627e-10
0.00519481
-1.10938e-09
0.00519481
-8.26972e-10
0.00519481
-1.451e-09
0.00519481
-1.51456e-09
0.00519481
-2.00997e-09
0.00519481
-1.28835e-09
0.00519481
-1.57135e-09
0.00519481
-4.09632e-10
0.00519481
-7.15573e-10
0.00519481
6.90816e-10
0.00519481
4.96881e-10
0.00519481
1.64992e-09
0.00519481
1.72951e-09
0.00519481
2.33109e-09
0.00519481
2.41896e-09
0.00519481
3.3329e-09
0.00519481
2.77166e-09
0.00519481
3.3056e-09
0.00519481
3.18961e-09
0.00519481
4.17378e-09
0.00519481
5.28024e-09
0.00519482
7.36679e-09
0.00519482
1.08202e-08
0.00519483
1.66329e-08
0.00519484
2.39151e-08
0.00519485
3.53332e-08
0.00519486
5.10802e-08
0.00519489
7.57656e-08
0.00519492
1.10535e-07
0.00519497
1.71863e-07
0.00519504
2.6549e-07
0.00519518
4.76029e-07
0.0051954
8.13161e-07
0.005196
2.09796e-06
0.00519751
5.11851e-06
0.00520272
1.74138e-05
3.39188e-05
0.00510209
0.000200043
0.00516574
0.000129325
0.00518447
3.88507e-05
0.00518501
1.04166e-06
0.00518376
-2.65106e-06
0.0051842
8.31736e-07
0.00518531
2.30755e-06
0.00518667
2.83242e-06
0.00518788
2.51231e-06
0.00518893
2.19589e-06
0.0051898
1.8285e-06
0.00519054
1.53385e-06
0.00519114
1.27844e-06
0.00519166
1.074e-06
0.00519209
9.06526e-07
0.00519246
7.7239e-07
0.00519278
6.61243e-07
0.00519305
5.70112e-07
0.00519329
4.9397e-07
0.00519349
4.29224e-07
0.00519367
3.74753e-07
0.00519383
3.24724e-07
0.00519396
2.84374e-07
0.00519408
2.48096e-07
0.00519419
2.16234e-07
0.00519428
1.89317e-07
0.00519435
1.64301e-07
0.00519442
1.42749e-07
0.00519448
1.2427e-07
0.00519453
1.05493e-07
0.00519457
9.17962e-08
0.00519461
7.809e-08
0.00519464
6.67627e-08
0.00519467
5.64616e-08
0.00519469
4.77519e-08
0.00519471
3.98078e-08
0.00519473
3.43464e-08
0.00519474
2.75333e-08
0.00519475
2.41349e-08
0.00519476
1.96358e-08
0.00519477
1.72101e-08
0.00519478
1.46225e-08
0.00519478
1.22834e-08
0.00519479
9.76821e-09
0.00519479
9.12658e-09
0.00519479
6.01214e-09
0.0051948
5.57401e-09
0.0051948
3.52459e-09
0.0051948
2.90843e-09
0.0051948
1.91984e-09
0.0051948
7.06634e-10
0.0051948
-7.98152e-10
0.0051948
3.12379e-12
0.0051948
-6.24199e-10
0.0051948
3.46114e-10
0.0051948
4.74348e-10
0.00519481
1.45816e-09
0.00519481
1.46544e-09
0.00519481
2.06226e-09
0.00519481
3.68438e-10
0.00519481
8.65246e-10
0.00519481
-7.61331e-12
0.00519481
2.73194e-10
0.00519481
-1.05062e-09
0.00519481
-7.35036e-10
0.00519481
-1.34218e-09
0.00519481
-1.5395e-09
0.00519481
-2.21731e-09
0.00519481
-1.38954e-09
0.00519481
-1.61932e-09
0.00519481
-4.72368e-10
0.00519481
-8.11089e-10
0.00519481
6.8904e-10
0.00519481
5.87932e-10
0.00519481
1.56932e-09
0.00519481
1.63133e-09
0.00519481
2.25123e-09
0.00519481
2.27058e-09
0.00519481
3.0658e-09
0.00519481
2.2143e-09
0.00519481
2.62598e-09
0.00519481
2.22402e-09
0.00519481
2.64695e-09
0.00519481
3.16058e-09
0.00519482
4.35696e-09
0.00519482
6.57268e-09
0.00519483
1.06641e-08
0.00519484
1.54289e-08
0.00519485
2.34089e-08
0.00519487
3.41581e-08
0.00519489
5.14247e-08
0.00519493
7.52996e-08
0.00519498
1.17518e-07
0.00519506
1.82244e-07
0.00519521
3.27217e-07
0.00519547
5.58668e-07
0.00519613
1.4352e-06
0.00519776
3.48524e-06
0.00520335
1.18233e-05
2.29952e-05
0.00510043
9.96093e-05
0.0051649
6.48593e-05
0.00518419
1.95631e-05
0.00518472
5.12378e-07
0.00518341
-1.34119e-06
0.00518383
4.14639e-07
0.00518497
1.16399e-06
0.00518638
1.42815e-06
0.00518762
1.26779e-06
0.00518871
1.11037e-06
0.00518961
9.26452e-07
0.00519037
7.76353e-07
0.005191
6.47183e-07
0.00519153
5.43537e-07
0.00519198
4.58497e-07
0.00519236
3.89977e-07
0.00519269
3.33213e-07
0.00519297
2.87024e-07
0.00519322
2.48673e-07
0.00519343
2.15656e-07
0.00519362
1.88319e-07
0.00519378
1.62081e-07
0.00519392
1.42535e-07
0.00519405
1.24481e-07
0.00519416
1.08344e-07
0.00519425
9.52868e-08
0.00519433
8.27609e-08
0.0051944
7.22023e-08
0.00519446
6.33442e-08
0.00519452
5.29685e-08
0.00519456
4.6621e-08
0.0051946
3.93486e-08
0.00519463
3.38168e-08
0.00519466
2.84242e-08
0.00519469
2.40639e-08
0.00519471
1.97292e-08
0.00519472
1.73711e-08
0.00519474
1.34544e-08
0.00519475
1.2466e-08
0.00519476
9.92266e-09
0.00519477
8.89351e-09
0.00519478
7.46247e-09
0.00519478
6.50797e-09
0.00519479
4.92954e-09
0.00519479
5.06657e-09
0.00519479
2.60326e-09
0.00519479
2.6175e-09
0.0051948
1.29486e-09
0.0051948
1.14098e-09
0.0051948
3.61607e-10
0.0051948
-3.4553e-10
0.0051948
-1.72703e-09
0.0051948
-7.01488e-10
0.0051948
-1.21259e-09
0.0051948
-2.58448e-10
0.0051948
2.6556e-11
0.00519481
1.13691e-09
0.00519481
1.07223e-09
0.00519481
1.76851e-09
0.00519481
2.16065e-10
0.00519481
7.40523e-10
0.00519481
-1.18164e-11
0.00519481
3.44944e-10
0.00519481
-9.55497e-10
0.00519481
-6.02865e-10
0.00519481
-1.2808e-09
0.00519481
-1.53325e-09
0.00519481
-2.36281e-09
0.00519481
-1.47069e-09
0.00519481
-1.68934e-09
0.00519481
-5.24404e-10
0.00519481
-8.63806e-10
0.00519481
6.80594e-10
0.00519481
6.48507e-10
0.00519481
1.47148e-09
0.00519481
1.55853e-09
0.00519481
2.18663e-09
0.00519481
2.08248e-09
0.00519481
2.74182e-09
0.00519481
1.61926e-09
0.00519481
1.89103e-09
0.00519481
1.19434e-09
0.00519481
1.0465e-09
0.00519482
9.32691e-10
0.00519482
1.28506e-09
0.00519482
2.16064e-09
0.00519483
4.45432e-09
0.00519484
6.63325e-09
0.00519485
1.10284e-08
0.00519487
1.65495e-08
0.00519489
2.59102e-08
0.00519493
3.82715e-08
0.00519499
6.0031e-08
0.00519508
9.34544e-08
0.00519524
1.67461e-07
0.00519551
2.85184e-07
0.00519622
7.29411e-07
0.00519794
1.76518e-06
0.00520378
5.9767e-06
1.16129e-05
0.00509962
-5.96174e-09
0.00516448
-8.09705e-09
0.00518405
-3.49534e-09
0.00518457
-7.28778e-09
0.00518323
-1.43961e-09
0.00518364
6.35135e-09
0.0051848
5.02962e-09
0.00518623
3.72863e-09
0.00518749
3.38235e-09
0.00518859
7.14939e-09
0.00518951
9.25523e-09
0.00519028
6.17463e-09
0.00519092
5.2099e-09
0.00519147
3.8146e-09
0.00519192
2.49798e-09
0.00519231
6.70853e-10
0.00519265
-7.29275e-10
0.00519293
-1.1571e-09
0.00519318
-1.28829e-09
0.0051934
-2.09295e-09
0.00519359
-1.75028e-09
0.00519376
-3.66168e-09
0.0051939
-2.00355e-09
0.00519403
-1.67914e-09
0.00519414
-1.88905e-09
0.00519424
-7.43452e-10
0.00519432
-4.90173e-10
0.00519439
1.21194e-10
0.00519446
1.01122e-09
0.00519451
-7.41402e-10
0.00519456
4.83014e-10
0.0051946
-2.63457e-10
0.00519463
8.48052e-11
0.00519466
-2.87749e-10
0.00519468
-2.14078e-10
0.0051947
-8.27901e-10
0.00519472
1.60351e-11
0.00519474
-9.67803e-10
0.00519475
4.74527e-10
0.00519476
-1.22432e-10
0.00519477
3.02084e-10
0.00519477
9.76599e-11
0.00519478
5.78314e-10
0.00519478
-2.61755e-11
0.00519479
8.26751e-10
0.00519479
-8.80446e-10
0.00519479
-3.02985e-10
0.0051948
-9.35731e-10
0.0051948
-7.05175e-10
0.0051948
-1.30039e-09
0.0051948
-1.39959e-09
0.0051948
-2.58456e-09
0.0051948
-1.44834e-09
0.0051948
-1.86779e-09
0.0051948
-8.47027e-10
0.0051948
-3.76334e-10
0.00519481
8.14568e-10
0.00519481
6.29248e-10
0.00519481
1.4222e-09
0.00519481
1.21785e-10
0.00519481
6.54577e-10
0.00519481
-4.70136e-11
0.00519481
4.43231e-10
0.00519481
-8.2882e-10
0.00519481
-4.68232e-10
0.00519481
-1.25182e-09
0.00519481
-1.50722e-09
0.00519481
-2.42008e-09
0.00519481
-1.52723e-09
0.00519481
-1.7623e-09
0.00519481
-5.60557e-10
0.00519481
-8.56862e-10
0.00519481
6.62665e-10
0.00519481
6.96915e-10
0.00519481
1.38146e-09
0.00519481
1.53105e-09
0.00519481
2.13322e-09
0.00519481
1.84991e-09
0.00519481
2.3599e-09
0.00519481
1.00473e-09
0.00519481
1.09782e-09
0.00519481
1.0003e-10
0.00519481
-5.9426e-10
0.00519482
-1.34537e-09
0.00519482
-1.79928e-09
0.00519482
-2.31484e-09
0.00519483
-1.87114e-09
0.00519484
-2.27272e-09
0.00519485
-1.55089e-09
0.00519487
-1.37032e-09
0.0051949
-2.04375e-10
0.00519493
3.34039e-10
0.00519499
9.63084e-10
0.00519509
1.83532e-09
0.00519525
2.13566e-09
0.00519553
2.04997e-09
0.00519626
1.8368e-09
0.00519803
1.34806e-09
0.005204
1.49479e-09
9.31473e-10
0.00509962
-9.9621e-05
0.00516448
-6.48753e-05
0.00518405
-1.95701e-05
0.00518457
-5.26974e-07
0.00518323
1.33838e-06
0.00518364
-4.01807e-07
0.0051848
-1.15399e-06
0.00518623
-1.42089e-06
0.00518749
-1.26122e-06
0.00518859
-1.09632e-06
0.00518951
-9.08124e-07
0.00519028
-7.63955e-07
0.00519092
-6.36758e-07
0.00519147
-5.3614e-07
0.00519192
-4.53685e-07
0.00519231
-3.8859e-07
0.00519265
-3.34581e-07
0.00519293
-2.89245e-07
0.00519318
-2.51374e-07
0.0051934
-2.19936e-07
0.00519359
-1.91762e-07
0.00519376
-1.69285e-07
0.0051939
-1.46531e-07
0.00519403
-1.27941e-07
0.00519414
-1.12212e-07
0.00519424
-9.67211e-08
0.00519432
-8.36957e-08
0.00519439
-7.19895e-08
0.00519446
-6.14026e-08
0.00519451
-5.44744e-08
0.00519456
-4.56284e-08
0.0051946
-3.98519e-08
0.00519463
-3.37121e-08
0.00519466
-2.90281e-08
0.00519468
-2.45282e-08
0.0051947
-2.13392e-08
0.00519472
-1.73066e-08
0.00519474
-1.53985e-08
0.00519475
-1.16091e-08
0.00519476
-1.02484e-08
0.00519477
-8.30715e-09
0.00519477
-7.20851e-09
0.00519478
-5.37616e-09
0.00519479
-5.00037e-09
0.00519479
-3.47072e-09
0.00519479
-4.31539e-09
0.00519479
-3.12754e-09
0.0051948
-3.12553e-09
0.0051948
-2.59607e-09
0.0051948
-2.97644e-09
0.0051948
-2.44265e-09
0.0051948
-3.35169e-09
0.0051948
-2.20102e-09
0.0051948
-2.51291e-09
0.0051948
-1.38206e-09
0.0051948
-7.29757e-10
0.00519481
4.74799e-10
0.00519481
1.77509e-10
0.00519481
1.03003e-09
0.00519481
7.03894e-11
0.00519481
5.82352e-10
0.00519481
-1.02087e-10
0.00519481
5.29122e-10
0.00519481
-6.75893e-10
0.00519481
-3.64221e-10
0.00519481
-1.23553e-09
0.00519481
-1.47286e-09
0.00519481
-2.39082e-09
0.00519481
-1.55559e-09
0.00519481
-1.81951e-09
0.00519481
-5.81307e-10
0.00519481
-7.94e-10
0.00519481
6.35422e-10
0.00519481
7.44724e-10
0.00519481
1.32555e-09
0.00519481
1.5411e-09
0.00519481
2.08641e-09
0.00519481
1.57121e-09
0.00519481
1.92852e-09
0.00519481
3.8979e-10
0.00519481
2.5782e-10
0.00519481
-1.03289e-09
0.00519481
-2.23252e-09
0.00519482
-3.60322e-09
0.00519482
-4.847e-09
0.00519482
-6.75284e-09
0.00519483
-8.17981e-09
0.00519484
-1.11062e-08
0.00519485
-1.40753e-08
0.00519487
-1.92374e-08
0.0051949
-2.6329e-08
0.00519493
-3.76116e-08
0.00519499
-5.80819e-08
0.00519509
-8.98101e-08
0.00519525
-1.63198e-07
0.00519553
-2.81089e-07
0.00519626
-7.25739e-07
0.00519803
-1.76249e-06
0.005204
-5.97375e-06
-1.1611e-05
0.00510043
-0.000200054
0.0051649
-0.000129341
0.00518419
-3.88577e-05
0.00518472
-1.05626e-06
0.00518341
2.64847e-06
0.00518383
-8.18605e-07
0.00518497
-2.29771e-06
0.00518638
-2.82565e-06
0.00518762
-2.50627e-06
0.00518871
-2.18253e-06
0.00518961
-1.81068e-06
0.00519037
-1.5214e-06
0.005191
-1.26803e-06
0.00519153
-1.06719e-06
0.00519198
-9.02156e-07
0.00519236
-7.70893e-07
0.00519269
-6.62392e-07
0.00519297
-5.72109e-07
0.00519322
-4.97005e-07
0.00519343
-4.33752e-07
0.00519362
-3.78051e-07
0.00519378
-3.31614e-07
0.00519392
-2.8832e-07
0.00519405
-2.51807e-07
0.00519416
-2.20295e-07
0.00519425
-1.90606e-07
0.00519433
-1.6512e-07
0.0051944
-1.42644e-07
0.00519446
-1.22553e-07
0.00519452
-1.07044e-07
0.00519456
-9.07247e-08
0.0051946
-7.85382e-08
0.00519463
-6.68133e-08
0.00519466
-5.71334e-08
0.00519469
-4.8312e-08
0.00519471
-4.13194e-08
0.00519472
-3.41935e-08
0.00519474
-2.95017e-08
0.00519475
-2.35008e-08
0.00519476
-2.01783e-08
0.00519477
-1.66703e-08
0.00519478
-1.42377e-08
0.00519478
-1.12173e-08
0.00519479
-9.89654e-09
0.00519479
-7.67993e-09
0.00519479
-7.59729e-09
0.0051948
-5.82407e-09
0.0051948
-5.2542e-09
0.0051948
-4.46684e-09
0.0051948
-4.57057e-09
0.0051948
-3.44887e-09
0.0051948
-4.03536e-09
0.0051948
-2.90566e-09
0.0051948
-3.07704e-09
0.0051948
-1.83438e-09
0.0051948
-1.05947e-09
0.00519481
9.83203e-11
0.00519481
-2.56765e-10
0.00519481
6.09904e-10
0.00519481
3.19087e-11
0.00519481
5.07378e-10
0.00519481
-1.61599e-10
0.00519481
5.80882e-10
0.00519481
-5.12068e-10
0.00519481
-2.97557e-10
0.00519481
-1.21974e-09
0.00519481
-1.43054e-09
0.00519481
-2.2994e-09
0.00519481
-1.55107e-09
0.00519481
-1.84955e-09
0.00519481
-5.90019e-10
0.00519481
-7.00598e-10
0.00519481
6.01628e-10
0.00519481
7.91357e-10
0.00519481
1.31921e-09
0.00519481
1.5642e-09
0.00519481
2.03751e-09
0.00519481
1.25786e-09
0.00519481
1.46715e-09
0.00519481
-2.01275e-10
0.00519481
-5.97217e-10
0.00519481
-2.15752e-09
0.00519481
-3.81602e-09
0.00519482
-5.77624e-09
0.00519482
-7.8074e-09
0.00519482
-1.1064e-08
0.00519483
-1.4337e-08
0.00519484
-1.97075e-08
0.00519485
-2.63064e-08
0.00519487
-3.67022e-08
0.00519489
-5.18768e-08
0.00519493
-7.46677e-08
0.00519499
-1.15508e-07
0.00519508
-1.78683e-07
0.00519524
-3.22983e-07
0.00519551
-5.54596e-07
0.00519622
-1.43153e-06
0.00519794
-3.48256e-06
0.00520378
-1.18205e-05
-2.29934e-05
0.00510209
-0.000302143
0.00516574
-0.000192989
0.00518447
-5.75853e-05
0.00518501
-1.60483e-06
0.00518376
3.90025e-06
0.0051842
-1.25188e-06
0.00518531
-3.41036e-06
0.00518667
-4.19017e-06
0.00518788
-3.71183e-06
0.00518893
-3.23388e-06
0.0051898
-2.68341e-06
0.00519054
-2.25356e-06
0.00519115
-1.87788e-06
0.00519166
-1.58009e-06
0.00519209
-1.33496e-06
0.00519246
-1.13943e-06
0.00519278
-9.783e-07
0.00519305
-8.44656e-07
0.00519329
-7.33573e-07
0.00519349
-6.39429e-07
0.00519367
-5.57014e-07
0.00519383
-4.87536e-07
0.00519396
-4.24587e-07
0.00519408
-3.70731e-07
0.00519419
-3.23796e-07
0.00519428
-2.80425e-07
0.00519436
-2.43071e-07
0.00519442
-2.10348e-07
0.00519448
-1.81076e-07
0.00519453
-1.57256e-07
0.00519458
-1.33803e-07
0.00519461
-1.15468e-07
0.00519464
-9.84146e-08
0.00519467
-8.39366e-08
0.00519469
-7.09945e-08
0.00519471
-6.0331e-08
0.00519473
-5.02399e-08
0.00519474
-4.29288e-08
0.00519475
-3.48622e-08
0.00519476
-2.96363e-08
0.00519477
-2.45441e-08
0.00519478
-2.08315e-08
0.00519478
-1.67937e-08
0.00519479
-1.46013e-08
0.00519479
-1.16431e-08
0.00519479
-1.06441e-08
0.0051948
-8.36248e-09
0.0051948
-7.30395e-09
0.0051948
-6.22223e-09
0.0051948
-6.00098e-09
0.0051948
-4.38142e-09
0.0051948
-4.66108e-09
0.0051948
-3.5084e-09
0.0051948
-3.51523e-09
0.0051948
-2.18867e-09
0.0051948
-1.40529e-09
0.00519481
-3.18404e-10
0.00519481
-6.59002e-10
0.00519481
1.99999e-10
0.00519481
-2.47024e-11
0.00519481
4.36949e-10
0.00519481
-2.14176e-10
0.00519481
6.08264e-10
0.00519481
-3.61692e-10
0.00519481
-2.4909e-10
0.00519481
-1.19746e-09
0.00519481
-1.37091e-09
0.00519481
-2.17713e-09
0.00519481
-1.51049e-09
0.00519481
-1.85306e-09
0.00519481
-5.93918e-10
0.00519481
-6.14228e-10
0.00519481
5.5996e-10
0.00519481
8.28623e-10
0.00519481
1.35692e-09
0.00519481
1.57561e-09
0.00519481
1.97564e-09
0.00519481
9.34913e-10
0.00519481
1.00729e-09
0.00519481
-7.44533e-10
0.00519481
-1.41966e-09
0.00519481
-3.22319e-09
0.00519481
-5.29092e-09
0.00519481
-7.81785e-09
0.00519482
-1.06313e-08
0.00519482
-1.51737e-08
0.00519483
-2.0216e-08
0.00519484
-2.79342e-08
0.00519485
-3.80266e-08
0.00519487
-5.34269e-08
0.00519489
-7.62806e-08
0.00519493
-1.09959e-07
0.00519498
-1.69776e-07
0.00519506
-2.62081e-07
0.00519521
-4.71853e-07
0.00519547
-8.09146e-07
0.00519613
-2.09428e-06
0.00519776
-5.11585e-06
0.00520335
-1.74111e-05
-3.3917e-05
0.00510462
-0.000406757
0.005167
-0.000255376
0.00518489
-7.54679e-05
0.00518546
-2.18257e-06
0.0051843
5.06751e-06
0.00518475
-1.70745e-06
0.00518582
-4.47533e-06
0.00518712
-5.49349e-06
0.00518827
-4.85777e-06
0.00518927
-4.23278e-06
0.00519009
-3.51132e-06
0.00519079
-2.94777e-06
0.00519137
-2.45551e-06
0.00519185
-2.06553e-06
0.00519226
-1.7442e-06
0.00519261
-1.48751e-06
0.00519291
-1.27652e-06
0.00519316
-1.10181e-06
0.00519339
-9.56479e-07
0.00519358
-8.32918e-07
0.00519375
-7.25141e-07
0.0051939
-6.33987e-07
0.00519402
-5.52511e-07
0.00519413
-4.82166e-07
0.00519423
-4.20463e-07
0.00519432
-3.64298e-07
0.00519439
-3.15907e-07
0.00519445
-2.73596e-07
0.00519451
-2.35604e-07
0.00519455
-2.03955e-07
0.00519459
-1.73863e-07
0.00519463
-1.49808e-07
0.00519466
-1.27708e-07
0.00519468
-1.08776e-07
0.0051947
-9.20158e-08
0.00519472
-7.79607e-08
0.00519474
-6.50478e-08
0.00519475
-5.5321e-08
0.00519476
-4.53365e-08
0.00519477
-3.83654e-08
0.00519477
-3.17315e-08
0.00519478
-2.68725e-08
0.00519479
-2.19437e-08
0.00519479
-1.89717e-08
0.00519479
-1.52128e-08
0.0051948
-1.33887e-08
0.0051948
-1.06971e-08
0.0051948
-9.23713e-09
0.0051948
-7.76429e-09
0.0051948
-7.21421e-09
0.0051948
-5.20962e-09
0.0051948
-5.25208e-09
0.0051948
-3.97812e-09
0.0051948
-3.81521e-09
0.0051948
-2.4477e-09
0.0051948
-1.79503e-09
0.00519481
-7.57896e-10
0.00519481
-1.01761e-09
0.00519481
-1.52712e-10
0.00519481
-1.20254e-10
0.00519481
3.93225e-10
0.00519481
-2.55044e-10
0.00519481
6.38593e-10
0.00519481
-2.43252e-10
0.00519481
-1.95587e-10
0.00519481
-1.15872e-09
0.00519481
-1.28442e-09
0.00519481
-2.04995e-09
0.00519481
-1.43829e-09
0.00519481
-1.84244e-09
0.00519481
-6.07074e-10
0.00519481
-5.68759e-10
0.00519481
4.99994e-10
0.00519481
8.46363e-10
0.00519481
1.41348e-09
0.00519481
1.5594e-09
0.00519481
1.8942e-09
0.00519481
6.30365e-10
0.00519481
5.85054e-10
0.00519481
-1.22499e-09
0.00519481
-2.16456e-09
0.00519481
-4.19037e-09
0.00519481
-6.61486e-09
0.00519481
-9.69978e-09
0.00519482
-1.32763e-08
0.00519482
-1.90159e-08
0.00519483
-2.5705e-08
0.00519483
-3.56477e-08
0.00519485
-4.90339e-08
0.00519486
-6.90815e-08
0.00519488
-9.90012e-08
0.00519492
-1.42649e-07
0.00519497
-2.19443e-07
0.00519504
-3.37481e-07
0.00519518
-6.04818e-07
0.0051954
-1.03603e-06
0.005196
-2.69376e-06
0.00519751
-6.62094e-06
0.00520272
-2.26197e-05
-4.4154e-05
0.00510807
-0.000514827
0.00516871
-0.000316015
0.00518546
-9.22145e-05
0.00518607
-2.79944e-06
0.00518501
6.12754e-06
0.00518549
-2.18806e-06
0.00518649
-5.47494e-06
0.00518771
-6.71399e-06
0.00518878
-5.92381e-06
0.00518971
-5.16157e-06
0.00519048
-4.2794e-06
0.00519112
-3.59125e-06
0.00519165
-2.99005e-06
0.0051921
-2.51422e-06
0.00519248
-2.12208e-06
0.0051928
-1.8086e-06
0.00519308
-1.55134e-06
0.00519331
-1.3385e-06
0.00519352
-1.16119e-06
0.0051937
-1.01029e-06
0.00519385
-8.79044e-07
0.00519398
-7.6795e-07
0.0051941
-6.69296e-07
0.0051942
-5.83633e-07
0.00519429
-5.08211e-07
0.00519437
-4.40454e-07
0.00519443
-3.82042e-07
0.00519449
-3.30895e-07
0.00519454
-2.84819e-07
0.00519458
-2.46053e-07
0.00519462
-2.09953e-07
0.00519465
-1.80744e-07
0.00519467
-1.53939e-07
0.0051947
-1.3101e-07
0.00519471
-1.10846e-07
0.00519473
-9.37918e-08
0.00519474
-7.82477e-08
0.00519475
-6.63318e-08
0.00519476
-5.46035e-08
0.00519477
-4.6133e-08
0.00519478
-3.80884e-08
0.00519478
-3.22501e-08
0.00519479
-2.65054e-08
0.00519479
-2.28399e-08
0.00519479
-1.82763e-08
0.0051948
-1.577e-08
0.0051948
-1.27666e-08
0.0051948
-1.09843e-08
0.0051948
-9.02909e-09
0.0051948
-8.18904e-09
0.0051948
-5.9242e-09
0.0051948
-5.80767e-09
0.0051948
-4.318e-09
0.0051948
-3.99386e-09
0.0051948
-2.63329e-09
0.0051948
-2.22488e-09
0.00519481
-1.19323e-09
0.00519481
-1.32103e-09
0.00519481
-4.19387e-10
0.00519481
-2.60457e-10
0.00519481
3.87079e-10
0.00519481
-2.81228e-10
0.00519481
6.88069e-10
0.00519481
-1.55338e-10
0.00519481
-1.30846e-10
0.00519481
-1.09161e-09
0.00519481
-1.16945e-09
0.00519481
-1.93506e-09
0.00519481
-1.35168e-09
0.00519481
-1.83504e-09
0.00519481
-6.49528e-10
0.00519481
-5.82079e-10
0.00519481
4.06634e-10
0.00519481
8.3381e-10
0.00519481
1.45643e-09
0.00519481
1.50925e-09
0.00519481
1.79402e-09
0.00519481
3.62952e-10
0.00519481
2.23525e-10
0.00519481
-1.63878e-09
0.00519481
-2.80872e-09
0.00519481
-5.03721e-09
0.00519481
-7.7659e-09
0.00519481
-1.14028e-08
0.00519482
-1.57062e-08
0.00519482
-2.2523e-08
0.00519482
-3.07054e-08
0.00519483
-4.27025e-08
0.00519484
-5.91264e-08
0.00519486
-8.33442e-08
0.00519488
-1.1953e-07
0.00519491
-1.71957e-07
0.00519495
-2.63202e-07
0.00519502
-4.02623e-07
0.00519513
-7.17433e-07
0.00519532
-1.22744e-06
0.00519584
-3.21134e-06
0.00519718
-7.95878e-06
0.00520188
-2.73233e-05
-5.34781e-05
0.00511253
-0.000627359
0.00517087
-0.000374357
0.00518618
-0.000107526
0.00518685
-3.46487e-06
0.00518592
7.06218e-06
0.00518642
-2.69231e-06
0.00518733
-6.39018e-06
0.00518845
-7.82938e-06
0.00518942
-6.88948e-06
0.00519026
-6.00246e-06
0.00519095
-4.97255e-06
0.00519153
-4.17114e-06
0.00519201
-3.47069e-06
0.00519241
-2.91707e-06
0.00519275
-2.46098e-06
0.00519304
-2.09623e-06
0.00519328
-1.7971e-06
0.0051935
-1.54972e-06
0.00519368
-1.34333e-06
0.00519384
-1.16778e-06
0.00519397
-1.01548e-06
0.00519409
-8.8648e-07
0.00519419
-7.72259e-07
0.00519428
-6.72801e-07
0.00519436
-5.85151e-07
0.00519443
-5.07228e-07
0.00519448
-4.39948e-07
0.00519453
-3.80815e-07
0.00519458
-3.27517e-07
0.00519461
-2.82559e-07
0.00519464
-2.41209e-07
0.00519467
-2.07486e-07
0.00519469
-1.76454e-07
0.00519471
-1.50047e-07
0.00519473
-1.26998e-07
0.00519474
-1.07398e-07
0.00519475
-8.95138e-08
0.00519476
-7.56588e-08
0.00519477
-6.24191e-08
0.00519478
-5.27325e-08
0.00519478
-4.35021e-08
0.00519479
-3.68394e-08
0.00519479
-3.03316e-08
0.00519479
-2.60422e-08
0.0051948
-2.07707e-08
0.0051948
-1.77305e-08
0.0051948
-1.45052e-08
0.0051948
-1.24524e-08
0.0051948
-1.0004e-08
0.0051948
-8.93124e-09
0.0051948
-6.53359e-09
0.0051948
-6.29553e-09
0.0051948
-4.55577e-09
0.0051948
-4.08761e-09
0.0051948
-2.78003e-09
0.0051948
-2.65718e-09
0.00519481
-1.60357e-09
0.00519481
-1.56188e-09
0.00519481
-6.10306e-10
0.00519481
-4.37124e-10
0.00519481
4.02138e-10
0.00519481
-2.87277e-10
0.00519481
7.45232e-10
0.00519481
-7.91131e-11
0.00519481
-6.75159e-11
0.00519481
-9.92327e-10
0.00519481
-1.03487e-09
0.00519481
-1.84079e-09
0.00519481
-1.27859e-09
0.00519481
-1.84342e-09
0.00519481
-7.37758e-10
0.00519481
-6.52945e-10
0.00519481
2.72506e-10
0.00519481
7.81343e-10
0.00519481
1.45988e-09
0.00519481
1.42516e-09
0.00519481
1.67686e-09
0.00519481
1.37029e-10
0.00519481
-8.34452e-11
0.00519481
-1.99122e-09
0.00519481
-3.35781e-09
0.00519481
-5.75931e-09
0.00519481
-8.74118e-09
0.00519481
-1.29062e-08
0.00519481
-1.78829e-08
0.00519482
-2.56201e-08
0.00519482
-3.51219e-08
0.00519483
-4.89465e-08
0.00519484
-6.80881e-08
0.00519485
-9.59064e-08
0.00519487
-1.37392e-07
0.00519489
-1.97175e-07
0.00519493
-2.99915e-07
0.00519498
-4.55596e-07
0.00519507
-8.05977e-07
0.00519522
-1.37677e-06
0.00519564
-3.63051e-06
0.00519678
-9.09352e-06
0.00520086
-3.14029e-05
-6.16658e-05
0.00511811
-0.000745465
0.00517352
-0.000429769
0.00518708
-0.00012109
0.0051878
-4.18658e-06
0.00518701
7.85865e-06
0.00518753
-3.21393e-06
0.00518834
-7.20061e-06
0.00518933
-8.81662e-06
0.00519017
-7.73399e-06
0.00519091
-6.73743e-06
0.00519151
-5.57553e-06
0.00519201
-4.67452e-06
0.00519243
-3.88674e-06
0.00519278
-3.26518e-06
0.00519307
-2.75345e-06
0.00519332
-2.34398e-06
0.00519353
-2.00825e-06
0.00519371
-1.73058e-06
0.00519386
-1.49874e-06
0.005194
-1.30182e-06
0.00519411
-1.13135e-06
0.00519421
-9.8675e-07
0.0051943
-8.58905e-07
0.00519438
-7.47553e-07
0.00519444
-6.49571e-07
0.0051945
-5.63048e-07
0.00519454
-4.88166e-07
0.00519459
-4.2205e-07
0.00519462
-3.62649e-07
0.00519465
-3.12578e-07
0.00519468
-2.66862e-07
0.0051947
-2.29298e-07
0.00519472
-1.94704e-07
0.00519473
-1.65384e-07
0.00519474
-1.40039e-07
0.00519476
-1.18367e-07
0.00519476
-9.85659e-08
0.00519477
-8.30685e-08
0.00519478
-6.86185e-08
0.00519478
-5.79865e-08
0.00519479
-4.78619e-08
0.00519479
-4.05042e-08
0.00519479
-3.33075e-08
0.0051948
-2.84563e-08
0.0051948
-2.2677e-08
0.0051948
-1.92222e-08
0.0051948
-1.58522e-08
0.0051948
-1.3551e-08
0.0051948
-1.07126e-08
0.0051948
-9.46114e-09
0.0051948
-7.04178e-09
0.0051948
-6.66177e-09
0.0051948
-4.71856e-09
0.0051948
-4.13854e-09
0.0051948
-2.92024e-09
0.0051948
-3.03398e-09
0.0051948
-1.97976e-09
0.0051948
-1.7438e-09
0.0051948
-7.68643e-10
0.0051948
-6.33551e-10
0.0051948
4.02896e-10
0.0051948
-2.71164e-10
0.0051948
7.7864e-10
0.0051948
4.32614e-12
0.0051948
-2.20543e-11
0.0051948
-8.71651e-10
0.0051948
-8.97123e-10
0.0051948
-1.76432e-09
0.0051948
-1.24424e-09
0.0051948
-1.86792e-09
0.0051948
-8.70626e-10
0.0051948
-7.64835e-10
0.0051948
1.07608e-10
0.0051948
6.8749e-10
0.0051948
1.41182e-09
0.0051948
1.31169e-09
0.00519481
1.53557e-09
0.00519481
-5.67357e-11
0.00519481
-3.68588e-10
0.00519481
-2.29227e-09
0.00519481
-3.8344e-09
0.00519481
-6.36366e-09
0.00519481
-9.54532e-09
0.00519481
-1.41803e-08
0.00519481
-1.97555e-08
0.00519481
-2.82259e-08
0.00519482
-3.8854e-08
0.00519482
-5.42307e-08
0.00519483
-7.56887e-08
0.00519484
-1.06476e-07
0.00519486
-1.52159e-07
0.00519488
-2.17683e-07
0.00519491
-3.28646e-07
0.00519495
-4.94916e-07
0.00519501
-8.67614e-07
0.00519511
-1.47888e-06
0.00519542
-3.93743e-06
0.00519632
-9.99329e-06
0.00519966
-3.47451e-05
-6.84971e-05
0.00512493
-0.000870397
0.00517667
-0.00048151
0.00518816
-0.000132583
0.00518895
-4.96873e-06
0.00518829
8.51011e-06
0.00518882
-3.74113e-06
0.00518951
-7.88436e-06
0.00519034
-9.65177e-06
0.00519104
-8.43617e-06
0.00519165
-7.34808e-06
0.00519215
-6.07301e-06
0.00519257
-5.08859e-06
0.00519291
-4.22775e-06
0.00519319
-3.5499e-06
0.00519343
-2.99219e-06
0.00519363
-2.54556e-06
0.0051938
-2.17936e-06
0.00519395
-1.87644e-06
0.00519407
-1.62349e-06
0.00519418
-1.40901e-06
0.00519427
-1.22368e-06
0.00519435
-1.06612e-06
0.00519442
-9.26984e-07
0.00519448
-8.06002e-07
0.00519453
-6.99881e-07
0.00519457
-6.06432e-07
0.00519461
-5.2535e-07
0.00519464
-4.53473e-07
0.00519467
-3.89328e-07
0.00519469
-3.35317e-07
0.00519471
-2.86223e-07
0.00519473
-2.45546e-07
0.00519474
-2.08241e-07
0.00519475
-1.7664e-07
0.00519476
-1.49599e-07
0.00519477
-1.26335e-07
0.00519477
-1.05161e-07
0.00519478
-8.83997e-08
0.00519478
-7.30894e-08
0.00519479
-6.1752e-08
0.00519479
-5.10429e-08
0.00519479
-4.31191e-08
0.0051948
-3.53599e-08
0.0051948
-3.00256e-08
0.0051948
-2.39948e-08
0.0051948
-2.02111e-08
0.0051948
-1.67561e-08
0.0051948
-1.42198e-08
0.0051948
-1.11823e-08
0.0051948
-9.79812e-09
0.0051948
-7.4275e-09
0.0051948
-6.85319e-09
0.0051948
-4.8133e-09
0.0051948
-4.17915e-09
0.0051948
-3.06908e-09
0.0051948
-3.29967e-09
0.0051948
-2.31764e-09
0.0051948
-1.88516e-09
0.0051948
-9.3751e-10
0.0051948
-8.32974e-10
0.0051948
3.60131e-10
0.0051948
-2.41763e-10
0.0051948
7.59471e-10
0.0051948
1.01374e-10
0.0051948
9.65481e-14
0.0051948
-7.49076e-10
0.0051948
-7.74165e-10
0.0051948
-1.69273e-09
0.0051948
-1.25511e-09
0.0051948
-1.89741e-09
0.0051948
-1.02443e-09
0.0051948
-8.90097e-10
0.0051948
-6.46472e-11
0.0051948
5.62892e-10
0.0051948
1.31107e-09
0.0051948
1.17247e-09
0.0051948
1.35079e-09
0.0051948
-2.37834e-10
0.0051948
-6.72752e-10
0.0051948
-2.55437e-09
0.0051948
-4.2561e-09
0.0051948
-6.85861e-09
0.00519481
-1.01744e-08
0.00519481
-1.51826e-08
0.00519481
-2.12568e-08
0.00519481
-3.02625e-08
0.00519481
-4.17971e-08
0.00519482
-5.84159e-08
0.00519482
-8.17e-08
0.00519483
-1.1478e-07
0.00519484
-1.63464e-07
0.00519486
-2.32976e-07
0.00519488
-3.487e-07
0.0051949
-5.19586e-07
0.00519494
-9.0055e-07
0.00519499
-1.53037e-06
0.00519517
-4.12152e-06
0.00519581
-1.06311e-05
0.00519831
-3.72437e-05
-7.37571e-05
0.00513319
-0.00100358
0.00518037
-0.000528691
0.00518944
-0.000141657
0.00519028
-5.80917e-06
0.00518978
9.01572e-06
0.00519029
-4.25614e-06
0.00519082
-8.41811e-06
0.00519148
-1.03097e-05
0.00519202
-8.97434e-06
0.00519249
-7.81565e-06
0.00519286
-6.44965e-06
0.00519318
-5.4008e-06
0.00519343
-4.48353e-06
0.00519365
-3.76279e-06
0.00519382
-3.16998e-06
0.00519397
-2.69482e-06
0.0051941
-2.30523e-06
0.00519421
-1.98295e-06
0.0051943
-1.71395e-06
0.00519437
-1.48621e-06
0.00519444
-1.28968e-06
0.0051945
-1.12221e-06
0.00519454
-9.74526e-07
0.00519458
-8.46492e-07
0.00519462
-7.3459e-07
0.00519465
-6.36011e-07
0.00519467
-5.50314e-07
0.00519469
-4.74179e-07
0.00519471
-4.06822e-07
0.00519473
-3.50099e-07
0.00519474
-2.98678e-07
0.00519475
-2.55732e-07
0.00519476
-2.16698e-07
0.00519476
-1.8354e-07
0.00519477
-1.55377e-07
0.00519477
-1.31028e-07
0.00519478
-1.09094e-07
0.00519478
-9.15461e-08
0.00519478
-7.57407e-08
0.00519479
-6.39197e-08
0.00519479
-5.29147e-08
0.00519479
-4.45913e-08
0.00519479
-3.64506e-08
0.00519479
-3.07511e-08
0.00519479
-2.4713e-08
0.00519479
-2.06746e-08
0.00519479
-1.71807e-08
0.00519479
-1.44423e-08
0.00519479
-1.14166e-08
0.00519479
-9.94368e-09
0.00519479
-7.64121e-09
0.00519479
-6.8362e-09
0.00519479
-4.82379e-09
0.00519479
-4.21976e-09
0.00519479
-3.21707e-09
0.00519479
-3.42012e-09
0.00519479
-2.60356e-09
0.00519479
-2.0125e-09
0.00519479
-1.12536e-09
0.00519479
-1.01888e-09
0.00519479
2.72083e-10
0.00519479
-2.15534e-10
0.00519479
6.77244e-10
0.00519479
2.01336e-10
0.00519479
6.82774e-12
0.00519479
-6.42659e-10
0.00519479
-6.78243e-10
0.00519479
-1.60851e-09
0.00519479
-1.28973e-09
0.00519479
-1.90987e-09
0.00519479
-1.16251e-09
0.00519479
-9.93511e-10
0.00519479
-2.18804e-10
0.00519479
4.26293e-10
0.00519479
1.16145e-09
0.00519479
1.01043e-09
0.00519479
1.10606e-09
0.00519479
-4.27553e-10
0.00519479
-1.01585e-09
0.00519479
-2.78137e-09
0.00519479
-4.61598e-09
0.00519479
-7.24221e-09
0.00519479
-1.06106e-08
0.0051948
-1.58634e-08
0.0051948
-2.23151e-08
0.0051948
-3.16646e-08
0.0051948
-4.38534e-08
0.0051948
-6.13748e-08
0.00519481
-8.59156e-08
0.00519481
-1.20565e-07
0.00519482
-1.71016e-07
0.00519483
-2.42668e-07
0.00519484
-3.59632e-07
0.00519485
-5.29135e-07
0.00519486
-9.04139e-07
0.00519485
-1.52983e-06
0.00519491
-4.17601e-06
0.00519526
-1.09854e-05
0.00519682
-3.88019e-05
-7.72378e-05
0.00514309
-0.00114667
0.00518464
-0.000570236
0.00519092
-0.000147941
0.00519181
-6.69584e-06
0.00519144
9.38006e-06
0.00519192
-4.73488e-06
0.00519228
-8.77722e-06
0.00519273
-1.07639e-05
0.00519309
-9.32629e-06
0.00519339
-8.12115e-06
0.00519363
-6.69021e-06
0.00519383
-5.59881e-06
0.00519399
-4.6441e-06
0.00519413
-3.89552e-06
0.00519423
-3.27976e-06
0.00519433
-2.78587e-06
0.0051944
-2.38096e-06
0.00519447
-2.04609e-06
0.00519452
-1.76671e-06
0.00519456
-1.53047e-06
0.0051946
-1.32677e-06
0.00519463
-1.15289e-06
0.00519466
-9.99849e-07
0.00519468
-8.67573e-07
0.00519469
-7.52325e-07
0.00519471
-6.50592e-07
0.00519472
-5.62098e-07
0.00519473
-4.835e-07
0.00519474
-4.14543e-07
0.00519475
-3.56374e-07
0.00519475
-3.03714e-07
0.00519475
-2.595e-07
0.00519476
-2.19787e-07
0.00519476
-1.85893e-07
0.00519476
-1.57161e-07
0.00519476
-1.32279e-07
0.00519476
-1.10212e-07
0.00519476
-9.24267e-08
0.00519476
-7.64861e-08
0.00519477
-6.44107e-08
0.00519477
-5.33653e-08
0.00519477
-4.48694e-08
0.00519477
-3.65643e-08
0.00519477
-3.06604e-08
0.00519476
-2.48012e-08
0.00519476
-2.05962e-08
0.00519476
-1.71118e-08
0.00519476
-1.42425e-08
0.00519476
-1.1395e-08
0.00519476
-9.88042e-09
0.00519476
-7.63343e-09
0.00519476
-6.61262e-09
0.00519476
-4.73109e-09
0.00519476
-4.24579e-09
0.00519476
-3.33769e-09
0.00519476
-3.39669e-09
0.00519476
-2.80726e-09
0.00519476
-2.14434e-09
0.00519476
-1.30081e-09
0.00519476
-1.17311e-09
0.00519476
1.60647e-10
0.00519476
-1.99679e-10
0.00519476
5.42008e-10
0.00519476
2.85727e-10
0.00519476
9.25286e-12
0.00519476
-5.67314e-10
0.00519476
-6.13138e-10
0.00519476
-1.50247e-09
0.00519476
-1.31404e-09
0.00519476
-1.88332e-09
0.00519476
-1.25754e-09
0.00519476
-1.04841e-09
0.00519476
-3.41149e-10
0.00519476
2.86046e-10
0.00519476
9.67564e-10
0.00519476
8.19221e-10
0.00519476
8.0008e-10
0.00519476
-6.32515e-10
0.00519476
-1.37775e-09
0.00519476
-2.96743e-09
0.00519476
-4.88028e-09
0.00519476
-7.49528e-09
0.00519476
-1.08285e-08
0.00519476
-1.61745e-08
0.00519477
-2.28713e-08
0.00519477
-3.23852e-08
0.00519477
-4.49393e-08
0.00519477
-6.29844e-08
0.00519477
-8.81616e-08
0.00519477
-1.23602e-07
0.00519478
-1.74592e-07
0.00519478
-2.46492e-07
0.00519478
-3.6126e-07
0.00519478
-5.23631e-07
0.00519475
-8.78962e-07
0.0051947
-1.47802e-06
0.00519462
-4.0986e-06
0.00519468
-1.10413e-05
0.00519521
-3.93351e-05
-7.87404e-05
0.00515492
-0.00130159
0.00518949
-0.000604814
0.00519258
-0.00015103
0.00519349
-7.60195e-06
0.00519326
9.61126e-06
0.00519367
-5.14684e-06
0.00519383
-8.93607e-06
0.00519405
-1.09866e-05
0.0051942
-9.46947e-06
0.00519432
-8.24544e-06
0.00519441
-6.77969e-06
0.00519448
-5.67053e-06
0.00519454
-4.69964e-06
0.00519458
-3.93996e-06
0.00519462
-3.31473e-06
0.00519465
-2.81315e-06
0.00519467
-2.40202e-06
0.00519468
-2.06218e-06
0.0051947
-1.77866e-06
0.0051947
-1.53909e-06
0.00519471
-1.33268e-06
0.00519471
-1.15638e-06
0.00519472
-1.00153e-06
0.00519472
-8.68008e-07
0.00519472
-7.51903e-07
0.00519472
-6.49224e-07
0.00519471
-5.6001e-07
0.00519471
-4.80974e-07
0.00519471
-4.12041e-07
0.00519471
-3.53722e-07
0.0051947
-3.0097e-07
0.0051947
-2.56635e-07
0.0051947
-2.17307e-07
0.0051947
-1.83557e-07
0.00519469
-1.54841e-07
0.00519469
-1.30038e-07
0.00519469
-1.08435e-07
0.00519469
-9.09665e-08
0.00519469
-7.52456e-08
0.00519469
-6.31774e-08
0.00519468
-5.23252e-08
0.00519468
-4.39391e-08
0.00519468
-3.57005e-08
0.00519468
-2.97767e-08
0.00519468
-2.4225e-08
0.00519468
-1.99645e-08
0.00519468
-1.65632e-08
0.00519468
-1.36687e-08
0.00519468
-1.10858e-08
0.00519468
-9.57374e-09
0.00519468
-7.37528e-09
0.00519468
-6.21256e-09
0.00519468
-4.52506e-09
0.00519468
-4.22003e-09
0.00519468
-3.39311e-09
0.00519468
-3.25862e-09
0.00519468
-2.88941e-09
0.00519467
-2.26768e-09
0.00519467
-1.41396e-09
0.00519467
-1.2663e-09
0.00519467
5.87322e-11
0.00519467
-1.86957e-10
0.00519467
3.79089e-10
0.00519467
3.29779e-10
0.00519467
1.13158e-11
0.00519468
-5.32523e-10
0.00519467
-5.76302e-10
0.00519467
-1.37163e-09
0.00519467
-1.29918e-09
0.00519467
-1.79563e-09
0.00519467
-1.30005e-09
0.00519467
-1.04717e-09
0.00519467
-4.28702e-10
0.00519467
1.47773e-10
0.00519467
7.4562e-10
0.00519467
6.00239e-10
0.00519467
4.60214e-10
0.00519467
-8.33431e-10
0.00519467
-1.6991e-09
0.00519468
-3.08753e-09
0.00519468
-5.00247e-09
0.00519468
-7.58336e-09
0.00519468
-1.08117e-08
0.00519468
-1.60951e-08
0.00519468
-2.28954e-08
0.00519468
-3.2388e-08
0.00519468
-4.49891e-08
0.00519468
-6.31273e-08
0.00519468
-8.82954e-08
0.00519468
-1.23689e-07
0.00519468
-1.74021e-07
0.00519467
-2.44294e-07
0.00519467
-3.53642e-07
0.00519465
-5.03677e-07
0.00519459
-8.2686e-07
0.00519449
-1.37807e-06
0.00519429
-3.89202e-06
0.00519404
-1.0791e-05
0.00519348
-3.87749e-05
-7.80786e-05
0.00516895
-0.00147054
0.00519489
-0.000630758
0.00519434
-0.000150477
0.00519522
-8.47989e-06
0.00519511
9.71764e-06
0.00519542
-5.45539e-06
0.00519535
-8.86859e-06
0.00519532
-1.09486e-05
0.00519523
-9.38114e-06
0.00519515
-8.16942e-06
0.00519508
-6.70333e-06
0.00519501
-5.60404e-06
0.00519495
-4.64048e-06
0.0051949
-3.88819e-06
0.00519485
-3.26842e-06
0.00519481
-2.7715e-06
0.00519478
-2.36425e-06
0.00519474
-2.02776e-06
0.00519471
-1.74691e-06
0.00519468
-1.50966e-06
0.00519465
-1.30547e-06
0.00519463
-1.13113e-06
0.00519461
-9.78337e-07
0.00519458
-8.46765e-07
0.00519457
-7.32411e-07
0.00519455
-6.31241e-07
0.00519453
-5.43621e-07
0.00519452
-4.66288e-07
0.0051945
-3.98997e-07
0.00519449
-3.41875e-07
0.00519448
-2.90276e-07
0.00519447
-2.47064e-07
0.00519446
-2.0916e-07
0.00519446
-1.76446e-07
0.00519445
-1.48412e-07
0.00519444
-1.24357e-07
0.00519444
-1.03762e-07
0.00519444
-8.71033e-08
0.00519443
-7.19624e-08
0.00519443
-6.02175e-08
0.00519443
-4.97957e-08
0.00519442
-4.18244e-08
0.00519442
-3.38815e-08
0.00519442
-2.812e-08
0.00519442
-2.29743e-08
0.00519442
-1.87887e-08
0.00519442
-1.557e-08
0.00519442
-1.27697e-08
0.00519441
-1.04767e-08
0.00519441
-8.997e-09
0.00519441
-6.88589e-09
0.00519441
-5.6932e-09
0.00519441
-4.21553e-09
0.00519441
-4.10646e-09
0.00519441
-3.34542e-09
0.00519441
-3.04467e-09
0.00519441
-2.82223e-09
0.00519441
-2.33496e-09
0.00519441
-1.43156e-09
0.00519441
-1.27043e-09
0.00519441
-1.7292e-11
0.00519441
-1.67517e-10
0.00519441
2.21582e-10
0.00519441
3.09385e-10
0.00519441
8.2437e-12
0.00519441
-5.43452e-10
0.00519441
-5.66311e-10
0.00519441
-1.23258e-09
0.00519441
-1.23653e-09
0.00519441
-1.6468e-09
0.00519441
-1.2966e-09
0.00519441
-1.01417e-09
0.00519441
-4.83382e-10
0.00519441
9.24622e-12
0.00519441
5.20271e-10
0.00519441
3.67593e-10
0.00519441
1.26579e-10
0.00519441
-9.96165e-10
0.00519441
-1.91486e-09
0.00519441
-3.1149e-09
0.00519441
-4.93685e-09
0.00519441
-7.47338e-09
0.00519441
-1.05534e-08
0.00519441
-1.56223e-08
0.00519441
-2.23667e-08
0.00519441
-3.16332e-08
0.00519441
-4.39505e-08
0.00519441
-6.16854e-08
0.0051944
-8.62028e-08
0.0051944
-1.20665e-07
0.0051944
-1.69169e-07
0.00519439
-2.3602e-07
0.00519437
-3.37062e-07
0.00519434
-4.70395e-07
0.00519426
-7.50941e-07
0.00519412
-1.23561e-06
0.00519379
-3.56466e-06
0.00519324
-1.02343e-05
0.00519154
-3.7074e-05
-7.50839e-05
0.0051854
-0.00165594
0.00520056
-0.000645918
0.00519586
-0.000145776
0.00519663
-9.25456e-06
0.00519665
9.70152e-06
0.00519681
-5.6189e-06
0.00519649
-8.54918e-06
0.00519616
-1.06197e-05
0.00519582
-9.03878e-06
0.00519553
-7.87421e-06
0.00519527
-6.44668e-06
0.00519506
-5.38766e-06
0.00519487
-4.45725e-06
0.00519472
-3.73264e-06
0.00519458
-3.13489e-06
0.00519447
-2.65614e-06
0.00519437
-2.26379e-06
0.00519428
-1.93962e-06
0.0051942
-1.66886e-06
0.00519413
-1.4401e-06
0.00519407
-1.24352e-06
0.00519402
-1.0759e-06
0.00519397
-9.29247e-07
0.00519392
-8.03022e-07
0.00519389
-6.93264e-07
0.00519385
-5.96274e-07
0.00519382
-5.12724e-07
0.00519379
-4.39259e-07
0.00519377
-3.75236e-07
0.00519375
-3.20751e-07
0.00519373
-2.71686e-07
0.00519371
-2.30866e-07
0.0051937
-1.95379e-07
0.00519369
-1.64561e-07
0.00519368
-1.37971e-07
0.00519367
-1.15366e-07
0.00519366
-9.62721e-08
0.00519366
-8.08259e-08
0.00519365
-6.6639e-08
0.00519364
-5.55898e-08
0.00519364
-4.58587e-08
0.00519364
-3.85719e-08
0.00519363
-3.11564e-08
0.00519363
-2.57064e-08
0.00519363
-2.10444e-08
0.00519363
-1.71104e-08
0.00519363
-1.4169e-08
0.00519363
-1.15775e-08
0.00519362
-9.55821e-09
0.00519362
-8.13488e-09
0.00519362
-6.19487e-09
0.00519362
-5.11012e-09
0.00519362
-3.82868e-09
0.00519362
-3.8714e-09
0.00519362
-3.16559e-09
0.00519362
-2.76994e-09
0.00519362
-2.61095e-09
0.00519362
-2.28062e-09
0.00519362
-1.34064e-09
0.00519362
-1.17717e-09
0.00519362
-6.05488e-11
0.00519362
-1.46266e-10
0.00519362
9.34766e-11
0.00519362
2.19811e-10
0.00519362
-1.09972e-11
0.00519362
-5.81104e-10
0.00519362
-5.76289e-10
0.00519362
-1.09948e-09
0.00519362
-1.1368e-09
0.00519362
-1.45381e-09
0.00519362
-1.25169e-09
0.00519362
-9.72889e-10
0.00519362
-4.98277e-10
0.00519362
-1.13579e-10
0.00519362
3.16706e-10
0.00519362
1.58702e-10
0.00519362
-1.48233e-10
0.00519362
-1.08087e-09
0.00519362
-1.98289e-09
0.00519362
-3.03101e-09
0.00519362
-4.70652e-09
0.00519362
-7.15715e-09
0.00519362
-1.00437e-08
0.00519362
-1.47745e-08
0.00519362
-2.12048e-08
0.00519361
-3.00748e-08
0.00519361
-4.1779e-08
0.00519361
-5.85681e-08
0.0051936
-8.17986e-08
0.0051936
-1.14428e-07
0.00519359
-1.59937e-07
0.00519358
-2.217e-07
0.00519355
-3.12001e-07
0.00519351
-4.25385e-07
0.00519341
-6.55576e-07
0.00519323
-1.05885e-06
0.0051928
-3.13119e-06
0.00519195
-9.38022e-06
0.00518909
-3.42143e-05
-6.96156e-05
0.00520399
-0.00185992
0.0052055
-0.000647434
0.00519608
-0.000136357
0.00519665
-9.81803e-06
0.0051968
9.54924e-06
0.00519678
-5.59307e-06
0.00519618
-7.95455e-06
0.00519553
-9.96982e-06
0.00519492
-8.42081e-06
0.00519438
-7.34157e-06
0.00519393
-5.99599e-06
0.00519356
-5.01019e-06
0.00519324
-4.14114e-06
0.00519297
-3.46639e-06
0.00519275
-2.90876e-06
0.00519255
-2.4627e-06
0.00519239
-2.09708e-06
0.00519224
-1.79482e-06
0.00519212
-1.54217e-06
0.00519201
-1.32868e-06
0.00519191
-1.14553e-06
0.00519182
-9.89651e-07
0.00519175
-8.53427e-07
0.00519168
-7.36181e-07
0.00519162
-6.34194e-07
0.00519157
-5.44241e-07
0.00519152
-4.67283e-07
0.00519148
-3.99885e-07
0.00519145
-3.40772e-07
0.00519142
-2.90494e-07
0.00519139
-2.4547e-07
0.00519137
-2.08267e-07
0.00519135
-1.76124e-07
0.00519133
-1.48024e-07
0.00519132
-1.23707e-07
0.00519131
-1.0326e-07
0.0051913
-8.61196e-08
0.00519129
-7.22154e-08
0.00519128
-5.9373e-08
0.00519128
-4.94242e-08
0.00519127
-4.06643e-08
0.00519127
-3.42037e-08
0.00519126
-2.75823e-08
0.00519126
-2.26162e-08
0.00519126
-1.85418e-08
0.00519125
-1.49924e-08
0.00519125
-1.24086e-08
0.00519125
-1.0112e-08
0.00519125
-8.35854e-09
0.00519125
-7.02027e-09
0.00519125
-5.34433e-09
0.00519125
-4.49761e-09
0.00519125
-3.37556e-09
0.00519125
-3.48852e-09
0.00519125
-2.84491e-09
0.00519125
-2.42387e-09
0.00519124
-2.29018e-09
0.00519124
-2.06647e-09
0.00519124
-1.14985e-09
0.00519124
-1.01172e-09
0.00519124
-7.40652e-11
0.00519124
-1.2939e-10
0.00519124
-1.22211e-12
0.00519124
8.23519e-11
0.00519124
-5.39389e-11
0.00519124
-6.19792e-10
0.00519124
-5.90639e-10
0.00519124
-9.84699e-10
0.00519124
-1.01816e-09
0.00519124
-1.24222e-09
0.00519124
-1.15499e-09
0.00519124
-9.30543e-10
0.00519124
-4.65089e-10
0.00519124
-1.91794e-10
0.00519124
1.46761e-10
0.00519124
6.61903e-12
0.00519124
-3.25869e-10
0.00519124
-1.06242e-09
0.00519124
-1.90049e-09
0.00519124
-2.83252e-09
0.00519124
-4.32954e-09
0.00519124
-6.64678e-09
0.00519124
-9.26861e-09
0.00519124
-1.35471e-08
0.00519124
-1.94423e-08
0.00519124
-2.76436e-08
0.00519123
-3.8294e-08
0.00519123
-5.37352e-08
0.00519122
-7.5031e-08
0.00519121
-1.04932e-07
0.0051912
-1.46271e-07
0.00519118
-2.01419e-07
0.00519115
-2.79072e-07
0.00519109
-3.70656e-07
0.00519098
-5.46283e-07
0.00519078
-8.58742e-07
0.00519026
-2.61367e-06
0.00518913
-8.24735e-06
0.00518514
-3.02185e-05
-6.15787e-05
0.00522265
-0.00208257
0.00520658
-0.00063137
0.00519184
-0.00012161
0.00519205
-1.00267e-05
0.00519238
9.216e-06
0.00519212
-5.33495e-06
0.00519124
-7.06682e-06
0.00519024
-8.96983e-06
0.00518932
-7.50851e-06
0.00518854
-6.55513e-06
0.00518788
-5.33922e-06
0.00518733
-4.46165e-06
0.00518688
-3.68446e-06
0.00518649
-3.08374e-06
0.00518617
-2.58544e-06
0.0051859
-2.18733e-06
0.00518566
-1.86095e-06
0.00518546
-1.59085e-06
0.00518528
-1.36496e-06
0.00518512
-1.17413e-06
0.00518499
-1.01059e-06
0.00518487
-8.71692e-07
0.00518477
-7.50387e-07
0.00518468
-6.45992e-07
0.0051846
-5.55264e-07
0.00518453
-4.75369e-07
0.00518447
-4.07443e-07
0.00518442
-3.48318e-07
0.00518437
-2.95836e-07
0.00518434
-2.51479e-07
0.0051843
-2.1206e-07
0.00518427
-1.79618e-07
0.00518425
-1.51675e-07
0.00518423
-1.27118e-07
0.00518421
-1.05907e-07
0.0051842
-8.82945e-08
0.00518418
-7.35401e-08
0.00518417
-6.14791e-08
0.00518416
-5.0374e-08
0.00518416
-4.19e-08
0.00518415
-3.43964e-08
0.00518414
-2.89033e-08
0.00518414
-2.32074e-08
0.00518414
-1.89355e-08
0.00518413
-1.55637e-08
0.00518413
-1.25095e-08
0.00518413
-1.03374e-08
0.00518413
-8.39815e-09
0.00518412
-6.92435e-09
0.00518412
-5.73188e-09
0.00518412
-4.37448e-09
0.00518412
-3.85105e-09
0.00518412
-2.85644e-09
0.00518412
-2.94559e-09
0.00518412
-2.40218e-09
0.00518412
-1.99367e-09
0.00518412
-1.89621e-09
0.00518412
-1.7072e-09
0.00518412
-8.75759e-10
0.00518412
-8.18544e-10
0.00518412
-7.3471e-11
0.00518412
-1.08646e-10
0.00518412
-7.52561e-11
0.00518412
-7.00118e-11
0.00518412
-1.12754e-10
0.00518412
-6.36738e-10
0.00518412
-5.84636e-10
0.00518412
-8.82764e-10
0.00518412
-8.8896e-10
0.00518412
-1.02123e-09
0.00518412
-9.82046e-10
0.00518412
-8.70312e-10
0.00518412
-3.88768e-10
0.00518412
-1.98141e-10
0.00518412
9.45172e-12
0.00518412
-7.45665e-11
0.00518412
-3.92941e-10
0.00518412
-9.40886e-10
0.00518412
-1.69431e-09
0.00518412
-2.5395e-09
0.00518412
-3.81763e-09
0.00518412
-5.94741e-09
0.00518411
-8.21173e-09
0.00518411
-1.19251e-08
0.00518411
-1.707e-08
0.00518411
-2.42432e-08
0.0051841
-3.35797e-08
0.0051841
-4.71548e-08
0.00518409
-6.58669e-08
0.00518407
-9.2143e-08
0.00518406
-1.2814e-07
0.00518403
-1.75296e-07
0.00518399
-2.38924e-07
0.00518393
-3.08352e-07
0.00518381
-4.2934e-07
0.0051836
-6.4837e-07
0.00518303
-2.04333e-06
0.00518165
-6.86845e-06
0.00517661
-2.51738e-05
-5.0946e-05
0.00523335
-0.00231593
0.00519422
-0.000592238
0.00517354
-0.000100931
0.00517321
-9.69064e-06
0.00517382
8.60343e-06
0.00517329
-4.8063e-06
0.00517211
-5.87946e-06
0.00517074
-7.59773e-06
0.00516952
-6.29056e-06
0.00516847
-5.50387e-06
0.0051676
-4.46899e-06
0.00516687
-3.73569e-06
0.00516627
-3.0822e-06
0.00516576
-2.58087e-06
0.00516534
-2.16168e-06
0.00516498
-1.82751e-06
0.00516467
-1.55341e-06
0.00516441
-1.32629e-06
0.00516418
-1.1363e-06
0.00516398
-9.75928e-07
0.00516381
-8.3852e-07
0.00516366
-7.21988e-07
0.00516353
-6.20299e-07
0.00516342
-5.32819e-07
0.00516332
-4.57014e-07
0.00516323
-3.90303e-07
0.00516316
-3.33819e-07
0.0051631
-2.84606e-07
0.00516304
-2.4109e-07
0.005163
-2.04357e-07
0.00516295
-1.7204e-07
0.00516292
-1.45428e-07
0.00516289
-1.22486e-07
0.00516287
-1.02318e-07
0.00516285
-8.50042e-08
0.00516283
-7.08171e-08
0.00516281
-5.8867e-08
0.0051628
-4.89572e-08
0.00516279
-3.9957e-08
0.00516278
-3.32532e-08
0.00516277
-2.72299e-08
0.00516277
-2.28195e-08
0.00516276
-1.82242e-08
0.00516276
-1.48033e-08
0.00516276
-1.22206e-08
0.00516275
-9.75588e-09
0.00516275
-8.02512e-09
0.00516275
-6.50382e-09
0.00516275
-5.33122e-09
0.00516275
-4.36918e-09
0.00516275
-3.33981e-09
0.00516274
-3.14089e-09
0.00516274
-2.27159e-09
0.00516274
-2.26307e-09
0.00516274
-1.87119e-09
0.00516274
-1.49487e-09
0.00516274
-1.45682e-09
0.00516274
-1.26698e-09
0.00516274
-5.49847e-10
0.00516274
-6.32497e-10
0.00516274
-8.74061e-11
0.00516274
-7.38547e-11
0.00516274
-1.36152e-10
0.00516274
-2.12115e-10
0.00516274
-1.61393e-10
0.00516274
-6.1789e-10
0.00516274
-5.36006e-10
0.00516274
-7.59266e-10
0.00516274
-7.3857e-10
0.00516274
-7.93997e-10
0.00516274
-7.32564e-10
0.00516274
-7.75955e-10
0.00516274
-3.02444e-10
0.00516274
-1.33941e-10
0.00516274
-9.50062e-11
0.00516274
-1.02136e-10
0.00516274
-3.68783e-10
0.00516274
-7.45242e-10
0.00516274
-1.39514e-09
0.00516274
-2.17243e-09
0.00516274
-3.17038e-09
0.00516274
-5.03538e-09
0.00516273
-6.86038e-09
0.00516273
-9.87829e-09
0.00516273
-1.4092e-08
0.00516273
-1.99677e-08
0.00516272
-2.76221e-08
0.00516271
-3.88677e-08
0.0051627
-5.434e-08
0.00516268
-7.60713e-08
0.00516266
-1.05587e-07
0.00516263
-1.43531e-07
0.00516258
-1.92406e-07
0.00516252
-2.40217e-07
0.0051624
-3.1143e-07
0.00516219
-4.4142e-07
0.00516161
-1.45926e-06
0.00516004
-5.30179e-06
0.00515416
-1.92901e-05
-3.78151e-05
0.00520998
-0.0025259
0.00513963
-0.000521893
0.00511254
-7.38367e-05
0.00511139
-8.54539e-06
0.00511247
7.52629e-06
0.00511163
-3.97024e-06
0.00511017
-4.4108e-06
0.00510842
-5.85446e-06
0.0051069
-4.77312e-06
0.00510559
-4.19274e-06
0.00510451
-3.39001e-06
0.00510362
-2.83643e-06
0.00510287
-2.33783e-06
0.00510225
-1.95736e-06
0.00510172
-1.63887e-06
0.00510128
-1.38499e-06
0.0051009
-1.17604e-06
0.00510058
-1.0028e-06
0.0051003
-8.57914e-07
0.00510006
-7.35755e-07
0.00509985
-6.30984e-07
0.00509967
-5.42191e-07
0.00509952
-4.64831e-07
0.00509938
-3.98333e-07
0.00509927
-3.40951e-07
0.00509917
-2.90477e-07
0.00509908
-2.47762e-07
0.00509901
-2.106e-07
0.00509894
-1.77811e-07
0.00509889
-1.5032e-07
0.00509884
-1.26386e-07
0.00509881
-1.0658e-07
0.00509877
-8.93791e-08
0.00509874
-7.44212e-08
0.00509872
-6.1692e-08
0.0050987
-5.13676e-08
0.00509869
-4.25813e-08
0.00509867
-3.51566e-08
0.00509866
-2.85715e-08
0.00509865
-2.38298e-08
0.00509864
-1.94185e-08
0.00509864
-1.61907e-08
0.00509863
-1.28574e-08
0.00509863
-1.04073e-08
0.00509862
-8.64789e-09
0.00509862
-6.85247e-09
0.00509862
-5.57098e-09
0.00509862
-4.53544e-09
0.00509861
-3.68191e-09
0.00509861
-3.0104e-09
0.00509861
-2.29039e-09
0.00509861
-2.34511e-09
0.00509861
-1.62946e-09
0.00509861
-1.50382e-09
0.00509861
-1.28972e-09
0.00509861
-9.78318e-10
0.00509861
-9.94603e-10
0.00509861
-8.29294e-10
0.00509861
-2.30905e-10
0.00509861
-4.60337e-10
0.00509861
-1.26959e-10
0.00509861
-3.84324e-11
0.00509861
-1.70593e-10
0.00509861
-3.28824e-10
0.00509861
-1.64849e-10
0.00509861
-5.36668e-10
0.00509861
-4.35005e-10
0.00509861
-5.7203e-10
0.00509861
-5.38101e-10
0.00509861
-5.56545e-10
0.00509861
-4.27555e-10
0.00509861
-6.30286e-10
0.00509861
-2.20853e-10
0.00509861
-2.76192e-11
0.0050986
-1.55946e-10
0.0050986
-1.04468e-10
0.0050986
-2.96433e-10
0.0050986
-5.28829e-10
0.0050986
-1.03197e-09
0.0050986
-1.73488e-09
0.0050986
-2.37916e-09
0.0050986
-3.86399e-09
0.0050986
-5.20992e-09
0.0050986
-7.40851e-09
0.00509859
-1.0548e-08
0.00509859
-1.4898e-08
0.00509858
-2.05365e-08
0.00509857
-2.90221e-08
0.00509856
-4.06399e-08
0.00509854
-5.69192e-08
0.00509851
-7.88872e-08
0.00509848
-1.06617e-07
0.00509843
-1.40598e-07
0.00509836
-1.69529e-07
0.00509824
-2.005e-07
0.00509806
-2.56657e-07
0.00509749
-8.9162e-07
0.00509584
-3.64861e-06
0.00508957
-1.30262e-05
-2.27394e-05
0.00507208
-0.00259798
0.00495551
-0.000405318
0.00492282
-4.11531e-05
0.00492056
-6.27893e-06
0.00492238
5.70335e-06
0.00492122
-2.81485e-06
0.00491955
-2.73736e-06
0.00491748
-3.78151e-06
0.00491572
-3.0153e-06
0.00491419
-2.6653e-06
0.00491294
-2.14226e-06
0.0049119
-1.79508e-06
0.00491104
-1.47743e-06
0.00491032
-1.23825e-06
0.00490972
-1.03553e-06
0.00490921
-8.74822e-07
0.00490877
-7.41919e-07
0.0049084
-6.31769e-07
0.00490808
-5.39762e-07
0.00490781
-4.62254e-07
0.00490758
-3.95619e-07
0.00490737
-3.39147e-07
0.0049072
-2.901e-07
0.00490705
-2.47994e-07
0.00490692
-2.11808e-07
0.00490681
-1.80008e-07
0.00490671
-1.53029e-07
0.00490663
-1.2962e-07
0.00490656
-1.09008e-07
0.0049065
-9.19525e-08
0.00490645
-7.72354e-08
0.00490641
-6.49665e-08
0.00490638
-5.4079e-08
0.00490635
-4.49101e-08
0.00490632
-3.72044e-08
0.0049063
-3.09466e-08
0.00490629
-2.55277e-08
0.00490627
-2.08639e-08
0.00490626
-1.68776e-08
0.00490625
-1.41672e-08
0.00490624
-1.14342e-08
0.00490624
-9.44588e-09
0.00490623
-7.46937e-09
0.00490623
-6.04611e-09
0.00490622
-5.06972e-09
0.00490622
-4.00661e-09
0.00490622
-3.14699e-09
0.00490621
-2.63108e-09
0.00490621
-2.10807e-09
0.00490621
-1.71676e-09
0.00490621
-1.28497e-09
0.00490621
-1.48625e-09
0.00490621
-9.47695e-10
0.00490621
-7.52937e-10
0.00490621
-6.97691e-10
0.00490621
-4.99994e-10
0.00490621
-5.56624e-10
0.00490621
-4.75369e-10
0.00490621
4.04669e-12
0.00490621
-2.98531e-10
0.00490621
-1.75054e-10
0.00490621
-2.08672e-11
0.00490621
-1.37415e-10
0.00490621
-3.81981e-10
0.00490621
-7.78956e-11
0.00490621
-3.43175e-10
0.00490621
-2.8886e-10
0.00490621
-3.13758e-10
0.00490621
-2.8495e-10
0.00490621
-3.36113e-10
0.00490621
-1.36865e-10
0.00490621
-4.49619e-10
0.0049062
-1.49636e-10
0.0049062
6.94279e-11
0.0049062
-1.70144e-10
0.0049062
-1.06468e-10
0.0049062
-2.14513e-10
0.0049062
-3.35271e-10
0.0049062
-6.16794e-10
0.0049062
-1.20776e-09
0.0049062
-1.4729e-09
0.0049062
-2.44576e-09
0.0049062
-3.31961e-09
0.0049062
-4.61448e-09
0.00490619
-6.57511e-09
0.00490619
-9.26353e-09
0.00490618
-1.2665e-08
0.00490617
-1.80292e-08
0.00490615
-2.53332e-08
0.00490613
-3.5441e-08
0.0049061
-4.90677e-08
0.00490606
-6.60035e-08
0.00490601
-8.57162e-08
0.00490594
-9.97856e-08
0.00490584
-1.04717e-07
0.0049057
-1.11254e-07
0.00490522
-4.17402e-07
0.0049036
-2.02866e-06
0.00489776
-7.1832e-06
-7.91053e-06
0.00456768
-0.00216566
0.00437543
-0.000213074
0.00434663
-1.23482e-05
0.00434285
-2.50637e-06
0.00434585
2.70738e-06
0.00434431
-1.27753e-06
0.00434268
-1.10469e-06
0.00434047
-1.57302e-06
0.00433868
-1.22396e-06
0.0043371
-1.08716e-06
0.00433582
-8.67592e-07
0.00433476
-7.2756e-07
0.00433388
-5.97811e-07
0.00433314
-5.01249e-07
0.00433252
-4.18974e-07
0.004332
-3.53621e-07
0.00433156
-2.99291e-07
0.00433118
-2.54387e-07
0.00433086
-2.17169e-07
0.00433058
-1.85741e-07
0.00433034
-1.58517e-07
0.00433014
-1.35456e-07
0.00432996
-1.15588e-07
0.00432982
-9.86019e-08
0.00432969
-8.39912e-08
0.00432958
-7.11785e-08
0.00432949
-6.02738e-08
0.00432941
-5.08246e-08
0.00432934
-4.25406e-08
0.00432928
-3.59101e-08
0.00432924
-3.01697e-08
0.0043292
-2.53148e-08
0.00432916
-2.06685e-08
0.00432913
-1.71507e-08
0.00432911
-1.42826e-08
0.00432909
-1.18597e-08
0.00432908
-9.64961e-09
0.00432906
-7.74351e-09
0.00432905
-6.25778e-09
0.00432904
-5.42442e-09
0.00432904
-4.29339e-09
0.00432903
-3.45408e-09
0.00432903
-2.73216e-09
0.00432902
-2.26453e-09
0.00432902
-1.92511e-09
0.00432902
-1.53921e-09
0.00432901
-1.05407e-09
0.00432901
-9.87088e-10
0.00432901
-7.9446e-10
0.00432901
-6.08112e-10
0.00432901
-4.09409e-10
0.00432901
-6.403e-10
0.00432901
-2.84486e-10
0.00432901
-1.19182e-10
0.00432901
-1.82169e-10
0.00432901
-1.67088e-10
0.00432901
-2.32154e-10
0.00432901
-2.41266e-10
0.00432901
1.01032e-10
0.00432901
-1.43026e-10
0.00432901
-1.66519e-10
0.004329
-3.07526e-11
0.00432901
-6.28747e-12
0.00432901
-3.00522e-10
0.00432901
8.38695e-11
0.00432901
-2.87738e-11
0.00432901
-1.12277e-10
0.00432901
-4.23076e-11
0.00432901
-2.85471e-11
0.004329
-1.12113e-10
0.004329
1.208e-10
0.004329
-2.45925e-10
0.004329
-6.07964e-11
0.004329
1.14932e-10
0.004329
-1.30446e-10
0.004329
-1.03294e-10
0.004329
-1.37562e-10
0.004329
-1.52735e-10
0.004329
-1.78018e-10
0.004329
-5.8382e-10
0.004329
-5.30241e-10
0.004329
-9.02661e-10
0.004329
-1.33196e-09
0.004329
-1.76113e-09
0.00432899
-2.57202e-09
0.00432899
-3.65948e-09
0.00432898
-4.92827e-09
0.00432897
-7.11562e-09
0.00432895
-1.01267e-08
0.00432893
-1.40972e-08
0.0043289
-1.94566e-08
0.00432886
-2.61284e-08
0.00432881
-3.34455e-08
0.00432875
-3.75131e-08
0.00432868
-3.35251e-08
0.00432859
-2.26612e-08
0.00432827
-1.01546e-07
0.00432694
-6.96275e-07
0.00432236
-2.6029e-06
1.19003e-06
0.00283434
0.00262127
0.00260892
0.00260641
0.00260912
0.00260784
0.00260674
0.00260516
0.00260394
0.00260285
0.00260199
0.00260126
0.00260066
0.00260016
0.00259974
0.00259938
0.00259909
0.00259883
0.00259861
0.00259843
0.00259827
0.00259813
0.00259802
0.00259792
0.00259784
0.00259776
0.0025977
0.00259765
0.00259761
0.00259757
0.00259754
0.00259752
0.0025975
0.00259748
0.00259747
0.00259745
0.00259745
0.00259744
0.00259743
0.00259743
0.00259742
0.00259742
0.00259741
0.00259741
0.00259741
0.00259741
0.00259741
0.00259741
0.00259741
0.00259741
0.00259741
0.0025974
0.0025974
0.0025974
0.0025974
0.0025974
0.0025974
0.0025974
0.0025974
0.0025974
0.0025974
0.0025974
0.0025974
0.0025974
0.0025974
0.0025974
0.0025974
0.0025974
0.0025974
0.0025974
0.0025974
0.0025974
0.0025974
0.0025974
0.0025974
0.0025974
0.0025974
0.0025974
0.0025974
0.0025974
0.0025974
0.0025974
0.0025974
0.0025974
0.00259739
0.00259739
0.00259739
0.00259738
0.00259737
0.00259736
0.00259734
0.00259731
0.00259728
0.00259724
0.00259721
0.00259718
0.00259708
0.00259639
0.00259378
)
;

boundaryField
{
    inlet
    {
        type            calculated;
        value           nonuniform List<scalar> 
40
(
-0.005
-0.005
-0.005
-0.005
-0.005
-0.005
-0.005
-0.005
-0.005
-0.005
-0.005
-0.005
-0.005
-0.005
-0.005
-0.005
-0.005
-0.005
-0.005
-0.005
-0.005
-0.005
-0.005
-0.005
-0.005
-0.005
-0.005
-0.005
-0.005
-0.005
-0.005
-0.005
-0.005
-0.005
-0.005
-0.005
-0.005
-0.005
-0.005
-0.005
)
;
    }
    outlet
    {
        type            calculated;
        value           nonuniform List<scalar> 
40
(
0.00259497
0.00431326
0.00488293
0.0050745
0.00514103
0.00516597
0.0051771
0.00518362
0.00518854
0.00519281
0.00519672
0.0052003
0.00520357
0.00520649
0.00520904
0.0052112
0.00521295
0.00521428
0.00521517
0.00521561
0.00521561
0.00521517
0.00521428
0.00521295
0.0052112
0.00520904
0.00520649
0.00520357
0.0052003
0.00519672
0.00519282
0.00518854
0.00518362
0.0051771
0.00516597
0.00514103
0.0050745
0.00488293
0.00431326
0.00259497
)
;
    }
    lowerWall
    {
        type            calculated;
        value           uniform 0;
    }
    upperWall
    {
        type            calculated;
        value           uniform 0;
    }
    frontAndBack
    {
        type            empty;
        value           nonuniform 0();
    }
}


// ************************************************************************* //
