/*--------------------------------*- C++ -*----------------------------------*\
| =========                 |                                                 |
| \\      /  F ield         | OpenFOAM: The Open Source CFD Toolbox           |
|  \\    /   O peration     | Version:  5.x                                   |
|   \\  /    A nd           | Web:      www.OpenFOAM.org                      |
|    \\/     M anipulation  |                                                 |
\*---------------------------------------------------------------------------*/
FoamFile
{
    version     2.0;
    format      ascii;
    class       volVectorField;
    location    "2";
    object      U;
}
// * * * * * * * * * * * * * * * * * * * * * * * * * * * * * * * * * * * * * //

dimensions      [0 1 -1 0 0 0 0];

internalField   nonuniform List<vector> 
4000
(
(0.537552 0.0563964 0)
(0.55218 0.00359619 0)
(0.517062 -0.00176453 0)
(0.522885 -0.00200106 0)
(0.521069 -0.00213058 0)
(0.522 -0.00203749 0)
(0.521391 -0.00204461 0)
(0.521239 -0.00203476 0)
(0.520895 -0.00204422 0)
(0.520686 -0.00204821 0)
(0.52048 -0.00205399 0)
(0.520324 -0.00205771 0)
(0.52019 -0.00206112 0)
(0.520081 -0.00206368 0)
(0.519989 -0.00206575 0)
(0.519912 -0.00206738 0)
(0.519847 -0.0020687 0)
(0.519791 -0.00206976 0)
(0.519744 -0.00207063 0)
(0.519704 -0.00207135 0)
(0.51967 -0.00207193 0)
(0.51964 -0.00207243 0)
(0.519615 -0.00207285 0)
(0.519594 -0.0020732 0)
(0.519575 -0.00207349 0)
(0.51956 -0.00207375 0)
(0.519547 -0.00207395 0)
(0.519536 -0.00207414 0)
(0.519526 -0.00207429 0)
(0.519518 -0.00207444 0)
(0.519512 -0.00207453 0)
(0.519506 -0.00207463 0)
(0.519502 -0.00207472 0)
(0.519498 -0.00207478 0)
(0.519495 -0.00207481 0)
(0.519492 -0.00207487 0)
(0.51949 -0.00207492 0)
(0.519488 -0.00207496 0)
(0.519487 -0.00207497 0)
(0.519485 -0.00207501 0)
(0.519485 -0.00207501 0)
(0.519484 -0.00207503 0)
(0.519483 -0.00207503 0)
(0.519483 -0.00207505 0)
(0.519482 -0.00207506 0)
(0.519482 -0.00207508 0)
(0.519482 -0.00207505 0)
(0.519481 -0.00207508 0)
(0.519481 -0.00207509 0)
(0.519481 -0.0020751 0)
(0.519481 -0.00207507 0)
(0.519481 -0.00207509 0)
(0.519481 -0.00207509 0)
(0.519481 -0.00207509 0)
(0.519481 -0.00207508 0)
(0.519481 -0.00207509 0)
(0.519481 -0.00207509 0)
(0.519481 -0.00207509 0)
(0.519481 -0.00207508 0)
(0.519481 -0.00207509 0)
(0.519481 -0.00207509 0)
(0.519481 -0.0020751 0)
(0.519481 -0.00207508 0)
(0.519481 -0.00207509 0)
(0.519481 -0.00207509 0)
(0.519481 -0.0020751 0)
(0.519481 -0.00207508 0)
(0.519481 -0.0020751 0)
(0.519481 -0.00207509 0)
(0.519481 -0.0020751 0)
(0.519481 -0.00207509 0)
(0.519481 -0.00207509 0)
(0.519481 -0.00207509 0)
(0.519481 -0.0020751 0)
(0.519481 -0.00207509 0)
(0.519481 -0.00207509 0)
(0.519481 -0.00207509 0)
(0.51948 -0.00207509 0)
(0.51948 -0.00207508 0)
(0.51948 -0.00207508 0)
(0.51948 -0.00207508 0)
(0.51948 -0.00207508 0)
(0.51948 -0.00207506 0)
(0.51948 -0.00207505 0)
(0.519479 -0.00207503 0)
(0.519479 -0.00207501 0)
(0.519478 -0.00207497 0)
(0.519477 -0.00207492 0)
(0.519475 -0.00207485 0)
(0.519473 -0.00207477 0)
(0.519469 -0.00207464 0)
(0.519464 -0.0020745 0)
(0.519458 -0.00207436 0)
(0.519451 -0.00207435 0)
(0.519444 -0.00207464 0)
(0.519436 -0.00207528 0)
(0.519442 -0.00207439 0)
(0.519361 -0.00206119 0)
(0.519228 -0.00202118 0)
(0.518638 -0.0021516 0)
(0.864908 0.128453 0)
(0.911564 0.0160027 0)
(0.861952 0.000986238 0)
(0.871339 -7.05327e-05 0)
(0.867949 -0.000504855 0)
(0.869534 -0.000190036 0)
(0.868573 -0.000201405 0)
(0.868402 -0.000163727 0)
(0.867888 -0.000193459 0)
(0.867591 -0.000206358 0)
(0.867286 -0.000225927 0)
(0.86706 -0.0002389 0)
(0.866861 -0.000251029 0)
(0.866701 -0.000260332 0)
(0.866565 -0.000267527 0)
(0.866451 -0.000273269 0)
(0.866355 -0.000277998 0)
(0.866273 -0.000281883 0)
(0.866203 -0.000285126 0)
(0.866143 -0.000287902 0)
(0.866092 -0.000290214 0)
(0.866048 -0.000292204 0)
(0.86601 -0.00029389 0)
(0.865977 -0.000295379 0)
(0.86595 -0.000296623 0)
(0.865926 -0.000297721 0)
(0.865906 -0.000298642 0)
(0.865889 -0.000299462 0)
(0.865874 -0.000300131 0)
(0.865862 -0.000300761 0)
(0.865851 -0.000301219 0)
(0.865843 -0.000301679 0)
(0.865835 -0.000302056 0)
(0.865829 -0.000302361 0)
(0.865824 -0.000302566 0)
(0.86582 -0.000302801 0)
(0.865817 -0.000303009 0)
(0.865814 -0.00030318 0)
(0.865811 -0.000303256 0)
(0.865809 -0.000303414 0)
(0.865808 -0.000303462 0)
(0.865807 -0.00030353 0)
(0.865806 -0.000303573 0)
(0.865805 -0.000303647 0)
(0.865804 -0.00030369 0)
(0.865803 -0.000303746 0)
(0.865803 -0.00030369 0)
(0.865803 -0.000303759 0)
(0.865802 -0.000303791 0)
(0.865802 -0.000303816 0)
(0.865802 -0.000303772 0)
(0.865802 -0.000303818 0)
(0.865802 -0.000303812 0)
(0.865802 -0.00030383 0)
(0.865801 -0.000303806 0)
(0.865801 -0.000303844 0)
(0.865801 -0.000303811 0)
(0.865801 -0.000303837 0)
(0.865801 -0.000303819 0)
(0.865801 -0.000303843 0)
(0.865801 -0.000303831 0)
(0.865801 -0.000303851 0)
(0.865801 -0.000303825 0)
(0.865801 -0.000303852 0)
(0.865801 -0.000303859 0)
(0.865801 -0.000303865 0)
(0.865801 -0.000303821 0)
(0.865801 -0.000303859 0)
(0.865801 -0.000303838 0)
(0.865801 -0.000303844 0)
(0.865801 -0.000303833 0)
(0.865801 -0.000303851 0)
(0.865801 -0.000303825 0)
(0.865801 -0.000303853 0)
(0.865801 -0.000303829 0)
(0.865801 -0.000303838 0)
(0.865801 -0.000303825 0)
(0.865801 -0.000303836 0)
(0.865801 -0.000303804 0)
(0.865801 -0.000303816 0)
(0.8658 -0.00030379 0)
(0.8658 -0.000303786 0)
(0.8658 -0.000303723 0)
(0.8658 -0.000303698 0)
(0.865799 -0.000303641 0)
(0.865798 -0.00030355 0)
(0.865797 -0.000303408 0)
(0.865795 -0.000303244 0)
(0.865792 -0.000302993 0)
(0.865789 -0.00030267 0)
(0.865784 -0.000302188 0)
(0.865777 -0.000301649 0)
(0.865767 -0.000301028 0)
(0.865755 -0.000300676 0)
(0.865743 -0.000300898 0)
(0.865724 -0.000301453 0)
(0.865718 -0.000293341 0)
(0.865546 -0.000239563 0)
(0.865253 -7.34274e-05 0)
(0.863186 -0.000219174 0)
(0.96032 0.135904 0)
(1.02534 0.0244306 0)
(0.976312 0.00334332 0)
(0.987398 0.000825691 0)
(0.983084 0.000103799 0)
(0.984984 0.00060874 0)
(0.983908 0.0006144 0)
(0.983811 0.000677983 0)
(0.983287 0.000629724 0)
(0.983009 0.000605623 0)
(0.982707 0.000571113 0)
(0.982488 0.000547432 0)
(0.982293 0.000525738 0)
(0.982137 0.000509031 0)
(0.982003 0.000495769 0)
(0.981892 0.000485165 0)
(0.981798 0.000476462 0)
(0.981717 0.000469283 0)
(0.981648 0.000463265 0)
(0.981589 0.000458153 0)
(0.981538 0.000453864 0)
(0.981494 0.000450142 0)
(0.981456 0.000446977 0)
(0.981424 0.000444206 0)
(0.981396 0.000441869 0)
(0.981372 0.000439814 0)
(0.981351 0.000438063 0)
(0.981334 0.000436519 0)
(0.981319 0.000435231 0)
(0.981306 0.000434036 0)
(0.981295 0.000433116 0)
(0.981286 0.000432234 0)
(0.981279 0.00043154 0)
(0.981272 0.000430947 0)
(0.981267 0.00043048 0)
(0.981262 0.000430016 0)
(0.981258 0.000429637 0)
(0.981255 0.000429296 0)
(0.981253 0.000429137 0)
(0.981251 0.000428856 0)
(0.981249 0.00042874 0)
(0.981248 0.000428596 0)
(0.981246 0.000428483 0)
(0.981245 0.000428353 0)
(0.981245 0.000428294 0)
(0.981244 0.000428198 0)
(0.981243 0.000428225 0)
(0.981243 0.000428102 0)
(0.981243 0.00042808 0)
(0.981242 0.000428036 0)
(0.981242 0.000428077 0)
(0.981242 0.000428001 0)
(0.981242 0.000428007 0)
(0.981242 0.000427989 0)
(0.981242 0.000428033 0)
(0.981242 0.000427958 0)
(0.981242 0.000428014 0)
(0.981241 0.000427981 0)
(0.981241 0.000428003 0)
(0.981241 0.000427958 0)
(0.981241 0.000427973 0)
(0.981241 0.000427951 0)
(0.981241 0.000427978 0)
(0.981241 0.000427924 0)
(0.981241 0.000427939 0)
(0.981241 0.000427921 0)
(0.981241 0.000427983 0)
(0.981241 0.000427926 0)
(0.981241 0.000427956 0)
(0.981241 0.000427957 0)
(0.981241 0.000427985 0)
(0.981241 0.000427933 0)
(0.981241 0.000427971 0)
(0.981241 0.000427949 0)
(0.981241 0.000427988 0)
(0.981241 0.000427962 0)
(0.981241 0.000427987 0)
(0.981241 0.000427979 0)
(0.981241 0.000428027 0)
(0.981241 0.000428009 0)
(0.981241 0.00042806 0)
(0.98124 0.000428082 0)
(0.98124 0.00042817 0)
(0.98124 0.000428232 0)
(0.981239 0.000428348 0)
(0.981238 0.00042852 0)
(0.981237 0.000428793 0)
(0.981235 0.000429097 0)
(0.981232 0.000429594 0)
(0.981229 0.000430223 0)
(0.981224 0.000431139 0)
(0.981217 0.000432223 0)
(0.981207 0.000433529 0)
(0.981194 0.000434531 0)
(0.981179 0.000435198 0)
(0.981153 0.000436358 0)
(0.981133 0.000458789 0)
(0.98091 0.000569068 0)
(0.980543 0.000943124 0)
(0.977595 0.00117804 0)
(0.984975 0.123291 0)
(1.0595 0.0286581 0)
(1.01374 0.00469235 0)
(1.0259 0.000702459 0)
(1.02098 -0.000183859 0)
(1.02309 0.000443822 0)
(1.02198 0.000481857 0)
(1.02198 0.000563653 0)
(1.0215 0.000501741 0)
(1.02127 0.000466351 0)
(1.021 0.000418321 0)
(1.02082 0.00038417 0)
(1.02065 0.000353187 0)
(1.02051 0.000328917 0)
(1.0204 0.000309817 0)
(1.0203 0.000294825 0)
(1.02022 0.000282551 0)
(1.02015 0.000272427 0)
(1.02009 0.000263942 0)
(1.02004 0.000256736 0)
(1.01999 0.000250662 0)
(1.01995 0.000245415 0)
(1.01992 0.000240932 0)
(1.01989 0.000236986 0)
(1.01986 0.000233627 0)
(1.01984 0.000230682 0)
(1.01982 0.000228145 0)
(1.01981 0.000225925 0)
(1.01979 0.000224075 0)
(1.01978 0.00022237 0)
(1.01977 0.000221019 0)
(1.01976 0.000219754 0)
(1.01976 0.000218767 0)
(1.01975 0.000217892 0)
(1.01975 0.000217163 0)
(1.01974 0.000216506 0)
(1.01974 0.000215984 0)
(1.01974 0.00021548 0)
(1.01973 0.000215209 0)
(1.01973 0.000214814 0)
(1.01973 0.00021463 0)
(1.01973 0.000214416 0)
(1.01973 0.000214228 0)
(1.01973 0.00021405 0)
(1.01972 0.000213974 0)
(1.01972 0.000213842 0)
(1.01972 0.00021383 0)
(1.01972 0.00021367 0)
(1.01972 0.000213657 0)
(1.01972 0.000213591 0)
(1.01972 0.000213607 0)
(1.01972 0.000213516 0)
(1.01972 0.000213522 0)
(1.01972 0.0002135 0)
(1.01972 0.000213548 0)
(1.01972 0.000213457 0)
(1.01972 0.000213529 0)
(1.01972 0.000213487 0)
(1.01972 0.0002135 0)
(1.01972 0.000213448 0)
(1.01972 0.000213472 0)
(1.01972 0.000213445 0)
(1.01972 0.00021346 0)
(1.01972 0.000213385 0)
(1.01972 0.000213422 0)
(1.01972 0.000213398 0)
(1.01972 0.000213466 0)
(1.01972 0.000213403 0)
(1.01972 0.00021344 0)
(1.01972 0.000213442 0)
(1.01972 0.000213474 0)
(1.01972 0.000213409 0)
(1.01972 0.000213462 0)
(1.01972 0.000213442 0)
(1.01972 0.000213489 0)
(1.01972 0.000213454 0)
(1.01972 0.000213489 0)
(1.01972 0.000213487 0)
(1.01972 0.000213542 0)
(1.01972 0.00021352 0)
(1.01972 0.000213593 0)
(1.01972 0.000213637 0)
(1.01972 0.000213742 0)
(1.01972 0.000213841 0)
(1.01972 0.000214019 0)
(1.01972 0.000214268 0)
(1.01972 0.000214655 0)
(1.01972 0.000215098 0)
(1.01971 0.000215826 0)
(1.01971 0.000216755 0)
(1.01971 0.000218085 0)
(1.0197 0.000219716 0)
(1.01969 0.000221786 0)
(1.01968 0.000223672 0)
(1.01966 0.000226089 0)
(1.01963 0.000230515 0)
(1.0196 0.000271536 0)
(1.01936 0.000444113 0)
(1.01899 0.00104968 0)
(1.01589 0.0017693 0)
(0.988581 0.109968 0)
(1.06796 0.0309669 0)
(1.02559 0.00569908 0)
(1.0385 0.000550131 0)
(1.03316 -0.000405137 0)
(1.03544 0.000299012 0)
(1.03431 0.000370978 0)
(1.03442 0.000464017 0)
(1.03399 0.00039288 0)
(1.03383 0.000348144 0)
(1.0336 0.000289816 0)
(1.03345 0.000247495 0)
(1.03331 0.000209529 0)
(1.03321 0.000179711 0)
(1.03311 0.000156064 0)
(1.03303 0.000137411 0)
(1.03297 0.000122129 0)
(1.03291 0.000109504 0)
(1.03286 9.89143e-05 0)
(1.03282 8.99234e-05 0)
(1.03278 8.22983e-05 0)
(1.03275 7.5679e-05 0)
(1.03272 6.99812e-05 0)
(1.03269 6.49349e-05 0)
(1.03267 6.05761e-05 0)
(1.03265 5.67137e-05 0)
(1.03264 5.33261e-05 0)
(1.03263 5.03492e-05 0)
(1.03261 4.80106e-05 0)
(1.0326 4.58639e-05 0)
(1.03259 4.41484e-05 0)
(1.03259 4.25632e-05 0)
(1.03258 4.13093e-05 0)
(1.03258 4.01867e-05 0)
(1.03257 3.92312e-05 0)
(1.03257 3.84e-05 0)
(1.03256 3.77452e-05 0)
(1.03256 3.70954e-05 0)
(1.03256 3.67249e-05 0)
(1.03256 3.62326e-05 0)
(1.03256 3.59771e-05 0)
(1.03255 3.56951e-05 0)
(1.03255 3.54429e-05 0)
(1.03255 3.5229e-05 0)
(1.03255 3.51315e-05 0)
(1.03255 3.4958e-05 0)
(1.03255 3.49128e-05 0)
(1.03255 3.47215e-05 0)
(1.03255 3.47115e-05 0)
(1.03255 3.46189e-05 0)
(1.03255 3.46072e-05 0)
(1.03255 3.45067e-05 0)
(1.03255 3.45186e-05 0)
(1.03255 3.44927e-05 0)
(1.03255 3.45422e-05 0)
(1.03255 3.44374e-05 0)
(1.03255 3.45185e-05 0)
(1.03255 3.4474e-05 0)
(1.03255 3.44806e-05 0)
(1.03255 3.44242e-05 0)
(1.03255 3.44525e-05 0)
(1.03255 3.44153e-05 0)
(1.03255 3.44222e-05 0)
(1.03255 3.43373e-05 0)
(1.03255 3.43901e-05 0)
(1.03255 3.43574e-05 0)
(1.03255 3.44209e-05 0)
(1.03255 3.43595e-05 0)
(1.03255 3.4402e-05 0)
(1.03255 3.44024e-05 0)
(1.03255 3.44389e-05 0)
(1.03255 3.43683e-05 0)
(1.03255 3.44308e-05 0)
(1.03255 3.44145e-05 0)
(1.03255 3.44688e-05 0)
(1.03255 3.44303e-05 0)
(1.03255 3.44736e-05 0)
(1.03255 3.44736e-05 0)
(1.03255 3.45345e-05 0)
(1.03255 3.45147e-05 0)
(1.03255 3.46012e-05 0)
(1.03255 3.46609e-05 0)
(1.03255 3.47794e-05 0)
(1.03255 3.49111e-05 0)
(1.03255 3.51457e-05 0)
(1.03255 3.54537e-05 0)
(1.03254 3.59419e-05 0)
(1.03254 3.65049e-05 0)
(1.03254 3.74263e-05 0)
(1.03254 3.86117e-05 0)
(1.03253 4.02987e-05 0)
(1.03253 4.2427e-05 0)
(1.03252 4.52568e-05 0)
(1.03251 4.81862e-05 0)
(1.03249 5.32218e-05 0)
(1.03246 6.23419e-05 0)
(1.03242 0.000123608 0)
(1.03218 0.000349242 0)
(1.03186 0.00116823 0)
(1.02902 0.00229704 0)
(0.986403 0.0982878 0)
(1.06823 0.0321943 0)
(1.02897 0.00652561 0)
(1.04243 0.000505582 0)
(1.0368 -0.000469431 0)
(1.03922 0.000278938 0)
(1.03808 0.000382379 0)
(1.03829 0.000481223 0)
(1.03792 0.000405091 0)
(1.03782 0.000353852 0)
(1.03764 0.000289184 0)
(1.03753 0.000241922 0)
(1.03742 0.000200261 0)
(1.03734 0.000167837 0)
(1.03727 0.000141123 0)
(1.03721 0.000119693 0)
(1.03716 0.000102123 0)
(1.03711 8.76072e-05 0)
(1.03707 7.54449e-05 0)
(1.03704 6.51382e-05 0)
(1.03701 5.63674e-05 0)
(1.03699 4.87536e-05 0)
(1.03696 4.22051e-05 0)
(1.03694 3.63956e-05 0)
(1.03693 3.13617e-05 0)
(1.03691 2.6906e-05 0)
(1.0369 2.29947e-05 0)
(1.03689 1.95708e-05 0)
(1.03688 1.68425e-05 0)
(1.03687 1.43383e-05 0)
(1.03686 1.23245e-05 0)
(1.03686 1.04705e-05 0)
(1.03685 8.98195e-06 0)
(1.03685 7.63806e-06 0)
(1.03684 6.47804e-06 0)
(1.03684 5.49985e-06 0)
(1.03684 4.72954e-06 0)
(1.03684 3.94221e-06 0)
(1.03683 3.4604e-06 0)
(1.03683 2.86813e-06 0)
(1.03683 2.53039e-06 0)
(1.03683 2.16997e-06 0)
(1.03683 1.84293e-06 0)
(1.03683 1.60237e-06 0)
(1.03683 1.48198e-06 0)
(1.03683 1.26723e-06 0)
(1.03683 1.19322e-06 0)
(1.03683 9.82885e-07 0)
(1.03682 9.69696e-07 0)
(1.03682 8.49593e-07 0)
(1.03682 8.11924e-07 0)
(1.03682 7.103e-07 0)
(1.03682 7.23616e-07 0)
(1.03682 6.89739e-07 0)
(1.03682 7.37645e-07 0)
(1.03682 6.30528e-07 0)
(1.03682 7.14251e-07 0)
(1.03682 6.66385e-07 0)
(1.03682 6.67025e-07 0)
(1.03682 6.11248e-07 0)
(1.03682 6.43279e-07 0)
(1.03682 5.94525e-07 0)
(1.03682 5.95289e-07 0)
(1.03682 5.05244e-07 0)
(1.03682 5.68768e-07 0)
(1.03682 5.26929e-07 0)
(1.03682 5.83011e-07 0)
(1.03682 5.28331e-07 0)
(1.03682 5.72833e-07 0)
(1.03682 5.67233e-07 0)
(1.03682 6.05412e-07 0)
(1.03682 5.38362e-07 0)
(1.03682 6.12421e-07 0)
(1.03682 5.96804e-07 0)
(1.03682 6.53758e-07 0)
(1.03682 6.1865e-07 0)
(1.03682 6.68187e-07 0)
(1.03682 6.67878e-07 0)
(1.03682 7.32137e-07 0)
(1.03682 7.17401e-07 0)
(1.03682 8.11203e-07 0)
(1.03682 8.81776e-07 0)
(1.03682 1.0103e-06 0)
(1.03682 1.16949e-06 0)
(1.03682 1.45034e-06 0)
(1.03682 1.80303e-06 0)
(1.03682 2.399e-06 0)
(1.03682 3.09619e-06 0)
(1.03682 4.19849e-06 0)
(1.03682 5.6168e-06 0)
(1.03681 7.61611e-06 0)
(1.03681 1.01928e-05 0)
(1.0368 1.37674e-05 0)
(1.03679 1.78188e-05 0)
(1.03678 2.55476e-05 0)
(1.03674 3.93693e-05 0)
(1.0367 0.000119375 0)
(1.03647 0.000383934 0)
(1.03621 0.00139859 0)
(1.03382 0.00284685 0)
(0.983105 0.0876812 0)
(1.06611 0.0325082 0)
(1.02959 0.00711839 0)
(1.04347 0.000482754 0)
(1.03762 -0.000481856 0)
(1.04015 0.000284716 0)
(1.03902 0.000418087 0)
(1.03933 0.000520677 0)
(1.039 0.000441807 0)
(1.03896 0.000385506 0)
(1.03883 0.000315884 0)
(1.03876 0.000264367 0)
(1.03868 0.000219198 0)
(1.03863 0.000183957 0)
(1.03857 0.000154866 0)
(1.03853 0.000131506 0)
(1.0385 0.000112363 0)
(1.03846 9.65633e-05 0)
(1.03844 8.33531e-05 0)
(1.03841 7.21977e-05 0)
(1.03839 6.27041e-05 0)
(1.03837 5.44816e-05 0)
(1.03836 4.7444e-05 0)
(1.03834 4.12236e-05 0)
(1.03833 3.58649e-05 0)
(1.03832 3.11656e-05 0)
(1.03831 2.7079e-05 0)
(1.0383 2.3536e-05 0)
(1.03829 2.05237e-05 0)
(1.03829 1.77474e-05 0)
(1.03828 1.55013e-05 0)
(1.03828 1.34301e-05 0)
(1.03827 1.17412e-05 0)
(1.03827 1.02177e-05 0)
(1.03827 8.89308e-06 0)
(1.03826 7.7947e-06 0)
(1.03826 6.91956e-06 0)
(1.03826 6.00804e-06 0)
(1.03826 5.41985e-06 0)
(1.03826 4.73347e-06 0)
(1.03825 4.31188e-06 0)
(1.03825 3.87944e-06 0)
(1.03825 3.51286e-06 0)
(1.03825 3.25021e-06 0)
(1.03825 3.10215e-06 0)
(1.03825 2.84956e-06 0)
(1.03825 2.75586e-06 0)
(1.03825 2.53441e-06 0)
(1.03825 2.51188e-06 0)
(1.03825 2.36424e-06 0)
(1.03825 2.30421e-06 0)
(1.03825 2.20777e-06 0)
(1.03825 2.21871e-06 0)
(1.03825 2.17593e-06 0)
(1.03825 2.22143e-06 0)
(1.03825 2.11638e-06 0)
(1.03825 2.19932e-06 0)
(1.03825 2.15022e-06 0)
(1.03825 2.1481e-06 0)
(1.03825 2.09457e-06 0)
(1.03825 2.12637e-06 0)
(1.03825 2.06536e-06 0)
(1.03825 2.06561e-06 0)
(1.03825 1.97604e-06 0)
(1.03825 2.0441e-06 0)
(1.03825 1.99198e-06 0)
(1.03825 2.03873e-06 0)
(1.03825 1.99336e-06 0)
(1.03825 2.03899e-06 0)
(1.03825 2.02526e-06 0)
(1.03825 2.06595e-06 0)
(1.03825 2.00617e-06 0)
(1.03825 2.08974e-06 0)
(1.03825 2.07339e-06 0)
(1.03825 2.12937e-06 0)
(1.03825 2.10107e-06 0)
(1.03825 2.157e-06 0)
(1.03825 2.15561e-06 0)
(1.03825 2.22096e-06 0)
(1.03825 2.21351e-06 0)
(1.03825 2.31036e-06 0)
(1.03825 2.38641e-06 0)
(1.03825 2.52176e-06 0)
(1.03825 2.70298e-06 0)
(1.03825 3.01765e-06 0)
(1.03825 3.40502e-06 0)
(1.03825 4.06463e-06 0)
(1.03825 4.89673e-06 0)
(1.03824 6.16099e-06 0)
(1.03824 7.77948e-06 0)
(1.03824 1.00448e-05 0)
(1.03824 1.30137e-05 0)
(1.03823 1.72891e-05 0)
(1.03822 2.24658e-05 0)
(1.03821 3.26911e-05 0)
(1.03818 5.0726e-05 0)
(1.03814 0.000147139 0)
(1.03794 0.000446193 0)
(1.03774 0.00162574 0)
(1.03587 0.00331294 0)
(0.980018 0.0779742 0)
(1.0635 0.0320557 0)
(1.02937 0.00746386 0)
(1.04356 0.000447883 0)
(1.03755 -0.00048559 0)
(1.04016 0.000280717 0)
(1.03904 0.00044065 0)
(1.03943 0.000544824 0)
(1.03916 0.000465519 0)
(1.03917 0.000405929 0)
(1.03908 0.000333283 0)
(1.03905 0.000278862 0)
(1.039 0.000231236 0)
(1.03896 0.000193907 0)
(1.03893 0.00016323 0)
(1.03891 0.000138631 0)
(1.03889 0.000118473 0)
(1.03887 0.000101845 0)
(1.03885 8.79353e-05 0)
(1.03883 7.62002e-05 0)
(1.03882 6.62068e-05 0)
(1.03881 5.7541e-05 0)
(1.0388 5.01281e-05 0)
(1.03879 4.35714e-05 0)
(1.03878 3.79277e-05 0)
(1.03877 3.29855e-05 0)
(1.03877 2.86701e-05 0)
(1.03876 2.49325e-05 0)
(1.03876 2.17279e-05 0)
(1.03875 1.87707e-05 0)
(1.03875 1.63676e-05 0)
(1.03874 1.41425e-05 0)
(1.03874 1.23085e-05 0)
(1.03874 1.06707e-05 0)
(1.03874 9.24566e-06 0)
(1.03873 8.06853e-06 0)
(1.03873 7.12296e-06 0)
(1.03873 6.13461e-06 0)
(1.03873 5.48745e-06 0)
(1.03873 4.75855e-06 0)
(1.03873 4.29762e-06 0)
(1.03873 3.833e-06 0)
(1.03873 3.44691e-06 0)
(1.03873 3.15547e-06 0)
(1.03873 2.96617e-06 0)
(1.03873 2.68237e-06 0)
(1.03873 2.57769e-06 0)
(1.03872 2.34622e-06 0)
(1.03872 2.30895e-06 0)
(1.03872 2.13689e-06 0)
(1.03872 2.06006e-06 0)
(1.03872 1.97204e-06 0)
(1.03872 1.97482e-06 0)
(1.03872 1.92108e-06 0)
(1.03872 1.96905e-06 0)
(1.03872 1.86961e-06 0)
(1.03872 1.94818e-06 0)
(1.03872 1.89814e-06 0)
(1.03872 1.89634e-06 0)
(1.03872 1.84602e-06 0)
(1.03872 1.87555e-06 0)
(1.03872 1.80259e-06 0)
(1.03872 1.80817e-06 0)
(1.03872 1.72176e-06 0)
(1.03872 1.78857e-06 0)
(1.03872 1.72607e-06 0)
(1.03872 1.76561e-06 0)
(1.03872 1.72949e-06 0)
(1.03872 1.77493e-06 0)
(1.03872 1.75225e-06 0)
(1.03872 1.79756e-06 0)
(1.03872 1.7465e-06 0)
(1.03872 1.83522e-06 0)
(1.03872 1.81682e-06 0)
(1.03872 1.87061e-06 0)
(1.03872 1.8507e-06 0)
(1.03872 1.91374e-06 0)
(1.03872 1.91028e-06 0)
(1.03872 1.97509e-06 0)
(1.03872 1.9753e-06 0)
(1.03872 2.07389e-06 0)
(1.03872 2.15199e-06 0)
(1.03872 2.29298e-06 0)
(1.03872 2.49077e-06 0)
(1.03872 2.82871e-06 0)
(1.03872 3.25591e-06 0)
(1.03872 3.94662e-06 0)
(1.03872 4.83337e-06 0)
(1.03872 6.17214e-06 0)
(1.03872 7.90535e-06 0)
(1.03872 1.0349e-05 0)
(1.03872 1.36173e-05 0)
(1.03871 1.84964e-05 0)
(1.03871 2.47322e-05 0)
(1.03869 3.75809e-05 0)
(1.03867 5.9907e-05 0)
(1.03863 0.000170727 0)
(1.03847 0.000496108 0)
(1.03834 0.00179853 0)
(1.03701 0.00365056 0)
(0.977431 0.0691322 0)
(1.06097 0.0309982 0)
(1.02893 0.00758702 0)
(1.04334 0.000404167 0)
(1.03721 -0.000484385 0)
(1.03989 0.000267299 0)
(1.03878 0.000448912 0)
(1.03924 0.000552549 0)
(1.03901 0.000474908 0)
(1.03908 0.00041388 0)
(1.03902 0.000340304 0)
(1.03902 0.00028461 0)
(1.039 0.000235956 0)
(1.03899 0.000197695 0)
(1.03898 0.000166308 0)
(1.03897 0.000141141 0)
(1.03896 0.000120515 0)
(1.03895 0.000103515 0)
(1.03895 8.92726e-05 0)
(1.03894 7.72523e-05 0)
(1.03893 6.70167e-05 0)
(1.03893 5.81214e-05 0)
(1.03892 5.05106e-05 0)
(1.03892 4.37693e-05 0)
(1.03892 3.79646e-05 0)
(1.03891 3.28753e-05 0)
(1.03891 2.84017e-05 0)
(1.0389 2.45193e-05 0)
(1.0389 2.12113e-05 0)
(1.0389 1.81569e-05 0)
(1.0389 1.56681e-05 0)
(1.0389 1.33549e-05 0)
(1.03889 1.14349e-05 0)
(1.03889 9.74229e-06 0)
(1.03889 8.27389e-06 0)
(1.03889 7.05088e-06 0)
(1.03889 6.06629e-06 0)
(1.03889 5.04515e-06 0)
(1.03889 4.38557e-06 0)
(1.03889 3.65461e-06 0)
(1.03889 3.18988e-06 0)
(1.03888 2.7247e-06 0)
(1.03888 2.32566e-06 0)
(1.03888 2.01686e-06 0)
(1.03888 1.80533e-06 0)
(1.03888 1.49875e-06 0)
(1.03888 1.3902e-06 0)
(1.03888 1.14438e-06 0)
(1.03888 1.08589e-06 0)
(1.03888 8.92595e-07 0)
(1.03888 8.01222e-07 0)
(1.03888 7.22103e-07 0)
(1.03888 7.13119e-07 0)
(1.03888 6.44612e-07 0)
(1.03888 7.01347e-07 0)
(1.03888 6.10924e-07 0)
(1.03888 6.82035e-07 0)
(1.03888 6.30632e-07 0)
(1.03888 6.32359e-07 0)
(1.03888 5.85025e-07 0)
(1.03888 6.124e-07 0)
(1.03888 5.27764e-07 0)
(1.03888 5.43968e-07 0)
(1.03888 4.60396e-07 0)
(1.03888 5.21289e-07 0)
(1.03888 4.48699e-07 0)
(1.03888 4.85696e-07 0)
(1.03888 4.57898e-07 0)
(1.03888 5.01971e-07 0)
(1.03888 4.70006e-07 0)
(1.03888 5.21806e-07 0)
(1.03888 4.80011e-07 0)
(1.03888 5.67934e-07 0)
(1.03888 5.46025e-07 0)
(1.03888 6.00488e-07 0)
(1.03888 5.88148e-07 0)
(1.03888 6.57919e-07 0)
(1.03888 6.5185e-07 0)
(1.03888 7.158e-07 0)
(1.03888 7.22282e-07 0)
(1.03888 8.25052e-07 0)
(1.03888 9.05894e-07 0)
(1.03888 1.05497e-06 0)
(1.03888 1.26563e-06 0)
(1.03888 1.61943e-06 0)
(1.03888 2.05716e-06 0)
(1.03888 2.76075e-06 0)
(1.03888 3.63535e-06 0)
(1.03888 4.97432e-06 0)
(1.03888 6.74668e-06 0)
(1.03888 9.28616e-06 0)
(1.03888 1.27585e-05 0)
(1.03888 1.81189e-05 0)
(1.03887 2.52751e-05 0)
(1.03886 4.05071e-05 0)
(1.03884 6.66146e-05 0)
(1.03881 0.000188641 0)
(1.0387 0.000530405 0)
(1.03863 0.00191152 0)
(1.03784 0.00385971 0)
(0.975334 0.0610583 0)
(1.05871 0.0294626 0)
(1.02846 0.00751662 0)
(1.04304 0.000358007 0)
(1.03682 -0.000476607 0)
(1.03954 0.000248293 0)
(1.03844 0.000445748 0)
(1.03896 0.000547012 0)
(1.03878 0.000472719 0)
(1.0389 0.000411915 0)
(1.03887 0.000339269 0)
(1.0389 0.000283789 0)
(1.03891 0.000235405 0)
(1.03892 0.000197262 0)
(1.03892 0.000165977 0)
(1.03893 0.000140873 0)
(1.03893 0.000120299 0)
(1.03894 0.000103359 0)
(1.03894 8.91453e-05 0)
(1.03894 7.71379e-05 0)
(1.03894 6.69198e-05 0)
(1.03894 5.80242e-05 0)
(1.03894 5.04192e-05 0)
(1.03894 4.36721e-05 0)
(1.03894 3.78572e-05 0)
(1.03894 3.27562e-05 0)
(1.03894 2.82474e-05 0)
(1.03894 2.43225e-05 0)
(1.03894 2.09906e-05 0)
(1.03894 1.79132e-05 0)
(1.03894 1.54001e-05 0)
(1.03894 1.30554e-05 0)
(1.03894 1.1099e-05 0)
(1.03894 9.39175e-06 0)
(1.03894 7.91232e-06 0)
(1.03894 6.65904e-06 0)
(1.03894 5.64916e-06 0)
(1.03894 4.61474e-06 0)
(1.03894 3.95684e-06 0)
(1.03894 3.22555e-06 0)
(1.03894 2.75205e-06 0)
(1.03894 2.29027e-06 0)
(1.03894 1.90643e-06 0)
(1.03894 1.5981e-06 0)
(1.03894 1.38784e-06 0)
(1.03894 1.07087e-06 0)
(1.03894 9.67417e-07 0)
(1.03894 7.11158e-07 0)
(1.03894 6.35553e-07 0)
(1.03894 4.35481e-07 0)
(1.03894 3.39765e-07 0)
(1.03894 2.67278e-07 0)
(1.03894 2.45354e-07 0)
(1.03894 1.61096e-07 0)
(1.03894 2.30589e-07 0)
(1.03894 1.52948e-07 0)
(1.03894 2.13242e-07 0)
(1.03894 1.60788e-07 0)
(1.03894 1.68216e-07 0)
(1.03894 1.23276e-07 0)
(1.03893 1.48991e-07 0)
(1.03893 5.33633e-08 0)
(1.03893 8.20818e-08 0)
(1.03893 -5.36214e-10 0)
(1.03893 5.0884e-08 0)
(1.03893 -2.88852e-08 0)
(1.03893 9.82356e-09 0)
(1.03893 -1.13045e-08 0)
(1.03893 3.01712e-08 0)
(1.03893 -9.70571e-09 0)
(1.03893 4.90452e-08 0)
(1.03893 1.58014e-08 0)
(1.03893 9.74431e-08 0)
(1.03893 7.11327e-08 0)
(1.03893 1.31427e-07 0)
(1.03893 1.26101e-07 0)
(1.03893 1.99978e-07 0)
(1.03893 1.91726e-07 0)
(1.03894 2.55738e-07 0)
(1.03894 2.65958e-07 0)
(1.03894 3.692e-07 0)
(1.03894 4.46149e-07 0)
(1.03894 5.97434e-07 0)
(1.03894 8.07047e-07 0)
(1.03894 1.16207e-06 0)
(1.03894 1.57586e-06 0)
(1.03894 2.25514e-06 0)
(1.03894 3.1215e-06 0)
(1.03894 4.44946e-06 0)
(1.03894 6.23448e-06 0)
(1.03894 8.82271e-06 0)
(1.03893 1.24229e-05 0)
(1.03893 1.81376e-05 0)
(1.03893 2.60246e-05 0)
(1.03892 4.31699e-05 0)
(1.03891 7.2185e-05 0)
(1.03889 0.00020158 0)
(1.03883 0.00055006 0)
(1.03882 0.001967 0)
(1.03856 0.00394861 0)
(0.973651 0.0536318 0)
(1.05672 0.0275425 0)
(1.02804 0.00727655 0)
(1.04273 0.000312446 0)
(1.03644 -0.000461924 0)
(1.03919 0.000225564 0)
(1.0381 0.000432389 0)
(1.03868 0.000529656 0)
(1.03854 0.00046001 0)
(1.03869 0.000400888 0)
(1.0387 0.000330777 0)
(1.03876 0.000276818 0)
(1.03879 0.000229826 0)
(1.03882 0.000192698 0)
(1.03884 0.000162238 0)
(1.03886 0.000137778 0)
(1.03888 0.000117732 0)
(1.03889 0.000101242 0)
(1.0389 8.7388e-05 0)
(1.03891 7.56723e-05 0)
(1.03892 6.57071e-05 0)
(1.03892 5.70219e-05 0)
(1.03893 4.96117e-05 0)
(1.03893 4.30205e-05 0)
(1.03894 3.73288e-05 0)
(1.03894 3.23412e-05 0)
(1.03894 2.79149e-05 0)
(1.03895 2.40463e-05 0)
(1.03895 2.07638e-05 0)
(1.03895 1.77355e-05 0)
(1.03895 1.52576e-05 0)
(1.03895 1.29376e-05 0)
(1.03895 1.09944e-05 0)
(1.03895 9.3087e-06 0)
(1.03895 7.84578e-06 0)
(1.03895 6.58434e-06 0)
(1.03895 5.56943e-06 0)
(1.03895 4.54278e-06 0)
(1.03895 3.89546e-06 0)
(1.03895 3.16802e-06 0)
(1.03895 2.68471e-06 0)
(1.03895 2.22927e-06 0)
(1.03895 1.85667e-06 0)
(1.03895 1.5456e-06 0)
(1.03895 1.32926e-06 0)
(1.03895 1.01371e-06 0)
(1.03895 9.21735e-07 0)
(1.03895 6.62564e-07 0)
(1.03895 5.75695e-07 0)
(1.03895 3.84568e-07 0)
(1.03895 2.92752e-07 0)
(1.03895 2.22961e-07 0)
(1.03895 1.90096e-07 0)
(1.03895 9.36055e-08 0)
(1.03895 1.75439e-07 0)
(1.03895 1.13749e-07 0)
(1.03895 1.61306e-07 0)
(1.03895 1.09862e-07 0)
(1.03895 1.2394e-07 0)
(1.03895 7.97856e-08 0)
(1.03895 1.04742e-07 0)
(1.03895 1.67139e-09 0)
(1.03895 4.01686e-08 0)
(1.03895 -4.08726e-08 0)
(1.03895 -1.33931e-09 0)
(1.03895 -8.31299e-08 0)
(1.03895 -4.27751e-08 0)
(1.03895 -5.64539e-08 0)
(1.03895 -2.09785e-08 0)
(1.03895 -6.47852e-08 0)
(1.03895 -6.36004e-10 0)
(1.03895 -2.50092e-08 0)
(1.03895 4.71339e-08 0)
(1.03895 1.68682e-08 0)
(1.03895 8.43216e-08 0)
(1.03895 8.42682e-08 0)
(1.03895 1.57417e-07 0)
(1.03895 1.47848e-07 0)
(1.03895 2.13054e-07 0)
(1.03895 2.24405e-07 0)
(1.03895 3.22267e-07 0)
(1.03895 3.88472e-07 0)
(1.03895 5.34825e-07 0)
(1.03895 7.30112e-07 0)
(1.03895 1.07234e-06 0)
(1.03895 1.4696e-06 0)
(1.03895 2.12905e-06 0)
(1.03895 2.99086e-06 0)
(1.03895 4.29609e-06 0)
(1.03895 6.06724e-06 0)
(1.03895 8.65617e-06 0)
(1.03896 1.2301e-05 0)
(1.03896 1.8221e-05 0)
(1.03896 2.66007e-05 0)
(1.03895 4.50705e-05 0)
(1.03895 7.59667e-05 0)
(1.03893 0.000208684 0)
(1.03892 0.000554766 0)
(1.03898 0.00196682 0)
(1.03921 0.00392529 0)
(0.972302 0.0467456 0)
(1.055 0.025311 0)
(1.02767 0.00688762 0)
(1.04245 0.00026889 0)
(1.0361 -0.000440235 0)
(1.03886 0.00020044 0)
(1.03778 0.000409778 0)
(1.03841 0.000501546 0)
(1.03831 0.000437537 0)
(1.0385 0.000381382 0)
(1.03854 0.000315206 0)
(1.03862 0.000263932 0)
(1.03867 0.000219321 0)
(1.03872 0.000184 0)
(1.03875 0.000155012 0)
(1.03878 0.000131724 0)
(1.03881 0.000112634 0)
(1.03883 9.69444e-05 0)
(1.03885 8.37475e-05 0)
(1.03887 7.25779e-05 0)
(1.03888 6.30805e-05 0)
(1.03889 5.47946e-05 0)
(1.0389 4.77429e-05 0)
(1.03891 4.1449e-05 0)
(1.03892 3.60006e-05 0)
(1.03893 3.1239e-05 0)
(1.03893 2.69999e-05 0)
(1.03894 2.32785e-05 0)
(1.03894 2.01168e-05 0)
(1.03894 1.72069e-05 0)
(1.03895 1.48222e-05 0)
(1.03895 1.25839e-05 0)
(1.03895 1.0704e-05 0)
(1.03895 9.07709e-06 0)
(1.03895 7.65978e-06 0)
(1.03895 6.42239e-06 0)
(1.03896 5.43316e-06 0)
(1.03896 4.44029e-06 0)
(1.03896 3.81487e-06 0)
(1.03896 3.10648e-06 0)
(1.03896 2.62647e-06 0)
(1.03896 2.18979e-06 0)
(1.03896 1.83287e-06 0)
(1.03896 1.52226e-06 0)
(1.03896 1.30212e-06 0)
(1.03896 9.94708e-07 0)
(1.03896 9.13546e-07 0)
(1.03896 6.54471e-07 0)
(1.03896 5.55235e-07 0)
(1.03896 3.78163e-07 0)
(1.03896 2.86696e-07 0)
(1.03896 2.15852e-07 0)
(1.03896 1.76452e-07 0)
(1.03896 7.49735e-08 0)
(1.03896 1.65055e-07 0)
(1.03896 1.19968e-07 0)
(1.03896 1.55827e-07 0)
(1.03896 1.08274e-07 0)
(1.03896 1.28475e-07 0)
(1.03896 8.21229e-08 0)
(1.03896 1.06679e-07 0)
(1.03896 1.14628e-09 0)
(1.03896 4.4165e-08 0)
(1.03896 -3.3812e-08 0)
(1.03896 -5.91982e-09 0)
(1.03896 -8.46692e-08 0)
(1.03896 -4.51109e-08 0)
(1.03896 -5.16089e-08 0)
(1.03896 -2.35587e-08 0)
(1.03896 -6.69757e-08 0)
(1.03896 3.49627e-10 0)
(1.03896 -1.57958e-08 0)
(1.03896 4.69722e-08 0)
(1.03896 1.41703e-08 0)
(1.03896 8.76679e-08 0)
(1.03896 9.09567e-08 0)
(1.03896 1.5856e-07 0)
(1.03896 1.48827e-07 0)
(1.03896 2.15572e-07 0)
(1.03896 2.26094e-07 0)
(1.03896 3.16803e-07 0)
(1.03896 3.74458e-07 0)
(1.03896 5.15805e-07 0)
(1.03896 6.9594e-07 0)
(1.03896 1.01866e-06 0)
(1.03896 1.40094e-06 0)
(1.03896 2.03317e-06 0)
(1.03896 2.87209e-06 0)
(1.03896 4.12761e-06 0)
(1.03896 5.84546e-06 0)
(1.03896 8.37663e-06 0)
(1.03896 1.19711e-05 0)
(1.03897 1.79257e-05 0)
(1.03897 2.65232e-05 0)
(1.03897 4.56509e-05 0)
(1.03897 7.73222e-05 0)
(1.03897 0.00020928 0)
(1.03901 0.000544361 0)
(1.03912 0.00191359 0)
(1.03982 0.00379834 0)
(0.971221 0.0403103 0)
(1.05353 0.022827 0)
(1.02736 0.00636894 0)
(1.0422 0.000228105 0)
(1.0358 -0.000411308 0)
(1.03857 0.000174189 0)
(1.03749 0.000379067 0)
(1.03817 0.000463918 0)
(1.03809 0.000406293 0)
(1.03832 0.000354234 0)
(1.03838 0.000293211 0)
(1.03849 0.00024565 0)
(1.03856 0.00020429 0)
(1.03862 0.000171474 0)
(1.03867 0.000144536 0)
(1.03871 0.000122897 0)
(1.03875 0.000105149 0)
(1.03878 9.05681e-05 0)
(1.0388 7.82938e-05 0)
(1.03883 6.79006e-05 0)
(1.03885 5.90671e-05 0)
(1.03886 5.13473e-05 0)
(1.03888 4.47941e-05 0)
(1.03889 3.89251e-05 0)
(1.0389 3.3833e-05 0)
(1.03891 2.93994e-05 0)
(1.03892 2.54405e-05 0)
(1.03893 2.1953e-05 0)
(1.03893 1.89809e-05 0)
(1.03894 1.62516e-05 0)
(1.03894 1.40144e-05 0)
(1.03894 1.19116e-05 0)
(1.03895 1.01411e-05 0)
(1.03895 8.60754e-06 0)
(1.03895 7.26549e-06 0)
(1.03895 6.08745e-06 0)
(1.03895 5.15588e-06 0)
(1.03896 4.21973e-06 0)
(1.03896 3.62593e-06 0)
(1.03896 2.95421e-06 0)
(1.03896 2.49682e-06 0)
(1.03896 2.09147e-06 0)
(1.03896 1.75656e-06 0)
(1.03896 1.45467e-06 0)
(1.03896 1.24073e-06 0)
(1.03896 9.47992e-07 0)
(1.03896 8.76365e-07 0)
(1.03896 6.2352e-07 0)
(1.03896 5.15508e-07 0)
(1.03896 3.57127e-07 0)
(1.03896 2.64627e-07 0)
(1.03896 1.90173e-07 0)
(1.03896 1.50426e-07 0)
(1.03896 5.20896e-08 0)
(1.03896 1.44591e-07 0)
(1.03896 1.14012e-07 0)
(1.03896 1.41925e-07 0)
(1.03896 1.01131e-07 0)
(1.03896 1.25526e-07 0)
(1.03896 7.35009e-08 0)
(1.03896 9.72462e-08 0)
(1.03896 -6.47424e-09 0)
(1.03896 3.56942e-08 0)
(1.03896 -4.00309e-08 0)
(1.03896 -2.06567e-08 0)
(1.03896 -9.2421e-08 0)
(1.03896 -5.55285e-08 0)
(1.03896 -5.86212e-08 0)
(1.03896 -3.52323e-08 0)
(1.03896 -7.56183e-08 0)
(1.03896 -7.0216e-09 0)
(1.03896 -1.81463e-08 0)
(1.03896 3.88281e-08 0)
(1.03896 5.17013e-09 0)
(1.03896 8.35747e-08 0)
(1.03896 8.96859e-08 0)
(1.03896 1.4851e-07 0)
(1.03896 1.40488e-07 0)
(1.03896 2.07591e-07 0)
(1.03896 2.16254e-07 0)
(1.03896 2.95625e-07 0)
(1.03896 3.44836e-07 0)
(1.03896 4.78359e-07 0)
(1.03896 6.4138e-07 0)
(1.03896 9.36013e-07 0)
(1.03896 1.29731e-06 0)
(1.03896 1.88948e-06 0)
(1.03896 2.68216e-06 0)
(1.03896 3.86e-06 0)
(1.03897 5.48377e-06 0)
(1.03897 7.89725e-06 0)
(1.03897 1.13445e-05 0)
(1.03897 1.71533e-05 0)
(1.03898 2.56739e-05 0)
(1.03898 4.47491e-05 0)
(1.03899 7.60556e-05 0)
(1.039 0.000203266 0)
(1.0391 0.000519316 0)
(1.03926 0.00181105 0)
(1.04037 0.0035773 0)
(0.970358 0.0342496 0)
(1.05229 0.0201391 0)
(1.02709 0.00573831 0)
(1.04198 0.000190384 0)
(1.03555 -0.000375037 0)
(1.03831 0.000147862 0)
(1.03724 0.000341458 0)
(1.03796 0.000418059 0)
(1.03791 0.000367374 0)
(1.03816 0.000320392 0)
(1.03825 0.00026556 0)
(1.03837 0.0002226 0)
(1.03845 0.000185246 0)
(1.03853 0.000155547 0)
(1.03859 0.000131169 0)
(1.03864 0.0001116 0)
(1.03869 9.55321e-05 0)
(1.03873 8.23329e-05 0)
(1.03876 7.1216e-05 0)
(1.03879 6.18035e-05 0)
(1.03881 5.38092e-05 0)
(1.03883 4.68007e-05 0)
(1.03885 4.0866e-05 0)
(1.03887 3.55375e-05 0)
(1.03888 3.09079e-05 0)
(1.03889 2.68929e-05 0)
(1.0389 2.32952e-05 0)
(1.03891 2.01214e-05 0)
(1.03892 1.74049e-05 0)
(1.03893 1.49099e-05 0)
(1.03893 1.28698e-05 0)
(1.03894 1.09508e-05 0)
(1.03894 9.32998e-06 0)
(1.03894 7.92112e-06 0)
(1.03895 6.68499e-06 0)
(1.03895 5.60015e-06 0)
(1.03895 4.75369e-06 0)
(1.03895 3.89221e-06 0)
(1.03895 3.33992e-06 0)
(1.03896 2.72169e-06 0)
(1.03896 2.30603e-06 0)
(1.03896 1.94145e-06 0)
(1.03896 1.63265e-06 0)
(1.03896 1.34781e-06 0)
(1.03896 1.1508e-06 0)
(1.03896 8.77912e-07 0)
(1.03896 8.14134e-07 0)
(1.03896 5.7528e-07 0)
(1.03896 4.65607e-07 0)
(1.03896 3.29308e-07 0)
(1.03896 2.35812e-07 0)
(1.03896 1.57363e-07 0)
(1.03896 1.24166e-07 0)
(1.03896 3.55763e-08 0)
(1.03896 1.24518e-07 0)
(1.03896 1.04844e-07 0)
(1.03896 1.29798e-07 0)
(1.03896 9.81865e-08 0)
(1.03896 1.24625e-07 0)
(1.03896 6.40788e-08 0)
(1.03896 8.69467e-08 0)
(1.03896 -1.02068e-08 0)
(1.03896 2.68941e-08 0)
(1.03896 -4.74985e-08 0)
(1.03896 -3.29837e-08 0)
(1.03896 -9.50552e-08 0)
(1.03896 -6.36733e-08 0)
(1.03896 -6.69029e-08 0)
(1.03896 -4.49248e-08 0)
(1.03896 -8.00888e-08 0)
(1.03896 -1.22622e-08 0)
(1.03896 -2.15022e-08 0)
(1.03896 3.40245e-08 0)
(1.03896 2.50307e-09 0)
(1.03896 8.22633e-08 0)
(1.03896 8.98834e-08 0)
(1.03896 1.38587e-07 0)
(1.03896 1.34031e-07 0)
(1.03896 1.98922e-07 0)
(1.03896 2.04514e-07 0)
(1.03896 2.6938e-07 0)
(1.03896 3.08636e-07 0)
(1.03896 4.30213e-07 0)
(1.03896 5.73509e-07 0)
(1.03896 8.3246e-07 0)
(1.03896 1.16542e-06 0)
(1.03896 1.70635e-06 0)
(1.03896 2.43179e-06 0)
(1.03897 3.50766e-06 0)
(1.03897 4.99981e-06 0)
(1.03897 7.23828e-06 0)
(1.03897 1.0445e-05 0)
(1.03898 1.59273e-05 0)
(1.03898 2.40719e-05 0)
(1.03899 4.2376e-05 0)
(1.03901 7.21925e-05 0)
(1.03902 0.00019088 0)
(1.03918 0.000480552 0)
(1.03938 0.00166375 0)
(1.04087 0.0032724 0)
(0.969674 0.0284971 0)
(1.05126 0.0172875 0)
(1.02687 0.00501247 0)
(1.04179 0.000155649 0)
(1.03534 -0.000331609 0)
(1.03809 0.000122188 0)
(1.03702 0.000298086 0)
(1.03777 0.000365206 0)
(1.03774 0.000321868 0)
(1.03802 0.000280796 0)
(1.03813 0.000233023 0)
(1.03827 0.000195417 0)
(1.03836 0.000162714 0)
(1.03845 0.000136662 0)
(1.03852 0.000115287 0)
(1.03859 9.81477e-05 0)
(1.03864 8.40518e-05 0)
(1.03868 7.24692e-05 0)
(1.03872 6.27147e-05 0)
(1.03875 5.44595e-05 0)
(1.03878 4.74552e-05 0)
(1.03881 4.12824e-05 0)
(1.03883 3.6071e-05 0)
(1.03885 3.13875e-05 0)
(1.03887 2.73156e-05 0)
(1.03888 2.37976e-05 0)
(1.03889 2.06304e-05 0)
(1.0389 1.78398e-05 0)
(1.03891 1.544e-05 0)
(1.03892 1.3226e-05 0)
(1.03893 1.14274e-05 0)
(1.03893 9.73328e-06 0)
(1.03894 8.29734e-06 0)
(1.03894 7.04277e-06 0)
(1.03894 5.94363e-06 0)
(1.03895 4.98113e-06 0)
(1.03895 4.24043e-06 0)
(1.03895 3.46894e-06 0)
(1.03895 2.9715e-06 0)
(1.03895 2.42276e-06 0)
(1.03896 2.06395e-06 0)
(1.03896 1.74624e-06 0)
(1.03896 1.46648e-06 0)
(1.03896 1.20619e-06 0)
(1.03896 1.03623e-06 0)
(1.03896 7.86515e-07 0)
(1.03896 7.28933e-07 0)
(1.03896 5.1123e-07 0)
(1.03896 4.0849e-07 0)
(1.03896 2.95199e-07 0)
(1.03896 2.01634e-07 0)
(1.03896 1.20482e-07 0)
(1.03896 9.99533e-08 0)
(1.03896 2.51011e-08 0)
(1.03896 1.05872e-07 0)
(1.03896 9.3621e-08 0)
(1.03896 1.20295e-07 0)
(1.03896 9.91635e-08 0)
(1.03896 1.25784e-07 0)
(1.03896 5.55098e-08 0)
(1.03896 7.7687e-08 0)
(1.03896 -8.93624e-09 0)
(1.03896 2.09048e-08 0)
(1.03896 -5.24169e-08 0)
(1.03896 -3.98574e-08 0)
(1.03896 -9.09776e-08 0)
(1.03896 -6.80278e-08 0)
(1.03896 -7.47955e-08 0)
(1.03896 -5.1161e-08 0)
(1.03896 -7.97951e-08 0)
(1.03896 -1.42135e-08 0)
(1.03896 -2.40921e-08 0)
(1.03896 3.32832e-08 0)
(1.03896 7.0734e-09 0)
(1.03896 8.39718e-08 0)
(1.03896 9.16654e-08 0)
(1.03896 1.31271e-07 0)
(1.03896 1.31059e-07 0)
(1.03896 1.91488e-07 0)
(1.03896 1.91411e-07 0)
(1.03896 2.41892e-07 0)
(1.03896 2.69689e-07 0)
(1.03896 3.75463e-07 0)
(1.03896 4.96493e-07 0)
(1.03896 7.14358e-07 0)
(1.03896 1.01128e-06 0)
(1.03896 1.49144e-06 0)
(1.03897 2.13142e-06 0)
(1.03897 3.08416e-06 0)
(1.03897 4.41066e-06 0)
(1.03897 6.42051e-06 0)
(1.03898 9.29995e-06 0)
(1.03898 1.4282e-05 0)
(1.03899 2.17604e-05 0)
(1.039 3.86004e-05 0)
(1.03903 6.58612e-05 0)
(1.03905 0.000172571 0)
(1.03925 0.000429299 0)
(1.03949 0.00147683 0)
(1.04131 0.00289422 0)
(0.96914 0.0229941 0)
(1.05042 0.0143064 0)
(1.0267 0.00420728 0)
(1.04164 0.000123585 0)
(1.03516 -0.000281526 0)
(1.03791 9.75927e-05 0)
(1.03684 0.000250008 0)
(1.03761 0.000306545 0)
(1.0376 0.000270836 0)
(1.0379 0.000236365 0)
(1.03802 0.000196361 0)
(1.03818 0.000164731 0)
(1.03829 0.00013722 0)
(1.03839 0.000115268 0)
(1.03847 9.7269e-05 0)
(1.03853 8.28555e-05 0)
(1.03859 7.09758e-05 0)
(1.03864 6.12104e-05 0)
(1.03869 5.29936e-05 0)
(1.03872 4.60427e-05 0)
(1.03876 4.01523e-05 0)
(1.03879 3.49221e-05 0)
(1.03881 3.0527e-05 0)
(1.03883 2.658e-05 0)
(1.03885 2.31467e-05 0)
(1.03887 2.01909e-05 0)
(1.03888 1.75134e-05 0)
(1.03889 1.51625e-05 0)
(1.0389 1.31336e-05 0)
(1.03891 1.12418e-05 0)
(1.03892 9.72374e-06 0)
(1.03893 8.28789e-06 0)
(1.03893 7.06809e-06 0)
(1.03894 5.99607e-06 0)
(1.03894 5.06244e-06 0)
(1.03894 4.24461e-06 0)
(1.03895 3.62411e-06 0)
(1.03895 2.95762e-06 0)
(1.03895 2.53232e-06 0)
(1.03895 2.06679e-06 0)
(1.03895 1.77373e-06 0)
(1.03896 1.50665e-06 0)
(1.03896 1.26098e-06 0)
(1.03896 1.03209e-06 0)
(1.03896 8.97422e-07 0)
(1.03896 6.72693e-07 0)
(1.03896 6.211e-07 0)
(1.03896 4.30715e-07 0)
(1.03896 3.4311e-07 0)
(1.03896 2.51646e-07 0)
(1.03896 1.60574e-07 0)
(1.03896 7.84823e-08 0)
(1.03896 7.49132e-08 0)
(1.03896 1.486e-08 0)
(1.03896 8.50368e-08 0)
(1.03896 7.7899e-08 0)
(1.03896 1.09739e-07 0)
(1.03896 9.85856e-08 0)
(1.03896 1.24725e-07 0)
(1.03896 4.55949e-08 0)
(1.03896 6.78558e-08 0)
(1.03896 -5.85635e-09 0)
(1.03896 1.66508e-08 0)
(1.03896 -5.53874e-08 0)
(1.03896 -4.2748e-08 0)
(1.03896 -8.38223e-08 0)
(1.03896 -7.12648e-08 0)
(1.03896 -8.42237e-08 0)
(1.03896 -5.65422e-08 0)
(1.03896 -7.85422e-08 0)
(1.03896 -1.59375e-08 0)
(1.03896 -2.79676e-08 0)
(1.03896 3.38478e-08 0)
(1.03896 1.46685e-08 0)
(1.03896 8.5107e-08 0)
(1.03896 9.15287e-08 0)
(1.03896 1.24949e-07 0)
(1.03896 1.28303e-07 0)
(1.03896 1.83128e-07 0)
(1.03896 1.73944e-07 0)
(1.03896 2.12809e-07 0)
(1.03896 2.27713e-07 0)
(1.03896 3.13831e-07 0)
(1.03896 4.10185e-07 0)
(1.03896 5.83748e-07 0)
(1.03896 8.36732e-07 0)
(1.03896 1.24729e-06 0)
(1.03897 1.78629e-06 0)
(1.03897 2.59762e-06 0)
(1.03897 3.72827e-06 0)
(1.03897 5.46062e-06 0)
(1.03898 7.93488e-06 0)
(1.03898 1.2257e-05 0)
(1.039 1.87993e-05 0)
(1.03901 3.3538e-05 0)
(1.03904 5.72762e-05 0)
(1.03907 0.000148958 0)
(1.03931 0.00036704 0)
(1.03959 0.0012558 0)
(1.04168 0.00245367 0)
(0.968735 0.017688 0)
(1.04976 0.011225 0)
(1.02656 0.00333795 0)
(1.04152 9.37473e-05 0)
(1.03503 -0.000225576 0)
(1.03776 7.42461e-05 0)
(1.0367 0.000198207 0)
(1.03749 0.000243212 0)
(1.03749 0.000215314 0)
(1.03781 0.000187997 0)
(1.03794 0.000156328 0)
(1.03811 0.000131171 0)
(1.03823 0.000109299 0)
(1.03833 9.18215e-05 0)
(1.03842 7.75027e-05 0)
(1.03849 6.60453e-05 0)
(1.03856 5.65796e-05 0)
(1.03861 4.87983e-05 0)
(1.03866 4.22638e-05 0)
(1.0387 3.67337e-05 0)
(1.03874 3.20551e-05 0)
(1.03877 2.7859e-05 0)
(1.03879 2.43627e-05 0)
(1.03882 2.12277e-05 0)
(1.03884 1.84969e-05 0)
(1.03886 1.61552e-05 0)
(1.03887 1.40173e-05 0)
(1.03888 1.21503e-05 0)
(1.0389 1.0538e-05 0)
(1.03891 9.00448e-06 0)
(1.03891 7.79982e-06 0)
(1.03892 6.64868e-06 0)
(1.03893 5.67292e-06 0)
(1.03893 4.80873e-06 0)
(1.03894 4.06334e-06 0)
(1.03894 3.40566e-06 0)
(1.03895 2.91644e-06 0)
(1.03895 2.36988e-06 0)
(1.03895 2.03539e-06 0)
(1.03895 1.66279e-06 0)
(1.03895 1.43858e-06 0)
(1.03896 1.22437e-06 0)
(1.03896 1.02163e-06 0)
(1.03896 8.30174e-07 0)
(1.03896 7.35984e-07 0)
(1.03896 5.37328e-07 0)
(1.03896 4.93922e-07 0)
(1.03896 3.35789e-07 0)
(1.03896 2.69421e-07 0)
(1.03896 1.97253e-07 0)
(1.03896 1.1344e-07 0)
(1.03896 3.23053e-08 0)
(1.03896 4.7371e-08 0)
(1.03896 6.94631e-10 0)
(1.03896 6.04604e-08 0)
(1.03896 5.77756e-08 0)
(1.03896 9.6701e-08 0)
(1.03896 9.2898e-08 0)
(1.03896 1.19306e-07 0)
(1.03896 3.42995e-08 0)
(1.03896 5.7514e-08 0)
(1.03896 -3.01845e-09 0)
(1.03896 1.4009e-08 0)
(1.03896 -5.63228e-08 0)
(1.03896 -4.23551e-08 0)
(1.03896 -7.63615e-08 0)
(1.03896 -7.42016e-08 0)
(1.03896 -9.53569e-08 0)
(1.03896 -6.21427e-08 0)
(1.03896 -7.85257e-08 0)
(1.03896 -1.86571e-08 0)
(1.03896 -3.32384e-08 0)
(1.03896 3.4306e-08 0)
(1.03896 2.18357e-08 0)
(1.03896 8.39492e-08 0)
(1.03896 8.84322e-08 0)
(1.03896 1.19258e-07 0)
(1.03896 1.23969e-07 0)
(1.03896 1.72925e-07 0)
(1.03896 1.5141e-07 0)
(1.03896 1.8188e-07 0)
(1.03896 1.83083e-07 0)
(1.03896 2.45604e-07 0)
(1.03896 3.15016e-07 0)
(1.03896 4.42925e-07 0)
(1.03896 6.4414e-07 0)
(1.03896 9.77226e-07 0)
(1.03897 1.40267e-06 0)
(1.03897 2.05766e-06 0)
(1.03897 2.96666e-06 0)
(1.03897 4.37839e-06 0)
(1.03898 6.38083e-06 0)
(1.03899 9.90351e-06 0)
(1.039 1.52714e-05 0)
(1.03901 2.73531e-05 0)
(1.03906 4.67328e-05 0)
(1.03909 0.000120806 0)
(1.03936 0.000295477 0)
(1.03967 0.00100648 0)
(1.04198 0.00196184 0)
(0.968443 0.0125306 0)
(1.04928 0.00806894 0)
(1.02646 0.00241921 0)
(1.04144 6.56386e-05 0)
(1.03493 -0.000164787 0)
(1.03765 5.2105e-05 0)
(1.03659 0.000143597 0)
(1.03739 0.0001763 0)
(1.03741 0.000156319 0)
(1.03774 0.000136575 0)
(1.03788 0.000113673 0)
(1.03806 9.53761e-05 0)
(1.03818 7.94902e-05 0)
(1.03829 6.6782e-05 0)
(1.03838 5.63749e-05 0)
(1.03846 4.80441e-05 0)
(1.03853 4.11471e-05 0)
(1.03859 3.54836e-05 0)
(1.03864 3.07424e-05 0)
(1.03868 2.67208e-05 0)
(1.03872 2.33278e-05 0)
(1.03875 2.02423e-05 0)
(1.03878 1.77153e-05 0)
(1.03881 1.54484e-05 0)
(1.03883 1.34664e-05 0)
(1.03885 1.17783e-05 0)
(1.03886 1.02213e-05 0)
(1.03888 8.87218e-06 0)
(1.03889 7.71111e-06 0)
(1.0389 6.56672e-06 0)
(1.03891 5.70202e-06 0)
(1.03892 4.85561e-06 0)
(1.03893 4.14739e-06 0)
(1.03893 3.51108e-06 0)
(1.03894 2.96979e-06 0)
(1.03894 2.48268e-06 0)
(1.03894 2.13496e-06 0)
(1.03895 1.72161e-06 0)
(1.03895 1.49408e-06 0)
(1.03895 1.21924e-06 0)
(1.03895 1.06406e-06 0)
(1.03895 9.04552e-07 0)
(1.03896 7.56105e-07 0)
(1.03896 6.07036e-07 0)
(1.03896 5.54763e-07 0)
(1.03896 3.83779e-07 0)
(1.03896 3.53291e-07 0)
(1.03896 2.30889e-07 0)
(1.03896 1.88607e-07 0)
(1.03896 1.32212e-07 0)
(1.03896 6.24021e-08 0)
(1.03896 -1.57402e-08 0)
(1.03896 1.67274e-08 0)
(1.03896 -1.95549e-08 0)
(1.03896 3.23774e-08 0)
(1.03896 3.50575e-08 0)
(1.03896 8.15976e-08 0)
(1.03896 8.10382e-08 0)
(1.03896 1.09406e-07 0)
(1.03896 2.3261e-08 0)
(1.03896 4.79991e-08 0)
(1.03896 -1.10564e-09 0)
(1.03896 1.36472e-08 0)
(1.03896 -5.48012e-08 0)
(1.03896 -3.88365e-08 0)
(1.03896 -7.01659e-08 0)
(1.03896 -7.62743e-08 0)
(1.03896 -1.06386e-07 0)
(1.03896 -6.75729e-08 0)
(1.03896 -8.01796e-08 0)
(1.03896 -2.19966e-08 0)
(1.03896 -3.85445e-08 0)
(1.03896 3.44125e-08 0)
(1.03896 2.7252e-08 0)
(1.03896 8.06256e-08 0)
(1.03896 8.36412e-08 0)
(1.03896 1.14488e-07 0)
(1.03896 1.17639e-07 0)
(1.03896 1.60538e-07 0)
(1.03896 1.24967e-07 0)
(1.03896 1.48915e-07 0)
(1.03896 1.36042e-07 0)
(1.03896 1.71684e-07 0)
(1.03896 2.12014e-07 0)
(1.03896 2.94733e-07 0)
(1.03896 4.36959e-07 0)
(1.03896 6.86218e-07 0)
(1.03897 9.88951e-07 0)
(1.03897 1.47592e-06 0)
(1.03897 2.14274e-06 0)
(1.03897 3.19745e-06 0)
(1.03898 4.67457e-06 0)
(1.03899 7.28398e-06 0)
(1.039 1.12803e-05 0)
(1.03902 2.02516e-05 0)
(1.03907 3.45949e-05 0)
(1.0391 8.90029e-05 0)
(1.0394 0.000216493 0)
(1.03973 0.000734944 0)
(1.04221 0.00142999 0)
(0.968255 0.00747723 0)
(1.04896 0.00486134 0)
(1.02639 0.00146541 0)
(1.04138 3.87536e-05 0)
(1.03486 -0.000100389 0)
(1.03758 3.0955e-05 0)
(1.03651 8.70288e-05 0)
(1.03733 0.00010686 0)
(1.03735 9.48506e-05 0)
(1.03769 8.29681e-05 0)
(1.03784 6.91434e-05 0)
(1.03802 5.79855e-05 0)
(1.03815 4.83349e-05 0)
(1.03826 4.06045e-05 0)
(1.03836 3.42707e-05 0)
(1.03844 2.91854e-05 0)
(1.03851 2.49705e-05 0)
(1.03857 2.15234e-05 0)
(1.03862 1.86509e-05 0)
(1.03867 1.61982e-05 0)
(1.03871 1.41445e-05 0)
(1.03874 1.22287e-05 0)
(1.03877 1.07248e-05 0)
(1.0388 9.36146e-06 0)
(1.03882 8.15782e-06 0)
(1.03884 7.15293e-06 0)
(1.03886 6.20919e-06 0)
(1.03887 5.4025e-06 0)
(1.03889 4.71575e-06 0)
(1.0389 3.98409e-06 0)
(1.03891 3.47994e-06 0)
(1.03892 2.95213e-06 0)
(1.03892 2.52841e-06 0)
(1.03893 2.13372e-06 0)
(1.03894 1.80659e-06 0)
(1.03894 1.49773e-06 0)
(1.03894 1.30111e-06 0)
(1.03895 1.03047e-06 0)
(1.03895 9.20428e-07 0)
(1.03895 7.44412e-07 0)
(1.03895 6.58426e-07 0)
(1.03895 5.56067e-07 0)
(1.03896 4.72436e-07 0)
(1.03896 3.69498e-07 0)
(1.03896 3.57348e-07 0)
(1.03896 2.17147e-07 0)
(1.03896 2.05944e-07 0)
(1.03896 1.20756e-07 0)
(1.03896 1.02065e-07 0)
(1.03896 5.78705e-08 0)
(1.03896 9.45871e-09 0)
(1.03896 -6.31335e-08 0)
(1.03896 -1.71267e-08 0)
(1.03896 -4.61197e-08 0)
(1.03896 2.11175e-09 0)
(1.03896 1.21014e-08 0)
(1.03896 6.55183e-08 0)
(1.03896 6.38301e-08 0)
(1.03896 9.58631e-08 0)
(1.03896 1.43128e-08 0)
(1.03896 4.04263e-08 0)
(1.03896 -4.18222e-10 0)
(1.03896 1.58808e-08 0)
(1.03896 -5.08157e-08 0)
(1.03896 -3.31039e-08 0)
(1.03896 -6.59199e-08 0)
(1.03896 -7.70217e-08 0)
(1.03896 -1.15122e-07 0)
(1.03896 -7.22179e-08 0)
(1.03896 -8.30946e-08 0)
(1.03896 -2.51983e-08 0)
(1.03896 -4.23191e-08 0)
(1.03896 3.40722e-08 0)
(1.03896 3.08334e-08 0)
(1.03896 7.59859e-08 0)
(1.03896 7.91887e-08 0)
(1.03896 1.10733e-07 0)
(1.03896 1.09243e-07 0)
(1.03896 1.45586e-07 0)
(1.03896 9.60407e-08 0)
(1.03896 1.13425e-07 0)
(1.03896 8.6146e-08 0)
(1.03896 9.32341e-08 0)
(1.03896 1.02736e-07 0)
(1.03896 1.41964e-07 0)
(1.03896 2.19388e-07 0)
(1.03897 3.80027e-07 0)
(1.03897 5.54712e-07 0)
(1.03897 8.64957e-07 0)
(1.03897 1.27488e-06 0)
(1.03898 1.94399e-06 0)
(1.03898 2.85684e-06 0)
(1.03899 4.46906e-06 0)
(1.039 6.94598e-06 0)
(1.03902 1.24719e-05 0)
(1.03907 2.12797e-05 0)
(1.03911 5.45261e-05 0)
(1.03943 0.00013211 0)
(1.03977 0.000447422 0)
(1.04236 0.000869495 0)
(0.968162 0.00248542 0)
(1.0488 0.0016235 0)
(1.02636 0.000490676 0)
(1.04135 1.25947e-05 0)
(1.03483 -3.37623e-05 0)
(1.03754 1.04549e-05 0)
(1.03648 2.9305e-05 0)
(1.0373 3.59125e-05 0)
(1.03733 3.18967e-05 0)
(1.03767 2.80437e-05 0)
(1.03782 2.34837e-05 0)
(1.038 1.96407e-05 0)
(1.03813 1.63746e-05 0)
(1.03825 1.37397e-05 0)
(1.03835 1.15745e-05 0)
(1.03843 9.80917e-06 0)
(1.0385 8.34769e-06 0)
(1.03856 7.17801e-06 0)
(1.03862 6.21326e-06 0)
(1.03866 5.36533e-06 0)
(1.0387 4.6868e-06 0)
(1.03874 3.97931e-06 0)
(1.03877 3.53046e-06 0)
(1.0388 3.08672e-06 0)
(1.03882 2.67716e-06 0)
(1.03884 2.37687e-06 0)
(1.03886 2.06764e-06 0)
(1.03887 1.81786e-06 0)
(1.03889 1.61702e-06 0)
(1.0389 1.31342e-06 0)
(1.03891 1.18419e-06 0)
(1.03892 9.82795e-07 0)
(1.03892 8.52183e-07 0)
(1.03893 7.07244e-07 0)
(1.03893 6.00041e-07 0)
(1.03894 4.75853e-07 0)
(1.03894 4.37334e-07 0)
(1.03895 3.13998e-07 0)
(1.03895 3.25246e-07 0)
(1.03895 2.47535e-07 0)
(1.03895 2.32493e-07 0)
(1.03895 1.90777e-07 0)
(1.03896 1.77887e-07 0)
(1.03896 1.23511e-07 0)
(1.03896 1.48257e-07 0)
(1.03896 4.35295e-08 0)
(1.03896 5.79019e-08 0)
(1.03896 9.25983e-09 0)
(1.03896 1.10414e-08 0)
(1.03896 -2.3262e-08 0)
(1.03896 -4.40634e-08 0)
(1.03896 -1.0785e-07 0)
(1.03896 -5.37023e-08 0)
(1.03896 -7.73344e-08 0)
(1.03896 -2.83171e-08 0)
(1.03896 -9.128e-09 0)
(1.03896 4.92306e-08 0)
(1.03896 4.31258e-08 0)
(1.03896 7.95294e-08 0)
(1.03896 8.38212e-09 0)
(1.03896 3.49987e-08 0)
(1.03896 -1.16281e-09 0)
(1.03896 1.99582e-08 0)
(1.03896 -4.47552e-08 0)
(1.03896 -2.66536e-08 0)
(1.03896 -6.34947e-08 0)
(1.03896 -7.65123e-08 0)
(1.03896 -1.19928e-07 0)
(1.03896 -7.56835e-08 0)
(1.03896 -8.65565e-08 0)
(1.03896 -2.76699e-08 0)
(1.03896 -4.34252e-08 0)
(1.03896 3.33564e-08 0)
(1.03896 3.32899e-08 0)
(1.03896 7.11932e-08 0)
(1.03896 7.65846e-08 0)
(1.03896 1.07833e-07 0)
(1.03896 9.863e-08 0)
(1.03896 1.27809e-07 0)
(1.03896 6.57034e-08 0)
(1.03896 7.50046e-08 0)
(1.03896 3.29391e-08 0)
(1.03896 1.17001e-08 0)
(1.03896 -1.04422e-08 0)
(1.03896 -1.27707e-08 0)
(1.03896 -3.79883e-09 0)
(1.03897 6.4864e-08 0)
(1.03897 1.09906e-07 0)
(1.03897 2.37705e-07 0)
(1.03897 3.81912e-07 0)
(1.03898 6.46098e-07 0)
(1.03898 9.71064e-07 0)
(1.03899 1.53519e-06 0)
(1.03901 2.40048e-06 0)
(1.03902 4.27581e-06 0)
(1.03908 7.24264e-06 0)
(1.03912 1.84191e-05 0)
(1.03944 4.44483e-05 0)
(1.03979 0.000150264 0)
(1.04244 0.000291778 0)
(0.968162 -0.00248602 0)
(1.0488 -0.00162431 0)
(1.02636 -0.000491025 0)
(1.04135 -1.33244e-05 0)
(1.03483 3.36205e-05 0)
(1.03754 -9.81517e-06 0)
(1.03648 -2.88023e-05 0)
(1.0373 -3.55423e-05 0)
(1.03733 -3.15593e-05 0)
(1.03767 -2.73299e-05 0)
(1.03782 -2.25593e-05 0)
(1.038 -1.90197e-05 0)
(1.03813 -1.58529e-05 0)
(1.03825 -1.33624e-05 0)
(1.03835 -1.13264e-05 0)
(1.03843 -9.73902e-06 0)
(1.0385 -8.42043e-06 0)
(1.03856 -7.29221e-06 0)
(1.03862 -6.3441e-06 0)
(1.03866 -5.57489e-06 0)
(1.0387 -4.86051e-06 0)
(1.03874 -4.34427e-06 0)
(1.03877 -3.73105e-06 0)
(1.0388 -3.2549e-06 0)
(1.03882 -2.86521e-06 0)
(1.03884 -2.44834e-06 0)
(1.03886 -2.1153e-06 0)
(1.03887 -1.8057e-06 0)
(1.03889 -1.51872e-06 0)
(1.0389 -1.38764e-06 0)
(1.03891 -1.13501e-06 0)
(1.03892 -1.00779e-06 0)
(1.03892 -8.45348e-07 0)
(1.03893 -7.36993e-07 0)
(1.03893 -6.2228e-07 0)
(1.03894 -5.56885e-07 0)
(1.03894 -4.34807e-07 0)
(1.03895 -4.11088e-07 0)
(1.03895 -2.80328e-07 0)
(1.03895 -2.60107e-07 0)
(1.03895 -2.0106e-07 0)
(1.03895 -1.78294e-07 0)
(1.03896 -1.20776e-07 0)
(1.03896 -1.25899e-07 0)
(1.03896 -6.67401e-08 0)
(1.03896 -1.30754e-07 0)
(1.03896 -8.66488e-08 0)
(1.03896 -1.0124e-07 0)
(1.03896 -8.29775e-08 0)
(1.03896 -1.07442e-07 0)
(1.03896 -9.72007e-08 0)
(1.03896 -1.48667e-07 0)
(1.03896 -9.15376e-08 0)
(1.03896 -1.10059e-07 0)
(1.03896 -5.67095e-08 0)
(1.03896 -2.78792e-08 0)
(1.03896 3.25653e-08 0)
(1.03896 2.08718e-08 0)
(1.03896 6.09455e-08 0)
(1.03896 5.00553e-09 0)
(1.03896 3.09558e-08 0)
(1.03896 -3.28068e-09 0)
(1.03896 2.43491e-08 0)
(1.03896 -3.7253e-08 0)
(1.03896 -2.0818e-08 0)
(1.03896 -6.22256e-08 0)
(1.03896 -7.51684e-08 0)
(1.03896 -1.20401e-07 0)
(1.03896 -7.77249e-08 0)
(1.03896 -8.97537e-08 0)
(1.03896 -2.91821e-08 0)
(1.03896 -4.15917e-08 0)
(1.03896 3.22575e-08 0)
(1.03896 3.54321e-08 0)
(1.03896 6.75424e-08 0)
(1.03896 7.61658e-08 0)
(1.03896 1.05466e-07 0)
(1.03896 8.56437e-08 0)
(1.03896 1.07316e-07 0)
(1.03896 3.48234e-08 0)
(1.03896 3.38465e-08 0)
(1.03896 -2.30247e-08 0)
(1.03896 -7.09349e-08 0)
(1.03896 -1.2437e-07 0)
(1.03896 -1.66908e-07 0)
(1.03896 -2.27592e-07 0)
(1.03897 -2.52691e-07 0)
(1.03897 -3.35878e-07 0)
(1.03897 -3.92981e-07 0)
(1.03897 -5.17595e-07 0)
(1.03898 -6.66996e-07 0)
(1.03898 -9.37788e-07 0)
(1.03899 -1.43787e-06 0)
(1.03901 -2.2171e-06 0)
(1.03902 -4.06101e-06 0)
(1.03908 -7.03777e-06 0)
(1.03912 -1.82357e-05 0)
(1.03944 -4.43132e-05 0)
(1.03979 -0.000150115 0)
(1.04244 -0.000291684 0)
(0.968255 -0.00747781 0)
(1.04896 -0.00486213 0)
(1.02639 -0.00146576 0)
(1.04138 -3.94841e-05 0)
(1.03486 0.000100254 0)
(1.03758 -3.03044e-05 0)
(1.03651 -8.65311e-05 0)
(1.03733 -0.000106508 0)
(1.03735 -9.45326e-05 0)
(1.03769 -8.22792e-05 0)
(1.03784 -6.82363e-05 0)
(1.03802 -5.73614e-05 0)
(1.03815 -4.78128e-05 0)
(1.03827 -4.02486e-05 0)
(1.03836 -3.40395e-05 0)
(1.03844 -2.91121e-05 0)
(1.03851 -2.50343e-05 0)
(1.03857 -2.16292e-05 0)
(1.03862 -1.87931e-05 0)
(1.03867 -1.64169e-05 0)
(1.03871 -1.43127e-05 0)
(1.03874 -1.2582e-05 0)
(1.03877 -1.09236e-05 0)
(1.0388 -9.53982e-06 0)
(1.03882 -8.35423e-06 0)
(1.03884 -7.22004e-06 0)
(1.03886 -6.25219e-06 0)
(1.03887 -5.39347e-06 0)
(1.03889 -4.62459e-06 0)
(1.0389 -4.0603e-06 0)
(1.03891 -3.42794e-06 0)
(1.03892 -2.97553e-06 0)
(1.03892 -2.52706e-06 0)
(1.03893 -2.16638e-06 0)
(1.03894 -1.832e-06 0)
(1.03894 -1.57538e-06 0)
(1.03894 -1.29487e-06 0)
(1.03895 -1.12837e-06 0)
(1.03895 -8.83265e-07 0)
(1.03895 -7.65212e-07 0)
(1.03895 -6.28715e-07 0)
(1.03895 -5.39148e-07 0)
(1.03896 -4.16969e-07 0)
(1.03896 -3.74085e-07 0)
(1.03896 -2.8078e-07 0)
(1.03896 -2.99954e-07 0)
(1.03896 -2.25376e-07 0)
(1.03896 -2.09607e-07 0)
(1.03896 -1.77519e-07 0)
(1.03896 -1.9005e-07 0)
(1.03896 -1.48805e-07 0)
(1.03896 -1.85371e-07 0)
(1.03896 -1.28283e-07 0)
(1.03896 -1.40641e-07 0)
(1.03896 -8.1311e-08 0)
(1.03896 -4.48724e-08 0)
(1.03896 1.46429e-08 0)
(1.03896 -1.47084e-09 0)
(1.03896 4.07851e-08 0)
(1.03896 2.77375e-09 0)
(1.03896 2.73361e-08 0)
(1.03896 -6.33846e-09 0)
(1.03896 2.7676e-08 0)
(1.03896 -2.91766e-08 0)
(1.03896 -1.65231e-08 0)
(1.03896 -6.14414e-08 0)
(1.03896 -7.32516e-08 0)
(1.03896 -1.17348e-07 0)
(1.03896 -7.81712e-08 0)
(1.03896 -9.19807e-08 0)
(1.03896 -2.98163e-08 0)
(1.03896 -3.75747e-08 0)
(1.03896 3.08037e-08 0)
(1.03896 3.76612e-08 0)
(1.03896 6.59981e-08 0)
(1.03896 7.71492e-08 0)
(1.03896 1.03155e-07 0)
(1.03896 7.05532e-08 0)
(1.03896 8.47538e-08 0)
(1.03896 4.4263e-09 0)
(1.03896 -8.91704e-09 0)
(1.03896 -7.99693e-08 0)
(1.03896 -1.52124e-07 0)
(1.03896 -2.3571e-07 0)
(1.03896 -3.17862e-07 0)
(1.03896 -4.47247e-07 0)
(1.03896 -5.65872e-07 0)
(1.03897 -7.73974e-07 0)
(1.03897 -1.01481e-06 0)
(1.03897 -1.40565e-06 0)
(1.03898 -1.9658e-06 0)
(1.03898 -2.82435e-06 0)
(1.03899 -4.36957e-06 0)
(1.039 -6.76541e-06 0)
(1.03902 -1.22582e-05 0)
(1.03907 -2.10756e-05 0)
(1.03911 -5.43426e-05 0)
(1.03943 -0.000131975 0)
(1.03977 -0.000447276 0)
(1.04236 -0.000869402 0)
(0.968443 -0.0125311 0)
(1.04928 -0.00806971 0)
(1.02646 -0.00241957 0)
(1.04144 -6.6366e-05 0)
(1.03493 0.000164666 0)
(1.03765 -5.14407e-05 0)
(1.03659 -0.000143108 0)
(1.03739 -0.000175976 0)
(1.03741 -0.000156032 0)
(1.03774 -0.000135927 0)
(1.03788 -0.000112797 0)
(1.03806 -9.47539e-05 0)
(1.03818 -7.89704e-05 0)
(1.03829 -6.6459e-05 0)
(1.03838 -5.61676e-05 0)
(1.03846 -4.79659e-05 0)
(1.03853 -4.11985e-05 0)
(1.03859 -3.55775e-05 0)
(1.03864 -3.0904e-05 0)
(1.03868 -2.69544e-05 0)
(1.03872 -2.34876e-05 0)
(1.03875 -2.05766e-05 0)
(1.03878 -1.79092e-05 0)
(1.03881 -1.56413e-05 0)
(1.03883 -1.36723e-05 0)
(1.03885 -1.18373e-05 0)
(1.03886 -1.02574e-05 0)
(1.03888 -8.87106e-06 0)
(1.03889 -7.63286e-06 0)
(1.0389 -6.64479e-06 0)
(1.03891 -5.64467e-06 0)
(1.03892 -4.87697e-06 0)
(1.03893 -4.15378e-06 0)
(1.03893 -3.54735e-06 0)
(1.03894 -3.00051e-06 0)
(1.03894 -2.55646e-06 0)
(1.03894 -2.12294e-06 0)
(1.03895 -1.82084e-06 0)
(1.03895 -1.46797e-06 0)
(1.03895 -1.25353e-06 0)
(1.03895 -1.03752e-06 0)
(1.03895 -8.82205e-07 0)
(1.03896 -7.03828e-07 0)
(1.03896 -6.15857e-07 0)
(1.03896 -4.86338e-07 0)
(1.03896 -4.59309e-07 0)
(1.03896 -3.56892e-07 0)
(1.03896 -3.15006e-07 0)
(1.03896 -2.68701e-07 0)
(1.03896 -2.66423e-07 0)
(1.03896 -1.97326e-07 0)
(1.03896 -2.18601e-07 0)
(1.03896 -1.61258e-07 0)
(1.03896 -1.66045e-07 0)
(1.03896 -1.01185e-07 0)
(1.03896 -6.18244e-08 0)
(1.03896 -5.27791e-09 0)
(1.03896 -2.28592e-08 0)
(1.03896 2.02546e-08 0)
(1.03896 9.39289e-11 0)
(1.03896 2.38676e-08 0)
(1.03896 -9.60063e-09 0)
(1.03896 2.96275e-08 0)
(1.03896 -2.14975e-08 0)
(1.03896 -1.35858e-08 0)
(1.03896 -6.06155e-08 0)
(1.03896 -7.06298e-08 0)
(1.03896 -1.12129e-07 0)
(1.03896 -7.68989e-08 0)
(1.03896 -9.29265e-08 0)
(1.03896 -2.99232e-08 0)
(1.03896 -3.29336e-08 0)
(1.03896 2.89805e-08 0)
(1.03896 3.98592e-08 0)
(1.03896 6.6749e-08 0)
(1.03896 7.82612e-08 0)
(1.03896 1.00328e-07 0)
(1.03896 5.43202e-08 0)
(1.03896 6.14333e-08 0)
(1.03896 -2.42483e-08 0)
(1.03896 -5.12147e-08 0)
(1.03896 -1.35364e-07 0)
(1.03896 -2.29094e-07 0)
(1.03896 -3.41639e-07 0)
(1.03896 -4.63132e-07 0)
(1.03896 -6.58677e-07 0)
(1.03896 -8.68163e-07 0)
(1.03897 -1.19673e-06 0)
(1.03897 -1.61644e-06 0)
(1.03897 -2.26495e-06 0)
(1.03897 -3.22143e-06 0)
(1.03898 -4.644e-06 0)
(1.03899 -7.18099e-06 0)
(1.039 -1.11056e-05 0)
(1.03902 -2.00403e-05 0)
(1.03907 -3.43928e-05 0)
(1.0391 -8.88187e-05 0)
(1.0394 -0.000216359 0)
(1.03973 -0.000734805 0)
(1.04221 -0.0014299 0)
(0.968735 -0.0176884 0)
(1.04976 -0.0112257 0)
(1.02656 -0.00333832 0)
(1.04152 -9.44615e-05 0)
(1.03503 0.000225472 0)
(1.03776 -7.35782e-05 0)
(1.0367 -0.00019773 0)
(1.03749 -0.000242915 0)
(1.03749 -0.000215057 0)
(1.03781 -0.000187392 0)
(1.03794 -0.000155492 0)
(1.03811 -0.000130566 0)
(1.03823 -0.000108787 0)
(1.03833 -9.15285e-05 0)
(1.03842 -7.73135e-05 0)
(1.03849 -6.59628e-05 0)
(1.03856 -5.66218e-05 0)
(1.03861 -4.88824e-05 0)
(1.03866 -4.24464e-05 0)
(1.0387 -3.69826e-05 0)
(1.03874 -3.22072e-05 0)
(1.03877 -2.81734e-05 0)
(1.03879 -2.45477e-05 0)
(1.03882 -2.14311e-05 0)
(1.03884 -1.87038e-05 0)
(1.03886 -1.6203e-05 0)
(1.03887 -1.40477e-05 0)
(1.03888 -1.21632e-05 0)
(1.0389 -1.04749e-05 0)
(1.03891 -9.08174e-06 0)
(1.03892 -7.73504e-06 0)
(1.03892 -6.66946e-06 0)
(1.03893 -5.68513e-06 0)
(1.03893 -4.84615e-06 0)
(1.03894 -4.09949e-06 0)
(1.03894 -3.4785e-06 0)
(1.03895 -2.8992e-06 0)
(1.03895 -2.47058e-06 0)
(1.03895 -2.0171e-06 0)
(1.03895 -1.71126e-06 0)
(1.03895 -1.41645e-06 0)
(1.03896 -1.20034e-06 0)
(1.03896 -9.73784e-07 0)
(1.03896 -8.44593e-07 0)
(1.03896 -6.75886e-07 0)
(1.03896 -6.04946e-07 0)
(1.03896 -4.79504e-07 0)
(1.03896 -4.15806e-07 0)
(1.03896 -3.51796e-07 0)
(1.03896 -3.32887e-07 0)
(1.03896 -2.41266e-07 0)
(1.03896 -2.49305e-07 0)
(1.03896 -1.88376e-07 0)
(1.03896 -1.84614e-07 0)
(1.03896 -1.1627e-07 0)
(1.03896 -8.03176e-08 0)
(1.03896 -2.70151e-08 0)
(1.03896 -4.23945e-08 0)
(1.03896 1.24039e-09 0)
(1.03896 -4.05122e-09 0)
(1.03896 2.1125e-08 0)
(1.03896 -1.23284e-08 0)
(1.03896 3.10205e-08 0)
(1.03896 -1.5035e-08 0)
(1.03896 -1.10789e-08 0)
(1.03896 -5.91597e-08 0)
(1.03896 -6.69275e-08 0)
(1.03896 -1.0604e-07 0)
(1.03896 -7.3963e-08 0)
(1.03896 -9.28093e-08 0)
(1.03896 -3.01493e-08 0)
(1.03896 -2.9464e-08 0)
(1.03896 2.64724e-08 0)
(1.03896 4.15188e-08 0)
(1.03896 6.90215e-08 0)
(1.03896 7.83959e-08 0)
(1.03896 9.65756e-08 0)
(1.03896 3.83523e-08 0)
(1.03896 3.90983e-08 0)
(1.03896 -5.0115e-08 0)
(1.03896 -9.06735e-08 0)
(1.03896 -1.86758e-07 0)
(1.03896 -2.99441e-07 0)
(1.03896 -4.40235e-07 0)
(1.03896 -6.00483e-07 0)
(1.03896 -8.58362e-07 0)
(1.03896 -1.15366e-06 0)
(1.03897 -1.59711e-06 0)
(1.03897 -2.18742e-06 0)
(1.03897 -3.07874e-06 0)
(1.03897 -4.40612e-06 0)
(1.03898 -6.35372e-06 0)
(1.03899 -9.79707e-06 0)
(1.039 -1.5106e-05 0)
(1.03901 -2.7146e-05 0)
(1.03906 -4.65347e-05 0)
(1.03909 -0.00012062 0)
(1.03936 -0.000295343 0)
(1.03967 -0.00100635 0)
(1.04198 -0.00196175 0)
(0.96914 -0.0229945 0)
(1.05042 -0.0143071 0)
(1.0267 -0.00420764 0)
(1.04164 -0.000124272 0)
(1.03516 0.000281437 0)
(1.03791 -9.69431e-05 0)
(1.03684 -0.000249543 0)
(1.03761 -0.000306262 0)
(1.0376 -0.000270597 0)
(1.0379 -0.000235796 0)
(1.03802 -0.000195572 0)
(1.03818 -0.000164162 0)
(1.03829 -0.000136722 0)
(1.03839 -0.000114992 0)
(1.03847 -9.70843e-05 0)
(1.03854 -8.27718e-05 0)
(1.03859 -7.10167e-05 0)
(1.03864 -6.12896e-05 0)
(1.03869 -5.31911e-05 0)
(1.03872 -4.63015e-05 0)
(1.03876 -4.0299e-05 0)
(1.03879 -3.52201e-05 0)
(1.03881 -3.0698e-05 0)
(1.03883 -2.67824e-05 0)
(1.03885 -2.33393e-05 0)
(1.03887 -2.02255e-05 0)
(1.03888 -1.75419e-05 0)
(1.03889 -1.51944e-05 0)
(1.0389 -1.30833e-05 0)
(1.03891 -1.13144e-05 0)
(1.03892 -9.65012e-06 0)
(1.03893 -8.31134e-06 0)
(1.03893 -7.08194e-06 0)
(1.03894 -6.02975e-06 0)
(1.03894 -5.10162e-06 0)
(1.03894 -4.32029e-06 0)
(1.03895 -3.60435e-06 0)
(1.03895 -3.0596e-06 0)
(1.03895 -2.51373e-06 0)
(1.03895 -2.12592e-06 0)
(1.03896 -1.75709e-06 0)
(1.03896 -1.48772e-06 0)
(1.03896 -1.21872e-06 0)
(1.03896 -1.05224e-06 0)
(1.03896 -8.42935e-07 0)
(1.03896 -7.33591e-07 0)
(1.03896 -5.90559e-07 0)
(1.03896 -5.08937e-07 0)
(1.03896 -4.22695e-07 0)
(1.03896 -3.87465e-07 0)
(1.03896 -2.79788e-07 0)
(1.03896 -2.77908e-07 0)
(1.03896 -2.08866e-07 0)
(1.03896 -1.96329e-07 0)
(1.03896 -1.27287e-07 0)
(1.03896 -1.00796e-07 0)
(1.03896 -4.93689e-08 0)
(1.03896 -5.91393e-08 0)
(1.03896 -1.4371e-08 0)
(1.03896 -1.00356e-08 0)
(1.03896 1.98118e-08 0)
(1.03896 -1.40044e-08 0)
(1.03896 3.29011e-08 0)
(1.03896 -9.966e-09 0)
(1.03896 -8.25104e-09 0)
(1.03896 -5.63953e-08 0)
(1.03896 -6.18126e-08 0)
(1.03896 -9.99923e-08 0)
(1.03896 -6.98648e-08 0)
(1.03896 -9.22671e-08 0)
(1.03896 -3.13869e-08 0)
(1.03896 -2.84945e-08 0)
(1.03896 2.2717e-08 0)
(1.03896 4.20188e-08 0)
(1.03896 7.14513e-08 0)
(1.03896 7.69221e-08 0)
(1.03896 9.18916e-08 0)
(1.03896 2.40157e-08 0)
(1.03896 1.93332e-08 0)
(1.03896 -7.25471e-08 0)
(1.03896 -1.25543e-07 0)
(1.03896 -2.3243e-07 0)
(1.03896 -3.61555e-07 0)
(1.03896 -5.30238e-07 0)
(1.03896 -7.27998e-07 0)
(1.03896 -1.04303e-06 0)
(1.03896 -1.41715e-06 0)
(1.03897 -1.9681e-06 0)
(1.03897 -2.71757e-06 0)
(1.03897 -3.83073e-06 0)
(1.03897 -5.49355e-06 0)
(1.03898 -7.9129e-06 0)
(1.03898 -1.21485e-05 0)
(1.039 -1.8646e-05 0)
(1.03901 -3.33372e-05 0)
(1.03904 -5.70848e-05 0)
(1.03907 -0.00014877 0)
(1.03931 -0.000366907 0)
(1.03959 -0.00125568 0)
(1.04168 -0.00245358 0)
(0.969674 -0.0284975 0)
(1.05126 -0.0172882 0)
(1.02687 -0.00501283 0)
(1.04179 -0.000156296 0)
(1.03534 0.000331525 0)
(1.03809 -0.000121581 0)
(1.03702 -0.000297633 0)
(1.03777 -0.000364923 0)
(1.03774 -0.000321634 0)
(1.03802 -0.000280252 0)
(1.03813 -0.000232285 0)
(1.03827 -0.0001949 0)
(1.03836 -0.000162232 0)
(1.03845 -0.000136389 0)
(1.03852 -0.000115095 0)
(1.03859 -9.80677e-05 0)
(1.03864 -8.40993e-05 0)
(1.03868 -7.25468e-05 0)
(1.03872 -6.29149e-05 0)
(1.03875 -5.47182e-05 0)
(1.03878 -4.75974e-05 0)
(1.03881 -4.15678e-05 0)
(1.03883 -3.6223e-05 0)
(1.03885 -3.15747e-05 0)
(1.03887 -2.74795e-05 0)
(1.03888 -2.3819e-05 0)
(1.03889 -2.0662e-05 0)
(1.0389 -1.78913e-05 0)
(1.03891 -1.53948e-05 0)
(1.03892 -1.32907e-05 0)
(1.03893 -1.13445e-05 0)
(1.03893 -9.76248e-06 0)
(1.03894 -8.3089e-06 0)
(1.03894 -7.06759e-06 0)
(1.03894 -5.98162e-06 0)
(1.03895 -5.06077e-06 0)
(1.03895 -4.22078e-06 0)
(1.03895 -3.57167e-06 0)
(1.03895 -2.94388e-06 0)
(1.03895 -2.48699e-06 0)
(1.03896 -2.05329e-06 0)
(1.03896 -1.73871e-06 0)
(1.03896 -1.43075e-06 0)
(1.03896 -1.23046e-06 0)
(1.03896 -9.83125e-07 0)
(1.03896 -8.42556e-07 0)
(1.03896 -6.86852e-07 0)
(1.03896 -5.90254e-07 0)
(1.03896 -4.79438e-07 0)
(1.03896 -4.30141e-07 0)
(1.03896 -3.131e-07 0)
(1.03896 -3.03888e-07 0)
(1.03896 -2.23484e-07 0)
(1.03896 -2.02803e-07 0)
(1.03896 -1.35747e-07 0)
(1.03896 -1.2239e-07 0)
(1.03896 -7.11182e-08 0)
(1.03896 -7.26379e-08 0)
(1.03896 -2.61053e-08 0)
(1.03896 -1.78313e-08 0)
(1.03896 1.96913e-08 0)
(1.03896 -1.44908e-08 0)
(1.03896 3.53959e-08 0)
(1.03896 -5.85891e-09 0)
(1.03896 -5.23751e-09 0)
(1.03896 -5.21241e-08 0)
(1.03896 -5.55545e-08 0)
(1.03896 -9.47226e-08 0)
(1.03896 -6.58668e-08 0)
(1.03896 -9.22123e-08 0)
(1.03896 -3.46561e-08 0)
(1.03896 -3.06672e-08 0)
(1.03896 1.70313e-08 0)
(1.03896 4.05369e-08 0)
(1.03896 7.24344e-08 0)
(1.03896 7.3495e-08 0)
(1.03896 8.62227e-08 0)
(1.03896 1.17534e-08 0)
(1.03896 2.45652e-09 0)
(1.03896 -9.16568e-08 0)
(1.03896 -1.55509e-07 0)
(1.03896 -2.71833e-07 0)
(1.03896 -4.14999e-07 0)
(1.03896 -6.10828e-07 0)
(1.03896 -8.43963e-07 0)
(1.03896 -1.20934e-06 0)
(1.03896 -1.65401e-06 0)
(1.03896 -2.30263e-06 0)
(1.03897 -3.19667e-06 0)
(1.03897 -4.50538e-06 0)
(1.03897 -6.45919e-06 0)
(1.03898 -9.28443e-06 0)
(1.03898 -1.41737e-05 0)
(1.03899 -2.16206e-05 0)
(1.039 -3.84078e-05 0)
(1.03903 -6.56791e-05 0)
(1.03905 -0.000172382 0)
(1.03925 -0.000429167 0)
(1.03949 -0.00147672 0)
(1.04131 -0.00289413 0)
(0.970358 -0.03425 0)
(1.05229 -0.0201397 0)
(1.02709 -0.00573866 0)
(1.04198 -0.000190982 0)
(1.03555 0.000374952 0)
(1.03831 -0.000147311 0)
(1.03724 -0.000341015 0)
(1.03796 -0.000417766 0)
(1.03791 -0.000367139 0)
(1.03816 -0.000319868 0)
(1.03825 -0.000264873 0)
(1.03837 -0.000222138 0)
(1.03845 -0.000184779 0)
(1.03853 -0.00015527 0)
(1.03859 -0.000130971 0)
(1.03865 -0.00011153 0)
(1.03869 -9.55902e-05 0)
(1.03873 -8.24075e-05 0)
(1.03876 -7.14047e-05 0)
(1.03879 -6.20504e-05 0)
(1.03881 -5.39446e-05 0)
(1.03883 -4.70732e-05 0)
(1.03885 -4.0994e-05 0)
(1.03887 -3.56984e-05 0)
(1.03888 -3.10358e-05 0)
(1.03889 -2.69042e-05 0)
(1.0389 -2.33342e-05 0)
(1.03891 -2.01866e-05 0)
(1.03892 -1.73542e-05 0)
(1.03893 -1.49652e-05 0)
(1.03893 -1.27784e-05 0)
(1.03894 -1.09861e-05 0)
(1.03894 -9.33688e-06 0)
(1.03895 -7.93395e-06 0)
(1.03895 -6.71775e-06 0)
(1.03895 -5.68039e-06 0)
(1.03895 -4.73408e-06 0)
(1.03895 -3.99459e-06 0)
(1.03896 -3.29839e-06 0)
(1.03896 -2.78649e-06 0)
(1.03896 -2.30063e-06 0)
(1.03896 -1.94792e-06 0)
(1.03896 -1.6039e-06 0)
(1.03896 -1.37311e-06 0)
(1.03896 -1.09527e-06 0)
(1.03896 -9.30499e-07 0)
(1.03896 -7.65989e-07 0)
(1.03896 -6.56175e-07 0)
(1.03896 -5.2314e-07 0)
(1.03896 -4.62987e-07 0)
(1.03896 -3.42525e-07 0)
(1.03896 -3.26469e-07 0)
(1.03896 -2.34657e-07 0)
(1.03896 -2.07383e-07 0)
(1.03896 -1.44359e-07 0)
(1.03896 -1.43908e-07 0)
(1.03896 -9.23999e-08 0)
(1.03896 -8.4114e-08 0)
(1.03896 -3.61948e-08 0)
(1.03896 -2.80571e-08 0)
(1.03896 1.85772e-08 0)
(1.03896 -1.5004e-08 0)
(1.03896 3.65137e-08 0)
(1.03896 -2.9953e-09 0)
(1.03896 -3.80206e-09 0)
(1.03896 -4.77516e-08 0)
(1.03896 -4.99199e-08 0)
(1.03896 -9.15029e-08 0)
(1.03896 -6.43651e-08 0)
(1.03896 -9.41807e-08 0)
(1.03896 -4.14839e-08 0)
(1.03896 -3.66867e-08 0)
(1.03896 8.30067e-09 0)
(1.03896 3.57442e-08 0)
(1.03896 7.00897e-08 0)
(1.03896 6.72747e-08 0)
(1.03896 7.83308e-08 0)
(1.03896 3.39562e-10 0)
(1.03896 -1.3532e-08 0)
(1.03896 -1.0904e-07 0)
(1.03896 -1.82409e-07 0)
(1.03896 -3.06276e-07 0)
(1.03896 -4.60956e-07 0)
(1.03896 -6.81914e-07 0)
(1.03896 -9.47184e-07 0)
(1.03896 -1.35444e-06 0)
(1.03896 -1.86045e-06 0)
(1.03896 -2.59436e-06 0)
(1.03897 -3.61481e-06 0)
(1.03897 -5.08898e-06 0)
(1.03897 -7.28167e-06 0)
(1.03897 -1.04363e-05 0)
(1.03898 -1.5822e-05 0)
(1.03898 -2.39455e-05 0)
(1.03899 -4.21933e-05 0)
(1.03901 -7.20221e-05 0)
(1.03902 -0.000190691 0)
(1.03918 -0.00048042 0)
(1.03938 -0.00166365 0)
(1.04087 -0.00327232 0)
(0.971221 -0.0403106 0)
(1.05353 -0.0228276 0)
(1.02736 -0.00636928 0)
(1.0422 -0.000228659 0)
(1.0358 0.000411223 0)
(1.03857 -0.000173689 0)
(1.03749 -0.000378633 0)
(1.03817 -0.000463621 0)
(1.03809 -0.000406067 0)
(1.03832 -0.000353734 0)
(1.03838 -0.000292573 0)
(1.03849 -0.000245232 0)
(1.03856 -0.000203835 0)
(1.03862 -0.0001712 0)
(1.03867 -0.000144343 0)
(1.03871 -0.000122844 0)
(1.03875 -0.000105215 0)
(1.03878 -9.06344e-05 0)
(1.03881 -7.84594e-05 0)
(1.03883 -6.81256e-05 0)
(1.03885 -5.91897e-05 0)
(1.03886 -5.16003e-05 0)
(1.03888 -4.48933e-05 0)
(1.03889 -3.9055e-05 0)
(1.0389 -3.39274e-05 0)
(1.03891 -2.94063e-05 0)
(1.03892 -2.54895e-05 0)
(1.03893 -2.20208e-05 0)
(1.03893 -1.89146e-05 0)
(1.03894 -1.62974e-05 0)
(1.03894 -1.39164e-05 0)
(1.03894 -1.19492e-05 0)
(1.03895 -1.01421e-05 0)
(1.03895 -8.60844e-06 0)
(1.03895 -7.2914e-06 0)
(1.03895 -6.16146e-06 0)
(1.03895 -5.1324e-06 0)
(1.03896 -4.31997e-06 0)
(1.03896 -3.57171e-06 0)
(1.03896 -3.01809e-06 0)
(1.03896 -2.49468e-06 0)
(1.03896 -2.11033e-06 0)
(1.03896 -1.73476e-06 0)
(1.03896 -1.47748e-06 0)
(1.03896 -1.18056e-06 0)
(1.03896 -9.97282e-07 0)
(1.03896 -8.26929e-07 0)
(1.03896 -7.05031e-07 0)
(1.03896 -5.57242e-07 0)
(1.03896 -4.89551e-07 0)
(1.03896 -3.70011e-07 0)
(1.03896 -3.45563e-07 0)
(1.03896 -2.45855e-07 0)
(1.03896 -2.147e-07 0)
(1.03896 -1.56812e-07 0)
(1.03896 -1.65144e-07 0)
(1.03896 -1.15241e-07 0)
(1.03896 -9.69083e-08 0)
(1.03896 -4.9318e-08 0)
(1.03896 -4.26292e-08 0)
(1.03896 1.28171e-08 0)
(1.03896 -1.81003e-08 0)
(1.03896 3.29087e-08 0)
(1.03896 -3.17761e-09 0)
(1.03896 -6.72923e-09 0)
(1.03896 -4.63015e-08 0)
(1.03896 -4.83037e-08 0)
(1.03896 -9.26896e-08 0)
(1.03896 -6.87883e-08 0)
(1.03896 -1.00451e-07 0)
(1.03896 -5.37415e-08 0)
(1.03896 -4.78577e-08 0)
(1.03896 -5.23852e-09 0)
(1.03896 2.53261e-08 0)
(1.03896 6.14975e-08 0)
(1.03896 5.62808e-08 0)
(1.03896 6.54369e-08 0)
(1.03896 -1.36502e-08 0)
(1.03896 -3.32101e-08 0)
(1.03896 -1.27951e-07 0)
(1.03896 -2.09791e-07 0)
(1.03896 -3.38431e-07 0)
(1.03896 -5.01354e-07 0)
(1.03896 -7.43579e-07 0)
(1.03896 -1.03649e-06 0)
(1.03896 -1.47579e-06 0)
(1.03896 -2.03278e-06 0)
(1.03896 -2.83742e-06 0)
(1.03896 -3.96199e-06 0)
(1.03896 -5.56879e-06 0)
(1.03897 -7.94258e-06 0)
(1.03897 -1.13418e-05 0)
(1.03897 -1.70537e-05 0)
(1.03898 -2.55595e-05 0)
(1.03898 -4.45779e-05 0)
(1.03899 -7.58985e-05 0)
(1.039 -0.000203081 0)
(1.0391 -0.000519186 0)
(1.03926 -0.00181095 0)
(1.04037 -0.00357723 0)
(0.972301 -0.046746 0)
(1.055 -0.0253115 0)
(1.02767 -0.00688795 0)
(1.04245 -0.00026941 0)
(1.0361 0.000440153 0)
(1.03886 -0.000199977 0)
(1.03778 -0.000409351 0)
(1.03841 -0.000501256 0)
(1.03831 -0.000437339 0)
(1.0385 -0.000380918 0)
(1.03854 -0.000314611 0)
(1.03862 -0.000263541 0)
(1.03867 -0.000218879 0)
(1.03872 -0.000183745 0)
(1.03875 -0.000154844 0)
(1.03879 -0.00013169 0)
(1.03881 -0.000112704 0)
(1.03883 -9.6997e-05 0)
(1.03885 -8.38848e-05 0)
(1.03887 -7.27749e-05 0)
(1.03888 -6.31826e-05 0)
(1.0389 -5.50171e-05 0)
(1.03891 -4.78095e-05 0)
(1.03891 -4.15503e-05 0)
(1.03892 -3.60716e-05 0)
(1.03893 -3.12476e-05 0)
(1.03893 -2.70577e-05 0)
(1.03894 -2.33366e-05 0)
(1.03894 -2.00294e-05 0)
(1.03894 -1.72448e-05 0)
(1.03895 -1.47199e-05 0)
(1.03895 -1.26173e-05 0)
(1.03895 -1.06981e-05 0)
(1.03895 -9.06883e-06 0)
(1.03895 -7.68038e-06 0)
(1.03895 -6.4828e-06 0)
(1.03896 -5.39964e-06 0)
(1.03896 -4.53632e-06 0)
(1.03896 -3.75427e-06 0)
(1.03896 -3.17119e-06 0)
(1.03896 -2.62527e-06 0)
(1.03896 -2.21693e-06 0)
(1.03896 -1.81762e-06 0)
(1.03896 -1.53981e-06 0)
(1.03896 -1.23693e-06 0)
(1.03896 -1.03969e-06 0)
(1.03896 -8.65675e-07 0)
(1.03896 -7.32917e-07 0)
(1.03896 -5.80407e-07 0)
(1.03896 -5.07995e-07 0)
(1.03896 -3.91547e-07 0)
(1.03896 -3.56801e-07 0)
(1.03896 -2.54966e-07 0)
(1.03896 -2.23815e-07 0)
(1.03896 -1.71305e-07 0)
(1.03896 -1.81886e-07 0)
(1.03896 -1.37351e-07 0)
(1.03896 -1.10326e-07 0)
(1.03896 -6.44064e-08 0)
(1.03896 -5.85082e-08 0)
(1.03896 3.83547e-09 0)
(1.03896 -2.2575e-08 0)
(1.03896 2.51243e-08 0)
(1.03896 -4.26757e-09 0)
(1.03896 -1.16712e-08 0)
(1.03896 -4.62914e-08 0)
(1.03896 -4.8885e-08 0)
(1.03896 -9.49781e-08 0)
(1.03896 -7.64672e-08 0)
(1.03896 -1.08069e-07 0)
(1.03896 -6.7834e-08 0)
(1.03896 -6.03968e-08 0)
(1.03896 -2.00661e-08 0)
(1.03896 1.25037e-08 0)
(1.03896 4.91285e-08 0)
(1.03896 4.27077e-08 0)
(1.03896 4.88132e-08 0)
(1.03896 -2.90925e-08 0)
(1.03896 -5.58679e-08 0)
(1.03896 -1.4707e-07 0)
(1.03896 -2.36203e-07 0)
(1.03896 -3.67073e-07 0)
(1.03896 -5.34248e-07 0)
(1.03896 -7.91587e-07 0)
(1.03896 -1.10632e-06 0)
(1.03896 -1.56704e-06 0)
(1.03896 -2.16258e-06 0)
(1.03896 -3.02086e-06 0)
(1.03896 -4.22264e-06 0)
(1.03896 -5.92632e-06 0)
(1.03896 -8.4199e-06 0)
(1.03896 -1.19727e-05 0)
(1.03897 -1.78343e-05 0)
(1.03897 -2.64194e-05 0)
(1.03897 -4.54934e-05 0)
(1.03897 -7.71795e-05 0)
(1.03897 -0.000209106 0)
(1.03901 -0.000544236 0)
(1.03912 -0.0019135 0)
(1.03982 -0.00379827 0)
(0.973651 -0.0536321 0)
(1.05672 -0.027543 0)
(1.02804 -0.00727687 0)
(1.04273 -0.000312939 0)
(1.03644 0.000461849 0)
(1.03919 -0.000225129 0)
(1.03809 -0.00043197 0)
(1.03868 -0.000529384 0)
(1.03854 -0.000459861 0)
(1.03869 -0.000400473 0)
(1.03871 -0.000330222 0)
(1.03876 -0.000276442 0)
(1.03879 -0.000229404 0)
(1.03882 -0.00019248 0)
(1.03884 -0.000162112 0)
(1.03886 -0.000137762 0)
(1.03888 -0.000117796 0)
(1.03889 -0.00010128 0)
(1.0389 -8.7499e-05 0)
(1.03891 -7.5839e-05 0)
(1.03892 -6.57819e-05 0)
(1.03892 -5.72036e-05 0)
(1.03893 -4.96442e-05 0)
(1.03893 -4.30993e-05 0)
(1.03894 -3.73891e-05 0)
(1.03894 -3.23554e-05 0)
(1.03894 -2.79766e-05 0)
(1.03895 -2.40855e-05 0)
(1.03895 -2.06571e-05 0)
(1.03895 -1.7768e-05 0)
(1.03895 -1.51524e-05 0)
(1.03895 -1.2961e-05 0)
(1.03895 -1.09809e-05 0)
(1.03895 -9.29547e-06 0)
(1.03895 -7.86461e-06 0)
(1.03895 -6.62645e-06 0)
(1.03895 -5.52081e-06 0)
(1.03895 -4.63306e-06 0)
(1.03895 -3.83641e-06 0)
(1.03895 -3.23628e-06 0)
(1.03895 -2.68259e-06 0)
(1.03895 -2.26112e-06 0)
(1.03895 -1.84849e-06 0)
(1.03895 -1.55775e-06 0)
(1.03895 -1.25978e-06 0)
(1.03895 -1.05185e-06 0)
(1.03895 -8.7606e-07 0)
(1.03895 -7.34511e-07 0)
(1.03895 -5.86477e-07 0)
(1.03895 -5.10934e-07 0)
(1.03895 -3.96557e-07 0)
(1.03895 -3.5009e-07 0)
(1.03895 -2.51147e-07 0)
(1.03895 -2.24049e-07 0)
(1.03895 -1.76447e-07 0)
(1.03895 -1.82622e-07 0)
(1.03895 -1.47257e-07 0)
(1.03895 -1.14931e-07 0)
(1.03895 -7.06896e-08 0)
(1.03895 -6.40356e-08 0)
(1.03895 3.05615e-09 0)
(1.03895 -1.75479e-08 0)
(1.03895 2.36964e-08 0)
(1.03895 4.52456e-09 0)
(1.03895 -6.97972e-09 0)
(1.03895 -3.75802e-08 0)
(1.03895 -4.11351e-08 0)
(1.03895 -8.69398e-08 0)
(1.03895 -7.54923e-08 0)
(1.03895 -1.05283e-07 0)
(1.03895 -7.16122e-08 0)
(1.03895 -6.2113e-08 0)
(1.03895 -2.4886e-08 0)
(1.03895 8.50707e-09 0)
(1.03895 4.41549e-08 0)
(1.03895 3.78201e-08 0)
(1.03895 3.93208e-08 0)
(1.03895 -3.64694e-08 0)
(1.03895 -7.1313e-08 0)
(1.03895 -1.5595e-07 0)
(1.03895 -2.50209e-07 0)
(1.03895 -3.82769e-07 0)
(1.03895 -5.51809e-07 0)
(1.03895 -8.18531e-07 0)
(1.03895 -1.14965e-06 0)
(1.03895 -1.62155e-06 0)
(1.03895 -2.24148e-06 0)
(1.03895 -3.1336e-06 0)
(1.03895 -4.3813e-06 0)
(1.03895 -6.14268e-06 0)
(1.03895 -8.69328e-06 0)
(1.03896 -1.23047e-05 0)
(1.03896 -1.81398e-05 0)
(1.03896 -2.65064e-05 0)
(1.03895 -4.49292e-05 0)
(1.03895 -7.5839e-05 0)
(1.03893 -0.000208526 0)
(1.03892 -0.00055465 0)
(1.03898 -0.00196674 0)
(1.03921 -0.00392523 0)
(0.975334 -0.0610586 0)
(1.05871 -0.0294629 0)
(1.02846 -0.00751692 0)
(1.04303 -0.000358471 0)
(1.03681 0.000476538 0)
(1.03954 -0.000247888 0)
(1.03844 -0.00044534 0)
(1.03896 -0.000546762 0)
(1.03878 -0.000472624 0)
(1.0389 -0.000411556 0)
(1.03887 -0.000338758 0)
(1.03891 -0.000283429 0)
(1.03891 -0.000235017 0)
(1.03892 -0.000197093 0)
(1.03893 -0.000165894 0)
(1.03893 -0.000140869 0)
(1.03894 -0.000120353 0)
(1.03894 -0.000103389 0)
(1.03894 -8.92371e-05 0)
(1.03894 -7.72748e-05 0)
(1.03894 -6.69648e-05 0)
(1.03894 -5.81606e-05 0)
(1.03894 -5.04188e-05 0)
(1.03894 -4.37343e-05 0)
(1.03894 -3.7916e-05 0)
(1.03894 -3.27764e-05 0)
(1.03894 -2.83062e-05 0)
(1.03894 -2.4341e-05 0)
(1.03894 -2.08732e-05 0)
(1.03894 -1.79436e-05 0)
(1.03894 -1.52928e-05 0)
(1.03894 -1.30655e-05 0)
(1.03894 -1.10774e-05 0)
(1.03894 -9.37773e-06 0)
(1.03894 -7.93289e-06 0)
(1.03894 -6.6827e-06 0)
(1.03894 -5.5848e-06 0)
(1.03894 -4.69912e-06 0)
(1.03894 -3.90471e-06 0)
(1.03894 -3.29851e-06 0)
(1.03894 -2.74816e-06 0)
(1.03894 -2.32402e-06 0)
(1.03894 -1.90554e-06 0)
(1.03894 -1.6049e-06 0)
(1.03894 -1.31566e-06 0)
(1.03894 -1.09994e-06 0)
(1.03894 -9.23743e-07 0)
(1.03894 -7.7514e-07 0)
(1.03894 -6.36448e-07 0)
(1.03894 -5.57108e-07 0)
(1.03894 -4.41961e-07 0)
(1.03894 -3.82338e-07 0)
(1.03894 -2.88836e-07 0)
(1.03894 -2.6943e-07 0)
(1.03894 -2.26199e-07 0)
(1.03894 -2.24028e-07 0)
(1.03894 -1.99457e-07 0)
(1.03894 -1.67299e-07 0)
(1.03893 -1.2364e-07 0)
(1.03893 -1.16252e-07 0)
(1.03893 -4.84485e-08 0)
(1.03893 -6.29063e-08 0)
(1.03893 -2.99065e-08 0)
(1.03893 -3.80644e-08 0)
(1.03893 -5.24648e-08 0)
(1.03893 -8.0825e-08 0)
(1.03893 -8.38052e-08 0)
(1.03893 -1.26433e-07 0)
(1.03893 -1.21048e-07 0)
(1.03893 -1.47682e-07 0)
(1.03893 -1.20344e-07 0)
(1.03893 -1.08726e-07 0)
(1.03893 -7.57429e-08 0)
(1.03893 -4.42238e-08 0)
(1.03893 -1.18546e-08 0)
(1.03893 -1.85847e-08 0)
(1.03893 -2.23997e-08 0)
(1.03893 -9.25115e-08 0)
(1.03893 -1.33915e-07 0)
(1.03893 -2.09365e-07 0)
(1.03894 -3.05618e-07 0)
(1.03894 -4.44599e-07 0)
(1.03894 -6.16463e-07 0)
(1.03894 -8.883e-07 0)
(1.03894 -1.23238e-06 0)
(1.03893 -1.71463e-06 0)
(1.03893 -2.35004e-06 0)
(1.03893 -3.25816e-06 0)
(1.03893 -4.52246e-06 0)
(1.03893 -6.30265e-06 0)
(1.03893 -8.85077e-06 0)
(1.03893 -1.24271e-05 0)
(1.03893 -1.80682e-05 0)
(1.03893 -2.59395e-05 0)
(1.03892 -4.30472e-05 0)
(1.03891 -7.20723e-05 0)
(1.03889 -0.000201443 0)
(1.03883 -0.000549957 0)
(1.03882 -0.00196692 0)
(1.03856 -0.00394856 0)
(0.977431 -0.0691324 0)
(1.06097 -0.0309985 0)
(1.02892 -0.00758729 0)
(1.04334 -0.000404585 0)
(1.03721 0.00048432 0)
(1.03989 -0.000266936 0)
(1.03878 -0.000448522 0)
(1.03924 -0.000552318 0)
(1.03901 -0.000474855 0)
(1.03908 -0.000413576 0)
(1.03902 -0.000339844 0)
(1.03902 -0.00028428 0)
(1.039 -0.000235616 0)
(1.03899 -0.000197575 0)
(1.03898 -0.000166257 0)
(1.03897 -0.000141143 0)
(1.03896 -0.000120559 0)
(1.03895 -0.000103548 0)
(1.03895 -8.93538e-05 0)
(1.03894 -7.73618e-05 0)
(1.03893 -6.70357e-05 0)
(1.03893 -5.82178e-05 0)
(1.03892 -5.04827e-05 0)
(1.03892 -4.38174e-05 0)
(1.03892 -3.80229e-05 0)
(1.03891 -3.28982e-05 0)
(1.03891 -2.84522e-05 0)
(1.03891 -2.45221e-05 0)
(1.0389 -2.10944e-05 0)
(1.0389 -1.8188e-05 0)
(1.0389 -1.55592e-05 0)
(1.0389 -1.33523e-05 0)
(1.03889 -1.14051e-05 0)
(1.03889 -9.72998e-06 0)
(1.03889 -8.29718e-06 0)
(1.03889 -7.06049e-06 0)
(1.03889 -5.99176e-06 0)
(1.03889 -5.12525e-06 0)
(1.03889 -4.34063e-06 0)
(1.03889 -3.7312e-06 0)
(1.03889 -3.18352e-06 0)
(1.03889 -2.75787e-06 0)
(1.03888 -2.33552e-06 0)
(1.03888 -2.019e-06 0)
(1.03888 -1.7335e-06 0)
(1.03888 -1.51826e-06 0)
(1.03888 -1.34845e-06 0)
(1.03888 -1.20174e-06 0)
(1.03888 -1.07736e-06 0)
(1.03888 -9.9904e-07 0)
(1.03888 -8.87442e-07 0)
(1.03888 -8.23663e-07 0)
(1.03888 -7.40897e-07 0)
(1.03888 -7.3091e-07 0)
(1.03888 -6.91517e-07 0)
(1.03888 -6.80342e-07 0)
(1.03888 -6.65225e-07 0)
(1.03888 -6.38344e-07 0)
(1.03888 -5.93528e-07 0)
(1.03888 -5.85801e-07 0)
(1.03888 -5.21107e-07 0)
(1.03888 -5.30332e-07 0)
(1.03888 -5.06002e-07 0)
(1.03888 -5.05232e-07 0)
(1.03888 -5.2022e-07 0)
(1.03888 -5.48058e-07 0)
(1.03888 -5.49457e-07 0)
(1.03888 -5.8626e-07 0)
(1.03888 -5.84786e-07 0)
(1.03888 -6.07479e-07 0)
(1.03888 -5.86777e-07 0)
(1.03888 -5.7351e-07 0)
(1.03888 -5.45269e-07 0)
(1.03888 -5.17934e-07 0)
(1.03888 -4.90023e-07 0)
(1.03888 -4.97844e-07 0)
(1.03888 -5.07164e-07 0)
(1.03888 -5.68196e-07 0)
(1.03888 -6.12936e-07 0)
(1.03888 -6.78549e-07 0)
(1.03888 -7.72136e-07 0)
(1.03888 -9.08714e-07 0)
(1.03888 -1.07388e-06 0)
(1.03888 -1.33826e-06 0)
(1.03888 -1.68351e-06 0)
(1.03888 -2.18495e-06 0)
(1.03888 -2.83953e-06 0)
(1.03888 -3.7657e-06 0)
(1.03888 -5.03437e-06 0)
(1.03888 -6.80605e-06 0)
(1.03888 -9.30433e-06 0)
(1.03888 -1.27624e-05 0)
(1.03888 -1.80624e-05 0)
(1.03887 -2.52e-05 0)
(1.03886 -4.04043e-05 0)
(1.03884 -6.65175e-05 0)
(1.03881 -0.000188525 0)
(1.0387 -0.000530319 0)
(1.03863 -0.00191145 0)
(1.03784 -0.00385967 0)
(0.980018 -0.0779744 0)
(1.0635 -0.032056 0)
(1.02937 -0.00746409 0)
(1.04356 -0.000448235 0)
(1.03755 0.000485528 0)
(1.04016 -0.000280408 0)
(1.03904 -0.000440289 0)
(1.03943 -0.000544608 0)
(1.03916 -0.000465484 0)
(1.03917 -0.000405673 0)
(1.03908 -0.000332884 0)
(1.03905 -0.000278583 0)
(1.039 -0.000230954 0)
(1.03897 -0.00019382 0)
(1.03893 -0.000163187 0)
(1.03891 -0.000138633 0)
(1.03889 -0.000118512 0)
(1.03887 -0.000101889 0)
(1.03885 -8.80116e-05 0)
(1.03884 -7.62886e-05 0)
(1.03882 -6.62078e-05 0)
(1.03881 -5.76089e-05 0)
(1.0388 -5.00836e-05 0)
(1.03879 -4.3607e-05 0)
(1.03878 -3.79782e-05 0)
(1.03877 -3.30031e-05 0)
(1.03877 -2.87086e-05 0)
(1.03876 -2.49287e-05 0)
(1.03876 -2.16201e-05 0)
(1.03875 -1.88036e-05 0)
(1.03875 -1.62594e-05 0)
(1.03874 -1.41324e-05 0)
(1.03874 -1.22725e-05 0)
(1.03874 -1.06596e-05 0)
(1.03874 -9.26806e-06 0)
(1.03873 -8.07169e-06 0)
(1.03873 -7.04961e-06 0)
(1.03873 -6.21406e-06 0)
(1.03873 -5.44523e-06 0)
(1.03873 -4.83591e-06 0)
(1.03873 -4.28879e-06 0)
(1.03873 -3.86502e-06 0)
(1.03873 -3.46222e-06 0)
(1.03873 -3.15943e-06 0)
(1.03873 -2.89817e-06 0)
(1.03873 -2.69345e-06 0)
(1.03873 -2.53738e-06 0)
(1.03873 -2.40146e-06 0)
(1.03872 -2.29355e-06 0)
(1.03872 -2.22058e-06 0)
(1.03872 -2.11839e-06 0)
(1.03872 -2.06094e-06 0)
(1.03872 -1.99151e-06 0)
(1.03872 -1.98997e-06 0)
(1.03872 -1.95372e-06 0)
(1.03872 -1.93557e-06 0)
(1.03872 -1.92631e-06 0)
(1.03872 -1.9066e-06 0)
(1.03872 -1.85991e-06 0)
(1.03872 -1.8516e-06 0)
(1.03872 -1.79232e-06 0)
(1.03872 -1.79787e-06 0)
(1.03872 -1.78162e-06 0)
(1.03872 -1.77599e-06 0)
(1.03872 -1.78897e-06 0)
(1.03872 -1.81733e-06 0)
(1.03872 -1.81763e-06 0)
(1.03872 -1.84762e-06 0)
(1.03872 -1.84857e-06 0)
(1.03872 -1.86703e-06 0)
(1.03872 -1.85338e-06 0)
(1.03872 -1.83956e-06 0)
(1.03872 -1.81505e-06 0)
(1.03872 -1.79272e-06 0)
(1.03872 -1.76896e-06 0)
(1.03872 -1.77689e-06 0)
(1.03872 -1.79065e-06 0)
(1.03872 -1.84269e-06 0)
(1.03872 -1.88806e-06 0)
(1.03872 -1.94501e-06 0)
(1.03872 -2.03241e-06 0)
(1.03872 -2.158e-06 0)
(1.03872 -2.30819e-06 0)
(1.03872 -2.5544e-06 0)
(1.03872 -2.88661e-06 0)
(1.03872 -3.3694e-06 0)
(1.03872 -4.00855e-06 0)
(1.03872 -4.95467e-06 0)
(1.03872 -6.2185e-06 0)
(1.03872 -7.95491e-06 0)
(1.03872 -1.03581e-05 0)
(1.03872 -1.36208e-05 0)
(1.03871 -1.84533e-05 0)
(1.03871 -2.46683e-05 0)
(1.03869 -3.74977e-05 0)
(1.03867 -5.9826e-05 0)
(1.03863 -0.000170634 0)
(1.03847 -0.000496043 0)
(1.03834 -0.00179847 0)
(1.03701 -0.00365052 0)
(0.983105 -0.0876813 0)
(1.06611 -0.0325083 0)
(1.02959 -0.00711858 0)
(1.04347 -0.000483022 0)
(1.03762 0.000481791 0)
(1.04015 -0.000284465 0)
(1.03902 -0.000417766 0)
(1.03933 -0.000520476 0)
(1.039 -0.000441768 0)
(1.03896 -0.000385288 0)
(1.03883 -0.000315553 0)
(1.03876 -0.000264158 0)
(1.03868 -0.000218982 0)
(1.03863 -0.000183885 0)
(1.03858 -0.000154813 0)
(1.03853 -0.000131508 0)
(1.0385 -0.000112407 0)
(1.03846 -9.66202e-05 0)
(1.03844 -8.34259e-05 0)
(1.03841 -7.2275e-05 0)
(1.03839 -6.26963e-05 0)
(1.03837 -5.45341e-05 0)
(1.03836 -4.73966e-05 0)
(1.03834 -4.12497e-05 0)
(1.03833 -3.58991e-05 0)
(1.03832 -3.11694e-05 0)
(1.03831 -2.7104e-05 0)
(1.0383 -2.35335e-05 0)
(1.03829 -2.04271e-05 0)
(1.03829 -1.77804e-05 0)
(1.03828 -1.53995e-05 0)
(1.03828 -1.3422e-05 0)
(1.03827 -1.17049e-05 0)
(1.03827 -1.02053e-05 0)
(1.03827 -8.90484e-06 0)
(1.03826 -7.79716e-06 0)
(1.03826 -6.8594e-06 0)
(1.03826 -6.08987e-06 0)
(1.03826 -5.37438e-06 0)
(1.03826 -4.80592e-06 0)
(1.03825 -4.29687e-06 0)
(1.03825 -3.90633e-06 0)
(1.03825 -3.53062e-06 0)
(1.03825 -3.26261e-06 0)
(1.03825 -3.04232e-06 0)
(1.03825 -2.8544e-06 0)
(1.03825 -2.7149e-06 0)
(1.03825 -2.59209e-06 0)
(1.03825 -2.49782e-06 0)
(1.03825 -2.42887e-06 0)
(1.03825 -2.3375e-06 0)
(1.03825 -2.28954e-06 0)
(1.03825 -2.22956e-06 0)
(1.03825 -2.23335e-06 0)
(1.03825 -2.20016e-06 0)
(1.03825 -2.17866e-06 0)
(1.03825 -2.1719e-06 0)
(1.03825 -2.15859e-06 0)
(1.03825 -2.11156e-06 0)
(1.03825 -2.10368e-06 0)
(1.03825 -2.05237e-06 0)
(1.03825 -2.05597e-06 0)
(1.03825 -2.04634e-06 0)
(1.03825 -2.04055e-06 0)
(1.03825 -2.04958e-06 0)
(1.03825 -2.07796e-06 0)
(1.03825 -2.07698e-06 0)
(1.03825 -2.10037e-06 0)
(1.03825 -2.1019e-06 0)
(1.03825 -2.11612e-06 0)
(1.03825 -2.10865e-06 0)
(1.03825 -2.09644e-06 0)
(1.03825 -2.07334e-06 0)
(1.03825 -2.05658e-06 0)
(1.03825 -2.03742e-06 0)
(1.03825 -2.04475e-06 0)
(1.03825 -2.06088e-06 0)
(1.03825 -2.10313e-06 0)
(1.03825 -2.1465e-06 0)
(1.03825 -2.19674e-06 0)
(1.03825 -2.27608e-06 0)
(1.03825 -2.39556e-06 0)
(1.03825 -2.53376e-06 0)
(1.03825 -2.7598e-06 0)
(1.03825 -3.06972e-06 0)
(1.03825 -3.50202e-06 0)
(1.03825 -4.1073e-06 0)
(1.03825 -5.00343e-06 0)
(1.03824 -6.19265e-06 0)
(1.03824 -7.81956e-06 0)
(1.03824 -1.00463e-05 0)
(1.03824 -1.30168e-05 0)
(1.03823 -1.72593e-05 0)
(1.03822 -2.2415e-05 0)
(1.03821 -3.26263e-05 0)
(1.03818 -5.06619e-05 0)
(1.03814 -0.000147068 0)
(1.03794 -0.000446148 0)
(1.03774 -0.0016257 0)
(1.03587 -0.00331291 0)
(0.986403 -0.0982879 0)
(1.06823 -0.0321944 0)
(1.02897 -0.00652573 0)
(1.04243 -0.000505759 0)
(1.0368 0.000469368 0)
(1.03921 -0.00027874 0)
(1.03808 -0.000382106 0)
(1.03829 -0.000481042 0)
(1.03792 -0.000405043 0)
(1.03782 -0.000353672 0)
(1.03764 -0.000288922 0)
(1.03753 -0.000241782 0)
(1.03742 -0.000200103 0)
(1.03734 -0.000167768 0)
(1.03727 -0.000141057 0)
(1.03721 -0.000119702 0)
(1.03716 -0.00010218 0)
(1.03711 -8.76674e-05 0)
(1.03707 -7.55103e-05 0)
(1.03704 -6.5215e-05 0)
(1.03701 -5.63588e-05 0)
(1.03699 -4.87992e-05 0)
(1.03696 -4.21641e-05 0)
(1.03694 -3.64158e-05 0)
(1.03693 -3.13769e-05 0)
(1.03691 -2.68867e-05 0)
(1.0369 -2.3005e-05 0)
(1.03689 -1.95734e-05 0)
(1.03688 -1.67556e-05 0)
(1.03687 -1.43668e-05 0)
(1.03686 -1.2234e-05 0)
(1.03686 -1.04748e-05 0)
(1.03685 -8.95557e-06 0)
(1.03685 -7.6228e-06 0)
(1.03684 -6.46902e-06 0)
(1.03684 -5.50234e-06 0)
(1.03684 -4.69056e-06 0)
(1.03684 -4.02591e-06 0)
(1.03683 -3.40985e-06 0)
(1.03683 -2.93178e-06 0)
(1.03683 -2.50728e-06 0)
(1.03683 -2.18835e-06 0)
(1.03683 -1.85779e-06 0)
(1.03683 -1.62125e-06 0)
(1.03683 -1.43452e-06 0)
(1.03683 -1.26878e-06 0)
(1.03683 -1.14902e-06 0)
(1.03683 -1.04282e-06 0)
(1.03683 -9.61727e-07 0)
(1.03682 -8.98711e-07 0)
(1.03682 -8.21455e-07 0)
(1.03682 -7.87621e-07 0)
(1.03682 -7.34588e-07 0)
(1.03682 -7.39177e-07 0)
(1.03682 -7.10064e-07 0)
(1.03682 -6.88377e-07 0)
(1.03682 -6.82973e-07 0)
(1.03682 -6.73155e-07 0)
(1.03682 -6.28637e-07 0)
(1.03682 -6.23412e-07 0)
(1.03682 -5.81469e-07 0)
(1.03682 -5.83955e-07 0)
(1.03682 -5.79751e-07 0)
(1.03682 -5.76965e-07 0)
(1.03682 -5.81598e-07 0)
(1.03682 -6.08638e-07 0)
(1.03682 -6.064e-07 0)
(1.03682 -6.24274e-07 0)
(1.03682 -6.25065e-07 0)
(1.03682 -6.34751e-07 0)
(1.03682 -6.31062e-07 0)
(1.03682 -6.23021e-07 0)
(1.03682 -5.99822e-07 0)
(1.03682 -5.87962e-07 0)
(1.03682 -5.74473e-07 0)
(1.03682 -5.79804e-07 0)
(1.03682 -5.96408e-07 0)
(1.03682 -6.28809e-07 0)
(1.03682 -6.6817e-07 0)
(1.03682 -7.1333e-07 0)
(1.03682 -7.82725e-07 0)
(1.03682 -8.94737e-07 0)
(1.03682 -1.01825e-06 0)
(1.03682 -1.21941e-06 0)
(1.03682 -1.4976e-06 0)
(1.03682 -1.8848e-06 0)
(1.03682 -2.42178e-06 0)
(1.03682 -3.18336e-06 0)
(1.03682 -4.21562e-06 0)
(1.03682 -5.64942e-06 0)
(1.03681 -7.61178e-06 0)
(1.03681 -1.01962e-05 0)
(1.0368 -1.37499e-05 0)
(1.03679 -1.77813e-05 0)
(1.03678 -2.54964e-05 0)
(1.03674 -3.93195e-05 0)
(1.0367 -0.000119325 0)
(1.03647 -0.000383907 0)
(1.03621 -0.00139855 0)
(1.03382 -0.00284682 0)
(0.988581 -0.109968 0)
(1.06796 -0.0309669 0)
(1.02559 -0.00569914 0)
(1.0385 -0.000550224 0)
(1.03316 0.00040509 0)
(1.03544 -0.000298847 0)
(1.03431 -0.00037075 0)
(1.03442 -0.000463862 0)
(1.03399 -0.000392834 0)
(1.03383 -0.000348017 0)
(1.0336 -0.000289625 0)
(1.03345 -0.000247411 0)
(1.03331 -0.00020942 0)
(1.03321 -0.000179654 0)
(1.03311 -0.000155999 0)
(1.03303 -0.000137434 0)
(1.03297 -0.000122196 0)
(1.03291 -0.000109558 0)
(1.03286 -9.89666e-05 0)
(1.03282 -9.00005e-05 0)
(1.03278 -8.22913e-05 0)
(1.03275 -7.57192e-05 0)
(1.03272 -6.99515e-05 0)
(1.03269 -6.49534e-05 0)
(1.03267 -6.0577e-05 0)
(1.03266 -5.66788e-05 0)
(1.03264 -5.33213e-05 0)
(1.03263 -5.03564e-05 0)
(1.03261 -4.79299e-05 0)
(1.0326 -4.58826e-05 0)
(1.03259 -4.40721e-05 0)
(1.03259 -4.25834e-05 0)
(1.03258 -4.12997e-05 0)
(1.03258 -4.01716e-05 0)
(1.03257 -3.92004e-05 0)
(1.03257 -3.84001e-05 0)
(1.03256 -3.77289e-05 0)
(1.03256 -3.71765e-05 0)
(1.03256 -3.66707e-05 0)
(1.03256 -3.62903e-05 0)
(1.03256 -3.59519e-05 0)
(1.03255 -3.57046e-05 0)
(1.03255 -3.54449e-05 0)
(1.03255 -3.52506e-05 0)
(1.03255 -3.51007e-05 0)
(1.03255 -3.49619e-05 0)
(1.03255 -3.48637e-05 0)
(1.03255 -3.47771e-05 0)
(1.03255 -3.47104e-05 0)
(1.03255 -3.46573e-05 0)
(1.03255 -3.45963e-05 0)
(1.03255 -3.45785e-05 0)
(1.03255 -3.4532e-05 0)
(1.03255 -3.45332e-05 0)
(1.03255 -3.45102e-05 0)
(1.03255 -3.44906e-05 0)
(1.03255 -3.44869e-05 0)
(1.03255 -3.44778e-05 0)
(1.03255 -3.44383e-05 0)
(1.03255 -3.44385e-05 0)
(1.03255 -3.44065e-05 0)
(1.03255 -3.44073e-05 0)
(1.03255 -3.44079e-05 0)
(1.03255 -3.44095e-05 0)
(1.03255 -3.44098e-05 0)
(1.03255 -3.44342e-05 0)
(1.03255 -3.44306e-05 0)
(1.03255 -3.44441e-05 0)
(1.03255 -3.4444e-05 0)
(1.03255 -3.44493e-05 0)
(1.03255 -3.4446e-05 0)
(1.03255 -3.44443e-05 0)
(1.03255 -3.44206e-05 0)
(1.03255 -3.44115e-05 0)
(1.03255 -3.44055e-05 0)
(1.03255 -3.44076e-05 0)
(1.03255 -3.44224e-05 0)
(1.03255 -3.44456e-05 0)
(1.03255 -3.44804e-05 0)
(1.03255 -3.45221e-05 0)
(1.03255 -3.45792e-05 0)
(1.03255 -3.46799e-05 0)
(1.03255 -3.47838e-05 0)
(1.03255 -3.49531e-05 0)
(1.03255 -3.51894e-05 0)
(1.03255 -3.55186e-05 0)
(1.03254 -3.59473e-05 0)
(1.03254 -3.657e-05 0)
(1.03254 -3.74304e-05 0)
(1.03254 -3.86395e-05 0)
(1.03253 -4.029e-05 0)
(1.03253 -4.24311e-05 0)
(1.03252 -4.52493e-05 0)
(1.03251 -4.81611e-05 0)
(1.03249 -5.31857e-05 0)
(1.03246 -6.23064e-05 0)
(1.03242 -0.000123577 0)
(1.03218 -0.00034923 0)
(1.03186 -0.0011682 0)
(1.02902 -0.00229702 0)
(0.984975 -0.123291 0)
(1.0595 -0.028658 0)
(1.01374 -0.00469237 0)
(1.0259 -0.000702477 0)
(1.02098 0.000183842 0)
(1.02309 -0.000443686 0)
(1.02198 -0.000481673 0)
(1.02198 -0.000563538 0)
(1.0215 -0.000501714 0)
(1.02127 -0.000466285 0)
(1.021 -0.000418201 0)
(1.02082 -0.000384125 0)
(1.02065 -0.000353111 0)
(1.02051 -0.000328875 0)
(1.0204 -0.00030978 0)
(1.0203 -0.000294872 0)
(1.02022 -0.000282624 0)
(1.02015 -0.00027247 0)
(1.02009 -0.000263976 0)
(1.02004 -0.000256808 0)
(1.01999 -0.000250665 0)
(1.01995 -0.000245454 0)
(1.01992 -0.000240909 0)
(1.01989 -0.000237001 0)
(1.01986 -0.000233621 0)
(1.01984 -0.000230649 0)
(1.01982 -0.000228132 0)
(1.01981 -0.000225938 0)
(1.01979 -0.000224005 0)
(1.01978 -0.000222379 0)
(1.01977 -0.000220956 0)
(1.01976 -0.000219783 0)
(1.01976 -0.000218769 0)
(1.01975 -0.000217881 0)
(1.01975 -0.000217122 0)
(1.01974 -0.000216505 0)
(1.01974 -0.000215983 0)
(1.01974 -0.000215548 0)
(1.01973 -0.000215156 0)
(1.01973 -0.000214869 0)
(1.01973 -0.000214607 0)
(1.01973 -0.000214416 0)
(1.01973 -0.000214218 0)
(1.01973 -0.00021407 0)
(1.01972 -0.00021396 0)
(1.01972 -0.000213853 0)
(1.01972 -0.000213778 0)
(1.01972 -0.000213715 0)
(1.01972 -0.000213663 0)
(1.01972 -0.000213622 0)
(1.01972 -0.000213578 0)
(1.01972 -0.000213575 0)
(1.01972 -0.000213535 0)
(1.01972 -0.000213532 0)
(1.01972 -0.000213517 0)
(1.01972 -0.0002135 0)
(1.01972 -0.000213498 0)
(1.01972 -0.00021349 0)
(1.01972 -0.000213457 0)
(1.01972 -0.000213464 0)
(1.01972 -0.000213442 0)
(1.01972 -0.00021344 0)
(1.01972 -0.000213445 0)
(1.01972 -0.000213452 0)
(1.01972 -0.000213446 0)
(1.01972 -0.000213467 0)
(1.01972 -0.000213462 0)
(1.01972 -0.000213471 0)
(1.01972 -0.000213468 0)
(1.01972 -0.00021347 0)
(1.01972 -0.000213466 0)
(1.01972 -0.000213472 0)
(1.01972 -0.00021345 0)
(1.01972 -0.000213442 0)
(1.01972 -0.000213443 0)
(1.01972 -0.000213443 0)
(1.01972 -0.000213454 0)
(1.01972 -0.00021347 0)
(1.01972 -0.000213498 0)
(1.01972 -0.000213536 0)
(1.01972 -0.000213577 0)
(1.01972 -0.00021366 0)
(1.01972 -0.000213741 0)
(1.01972 -0.000213872 0)
(1.01972 -0.000214057 0)
(1.01972 -0.000214315 0)
(1.01972 -0.000214648 0)
(1.01972 -0.000215142 0)
(1.01971 -0.000215824 0)
(1.01971 -0.000216779 0)
(1.01971 -0.000218073 0)
(1.0197 -0.000219721 0)
(1.01969 -0.000221784 0)
(1.01968 -0.000223658 0)
(1.01966 -0.00022607 0)
(1.01963 -0.000230495 0)
(1.0196 -0.00027152 0)
(1.01936 -0.000444112 0)
(1.01899 -0.00104965 0)
(1.01589 -0.00176928 0)
(0.96032 -0.135904 0)
(1.02534 -0.0244305 0)
(0.976312 -0.00334332 0)
(0.987397 -0.000825694 0)
(0.983083 -0.000103804 0)
(0.984983 -0.000608632 0)
(0.983907 -0.000614261 0)
(0.983811 -0.000677905 0)
(0.983287 -0.000629712 0)
(0.983009 -0.000605618 0)
(0.982707 -0.000571056 0)
(0.982488 -0.000547416 0)
(0.982293 -0.000525705 0)
(0.982137 -0.000509019 0)
(0.982004 -0.000495766 0)
(0.981893 -0.000485227 0)
(0.981798 -0.000476531 0)
(0.981717 -0.000469318 0)
(0.981648 -0.000463291 0)
(0.981589 -0.000458216 0)
(0.981538 -0.000453862 0)
(0.981494 -0.000450175 0)
(0.981457 -0.000446969 0)
(0.981424 -0.000444221 0)
(0.981396 -0.000441858 0)
(0.981372 -0.000439787 0)
(0.981352 -0.000438038 0)
(0.981334 -0.000436522 0)
(0.981319 -0.000435169 0)
(0.981306 -0.000434043 0)
(0.981296 -0.000433068 0)
(0.981286 -0.000432261 0)
(0.981279 -0.000431552 0)
(0.981272 -0.000430944 0)
(0.981267 -0.00043043 0)
(0.981262 -0.000430015 0)
(0.981259 -0.000429656 0)
(0.981256 -0.000429351 0)
(0.981253 -0.000429085 0)
(0.981251 -0.0004289 0)
(0.981249 -0.000428722 0)
(0.981248 -0.000428591 0)
(0.981247 -0.000428458 0)
(0.981246 -0.000428364 0)
(0.981245 -0.000428296 0)
(0.981244 -0.000428224 0)
(0.981244 -0.000428171 0)
(0.981243 -0.000428132 0)
(0.981243 -0.000428098 0)
(0.981242 -0.000428073 0)
(0.981242 -0.000428044 0)
(0.981242 -0.000428051 0)
(0.981242 -0.000428019 0)
(0.981242 -0.000428011 0)
(0.981242 -0.000428002 0)
(0.981242 -0.000427992 0)
(0.981241 -0.000427992 0)
(0.981241 -0.000427986 0)
(0.981241 -0.000427961 0)
(0.981241 -0.000427975 0)
(0.981241 -0.000427962 0)
(0.981241 -0.000427957 0)
(0.981241 -0.000427963 0)
(0.981241 -0.000427974 0)
(0.981241 -0.000427962 0)
(0.981241 -0.000427978 0)
(0.981241 -0.000427973 0)
(0.981241 -0.000427978 0)
(0.981241 -0.000427977 0)
(0.981241 -0.000427979 0)
(0.981241 -0.000427971 0)
(0.981241 -0.000427983 0)
(0.981241 -0.000427964 0)
(0.981241 -0.000427955 0)
(0.981241 -0.000427962 0)
(0.981241 -0.00042796 0)
(0.981241 -0.000427967 0)
(0.981241 -0.000427976 0)
(0.981241 -0.000427996 0)
(0.981241 -0.000428029 0)
(0.981241 -0.000428053 0)
(0.98124 -0.000428114 0)
(0.98124 -0.000428168 0)
(0.98124 -0.000428255 0)
(0.981239 -0.00042838 0)
(0.981238 -0.000428553 0)
(0.981237 -0.000428777 0)
(0.981235 -0.00042912 0)
(0.981232 -0.000429589 0)
(0.981229 -0.000430244 0)
(0.981224 -0.000431124 0)
(0.981216 -0.000432224 0)
(0.981207 -0.000433528 0)
(0.981194 -0.000434524 0)
(0.981179 -0.000435191 0)
(0.981153 -0.000436343 0)
(0.981133 -0.000458783 0)
(0.98091 -0.000569074 0)
(0.980543 -0.000943106 0)
(0.977595 -0.00117802 0)
(0.864908 -0.128453 0)
(0.911564 -0.0160026 0)
(0.861952 -0.000986244 0)
(0.871339 7.0571e-05 0)
(0.867949 0.000504865 0)
(0.869534 0.000190112 0)
(0.868573 0.000201501 0)
(0.868403 0.000163762 0)
(0.867889 0.00019347 0)
(0.867592 0.000206338 0)
(0.867287 0.000225949 0)
(0.86706 0.00023893 0)
(0.866862 0.000251055 0)
(0.866702 0.000260308 0)
(0.866566 0.000267496 0)
(0.866452 0.000273216 0)
(0.866355 0.000277952 0)
(0.866273 0.000281865 0)
(0.866203 0.000285118 0)
(0.866143 0.000287854 0)
(0.866092 0.000290207 0)
(0.866048 0.000292192 0)
(0.86601 0.000293908 0)
(0.865978 0.000295374 0)
(0.86595 0.000296629 0)
(0.865926 0.000297728 0)
(0.865906 0.000298659 0)
(0.865889 0.000299464 0)
(0.865874 0.000300173 0)
(0.865862 0.00030075 0)
(0.865852 0.000301249 0)
(0.865843 0.000301666 0)
(0.865836 0.000302045 0)
(0.86583 0.000302352 0)
(0.865824 0.000302608 0)
(0.86582 0.000302817 0)
(0.865817 0.000303002 0)
(0.865814 0.000303161 0)
(0.865812 0.000303292 0)
(0.86581 0.000303375 0)
(0.865808 0.000303469 0)
(0.865807 0.000303537 0)
(0.865806 0.000303602 0)
(0.865805 0.000303646 0)
(0.865804 0.000303677 0)
(0.865803 0.000303711 0)
(0.865803 0.000303744 0)
(0.865803 0.000303756 0)
(0.865802 0.000303775 0)
(0.865802 0.000303789 0)
(0.865802 0.000303804 0)
(0.865802 0.000303792 0)
(0.865802 0.000303814 0)
(0.865802 0.000303823 0)
(0.865801 0.000303822 0)
(0.865801 0.000303827 0)
(0.865801 0.000303824 0)
(0.865801 0.000303825 0)
(0.865801 0.000303846 0)
(0.865801 0.000303831 0)
(0.865801 0.000303833 0)
(0.865801 0.000303841 0)
(0.865801 0.000303839 0)
(0.865801 0.000303823 0)
(0.865801 0.000303843 0)
(0.865801 0.000303833 0)
(0.865801 0.000303832 0)
(0.865801 0.000303834 0)
(0.865801 0.000303836 0)
(0.865801 0.000303833 0)
(0.865801 0.000303845 0)
(0.865801 0.000303826 0)
(0.865801 0.000303839 0)
(0.865801 0.000303849 0)
(0.865801 0.000303836 0)
(0.865801 0.000303837 0)
(0.865801 0.000303834 0)
(0.865801 0.000303831 0)
(0.865801 0.000303824 0)
(0.865801 0.000303799 0)
(0.8658 0.000303795 0)
(0.8658 0.000303762 0)
(0.8658 0.000303731 0)
(0.865799 0.00030369 0)
(0.865799 0.000303623 0)
(0.865798 0.000303531 0)
(0.865797 0.00030342 0)
(0.865795 0.000303238 0)
(0.865792 0.00030299 0)
(0.865789 0.000302654 0)
(0.865784 0.000302203 0)
(0.865777 0.000301648 0)
(0.865767 0.000301031 0)
(0.865755 0.000300677 0)
(0.865743 0.000300889 0)
(0.865724 0.000301458 0)
(0.865718 0.000293343 0)
(0.865546 0.000239552 0)
(0.865253 7.34356e-05 0)
(0.863186 0.000219183 0)
(0.537552 -0.0563964 0)
(0.55218 -0.0035963 0)
(0.517063 0.00176455 0)
(0.522885 0.00200123 0)
(0.521069 0.00213058 0)
(0.522 0.00203742 0)
(0.521392 0.00204461 0)
(0.52124 0.00203482 0)
(0.520896 0.00204429 0)
(0.520687 0.00204822 0)
(0.520481 0.002054 0)
(0.520325 0.00205773 0)
(0.520191 0.00206114 0)
(0.520082 0.00206367 0)
(0.519989 0.00206573 0)
(0.519912 0.00206736 0)
(0.519847 0.00206868 0)
(0.519791 0.00206975 0)
(0.519744 0.00207062 0)
(0.519704 0.00207133 0)
(0.519669 0.00207193 0)
(0.51964 0.00207242 0)
(0.519615 0.00207284 0)
(0.519593 0.00207319 0)
(0.519575 0.00207349 0)
(0.51956 0.00207374 0)
(0.519547 0.00207396 0)
(0.519535 0.00207414 0)
(0.519526 0.0020743 0)
(0.519518 0.00207442 0)
(0.519512 0.00207453 0)
(0.519506 0.00207462 0)
(0.519501 0.00207471 0)
(0.519498 0.00207477 0)
(0.519495 0.00207483 0)
(0.519492 0.00207487 0)
(0.51949 0.00207491 0)
(0.519488 0.00207495 0)
(0.519487 0.00207498 0)
(0.519486 0.00207499 0)
(0.519485 0.00207501 0)
(0.519484 0.00207503 0)
(0.519483 0.00207504 0)
(0.519483 0.00207505 0)
(0.519482 0.00207506 0)
(0.519482 0.00207506 0)
(0.519482 0.00207507 0)
(0.519481 0.00207507 0)
(0.519481 0.00207508 0)
(0.519481 0.00207508 0)
(0.519481 0.00207508 0)
(0.519481 0.00207508 0)
(0.519481 0.00207509 0)
(0.519481 0.00207509 0)
(0.519481 0.00207509 0)
(0.519481 0.00207509 0)
(0.519481 0.00207509 0)
(0.519481 0.00207509 0)
(0.519481 0.00207509 0)
(0.519481 0.00207509 0)
(0.519481 0.00207509 0)
(0.519481 0.00207509 0)
(0.519481 0.00207509 0)
(0.519481 0.00207508 0)
(0.519481 0.00207509 0)
(0.519481 0.00207509 0)
(0.519481 0.00207509 0)
(0.519481 0.00207509 0)
(0.519481 0.00207509 0)
(0.519481 0.00207509 0)
(0.519481 0.00207509 0)
(0.519481 0.00207508 0)
(0.519481 0.00207509 0)
(0.51948 0.00207509 0)
(0.51948 0.00207509 0)
(0.51948 0.00207509 0)
(0.51948 0.00207509 0)
(0.51948 0.00207509 0)
(0.51948 0.00207509 0)
(0.51948 0.00207508 0)
(0.51948 0.00207508 0)
(0.51948 0.00207507 0)
(0.51948 0.00207506 0)
(0.51948 0.00207505 0)
(0.519479 0.00207503 0)
(0.519479 0.002075 0)
(0.519478 0.00207497 0)
(0.519477 0.00207492 0)
(0.519475 0.00207485 0)
(0.519472 0.00207476 0)
(0.519469 0.00207464 0)
(0.519464 0.0020745 0)
(0.519458 0.00207437 0)
(0.519451 0.00207435 0)
(0.519444 0.00207464 0)
(0.519436 0.00207529 0)
(0.519442 0.00207439 0)
(0.519361 0.00206119 0)
(0.519228 0.00202118 0)
(0.518638 0.0021516 0)
)
;

boundaryField
{
    inlet
    {
        type            fixedValue;
        value           uniform (1 0 0);
    }
    outlet
    {
        type            zeroGradient;
    }
    lowerWall
    {
        type            noSlip;
    }
    upperWall
    {
        type            noSlip;
    }
    frontAndBack
    {
        type            empty;
    }
}


// ************************************************************************* //
