/*--------------------------------*- C++ -*----------------------------------*\
| =========                 |                                                 |
| \\      /  F ield         | OpenFOAM: The Open Source CFD Toolbox           |
|  \\    /   O peration     | Version:  5.x                                   |
|   \\  /    A nd           | Web:      www.OpenFOAM.org                      |
|    \\/     M anipulation  |                                                 |
\*---------------------------------------------------------------------------*/
FoamFile
{
    version     2.0;
    format      ascii;
    class       volScalarField;
    location    "2";
    object      Ux;
}
// * * * * * * * * * * * * * * * * * * * * * * * * * * * * * * * * * * * * * //

dimensions      [0 1 -1 0 0 0 0];

internalField   nonuniform List<scalar> 
4000
(
0.537552
0.55218
0.517062
0.522885
0.521069
0.522
0.521391
0.521239
0.520895
0.520686
0.52048
0.520324
0.52019
0.520081
0.519989
0.519912
0.519847
0.519791
0.519744
0.519704
0.51967
0.51964
0.519615
0.519594
0.519575
0.51956
0.519547
0.519536
0.519526
0.519518
0.519512
0.519506
0.519502
0.519498
0.519495
0.519492
0.51949
0.519488
0.519487
0.519485
0.519485
0.519484
0.519483
0.519483
0.519482
0.519482
0.519482
0.519481
0.519481
0.519481
0.519481
0.519481
0.519481
0.519481
0.519481
0.519481
0.519481
0.519481
0.519481
0.519481
0.519481
0.519481
0.519481
0.519481
0.519481
0.519481
0.519481
0.519481
0.519481
0.519481
0.519481
0.519481
0.519481
0.519481
0.519481
0.519481
0.519481
0.51948
0.51948
0.51948
0.51948
0.51948
0.51948
0.51948
0.519479
0.519479
0.519478
0.519477
0.519475
0.519473
0.519469
0.519464
0.519458
0.519451
0.519444
0.519436
0.519442
0.519361
0.519228
0.518638
0.864908
0.911564
0.861952
0.871339
0.867949
0.869534
0.868573
0.868402
0.867888
0.867591
0.867286
0.86706
0.866861
0.866701
0.866565
0.866451
0.866355
0.866273
0.866203
0.866143
0.866092
0.866048
0.86601
0.865977
0.86595
0.865926
0.865906
0.865889
0.865874
0.865862
0.865851
0.865843
0.865835
0.865829
0.865824
0.86582
0.865817
0.865814
0.865811
0.865809
0.865808
0.865807
0.865806
0.865805
0.865804
0.865803
0.865803
0.865803
0.865802
0.865802
0.865802
0.865802
0.865802
0.865802
0.865801
0.865801
0.865801
0.865801
0.865801
0.865801
0.865801
0.865801
0.865801
0.865801
0.865801
0.865801
0.865801
0.865801
0.865801
0.865801
0.865801
0.865801
0.865801
0.865801
0.865801
0.865801
0.865801
0.865801
0.865801
0.865801
0.8658
0.8658
0.8658
0.8658
0.865799
0.865798
0.865797
0.865795
0.865792
0.865789
0.865784
0.865777
0.865767
0.865755
0.865743
0.865724
0.865718
0.865546
0.865253
0.863186
0.96032
1.02534
0.976312
0.987398
0.983084
0.984984
0.983908
0.983811
0.983287
0.983009
0.982707
0.982488
0.982293
0.982137
0.982003
0.981892
0.981798
0.981717
0.981648
0.981589
0.981538
0.981494
0.981456
0.981424
0.981396
0.981372
0.981351
0.981334
0.981319
0.981306
0.981295
0.981286
0.981279
0.981272
0.981267
0.981262
0.981258
0.981255
0.981253
0.981251
0.981249
0.981248
0.981246
0.981245
0.981245
0.981244
0.981243
0.981243
0.981243
0.981242
0.981242
0.981242
0.981242
0.981242
0.981242
0.981242
0.981242
0.981241
0.981241
0.981241
0.981241
0.981241
0.981241
0.981241
0.981241
0.981241
0.981241
0.981241
0.981241
0.981241
0.981241
0.981241
0.981241
0.981241
0.981241
0.981241
0.981241
0.981241
0.981241
0.981241
0.981241
0.98124
0.98124
0.98124
0.981239
0.981238
0.981237
0.981235
0.981232
0.981229
0.981224
0.981217
0.981207
0.981194
0.981179
0.981153
0.981133
0.98091
0.980543
0.977595
0.984975
1.0595
1.01374
1.0259
1.02098
1.02309
1.02198
1.02198
1.0215
1.02127
1.021
1.02082
1.02065
1.02051
1.0204
1.0203
1.02022
1.02015
1.02009
1.02004
1.01999
1.01995
1.01992
1.01989
1.01986
1.01984
1.01982
1.01981
1.01979
1.01978
1.01977
1.01976
1.01976
1.01975
1.01975
1.01974
1.01974
1.01974
1.01973
1.01973
1.01973
1.01973
1.01973
1.01973
1.01972
1.01972
1.01972
1.01972
1.01972
1.01972
1.01972
1.01972
1.01972
1.01972
1.01972
1.01972
1.01972
1.01972
1.01972
1.01972
1.01972
1.01972
1.01972
1.01972
1.01972
1.01972
1.01972
1.01972
1.01972
1.01972
1.01972
1.01972
1.01972
1.01972
1.01972
1.01972
1.01972
1.01972
1.01972
1.01972
1.01972
1.01972
1.01972
1.01972
1.01972
1.01972
1.01972
1.01972
1.01971
1.01971
1.01971
1.0197
1.01969
1.01968
1.01966
1.01963
1.0196
1.01936
1.01899
1.01589
0.988581
1.06796
1.02559
1.0385
1.03316
1.03544
1.03431
1.03442
1.03399
1.03383
1.0336
1.03345
1.03331
1.03321
1.03311
1.03303
1.03297
1.03291
1.03286
1.03282
1.03278
1.03275
1.03272
1.03269
1.03267
1.03265
1.03264
1.03263
1.03261
1.0326
1.03259
1.03259
1.03258
1.03258
1.03257
1.03257
1.03256
1.03256
1.03256
1.03256
1.03256
1.03255
1.03255
1.03255
1.03255
1.03255
1.03255
1.03255
1.03255
1.03255
1.03255
1.03255
1.03255
1.03255
1.03255
1.03255
1.03255
1.03255
1.03255
1.03255
1.03255
1.03255
1.03255
1.03255
1.03255
1.03255
1.03255
1.03255
1.03255
1.03255
1.03255
1.03255
1.03255
1.03255
1.03255
1.03255
1.03255
1.03255
1.03255
1.03255
1.03255
1.03255
1.03255
1.03255
1.03255
1.03255
1.03254
1.03254
1.03254
1.03254
1.03253
1.03253
1.03252
1.03251
1.03249
1.03246
1.03242
1.03218
1.03186
1.02902
0.986403
1.06823
1.02897
1.04243
1.0368
1.03922
1.03808
1.03829
1.03792
1.03782
1.03764
1.03753
1.03742
1.03734
1.03727
1.03721
1.03716
1.03711
1.03707
1.03704
1.03701
1.03699
1.03696
1.03694
1.03693
1.03691
1.0369
1.03689
1.03688
1.03687
1.03686
1.03686
1.03685
1.03685
1.03684
1.03684
1.03684
1.03684
1.03683
1.03683
1.03683
1.03683
1.03683
1.03683
1.03683
1.03683
1.03683
1.03683
1.03682
1.03682
1.03682
1.03682
1.03682
1.03682
1.03682
1.03682
1.03682
1.03682
1.03682
1.03682
1.03682
1.03682
1.03682
1.03682
1.03682
1.03682
1.03682
1.03682
1.03682
1.03682
1.03682
1.03682
1.03682
1.03682
1.03682
1.03682
1.03682
1.03682
1.03682
1.03682
1.03682
1.03682
1.03682
1.03682
1.03682
1.03682
1.03682
1.03682
1.03682
1.03682
1.03681
1.03681
1.0368
1.03679
1.03678
1.03674
1.0367
1.03647
1.03621
1.03382
0.983105
1.06611
1.02959
1.04347
1.03762
1.04015
1.03902
1.03933
1.039
1.03896
1.03883
1.03876
1.03868
1.03863
1.03857
1.03853
1.0385
1.03846
1.03844
1.03841
1.03839
1.03837
1.03836
1.03834
1.03833
1.03832
1.03831
1.0383
1.03829
1.03829
1.03828
1.03828
1.03827
1.03827
1.03827
1.03826
1.03826
1.03826
1.03826
1.03826
1.03825
1.03825
1.03825
1.03825
1.03825
1.03825
1.03825
1.03825
1.03825
1.03825
1.03825
1.03825
1.03825
1.03825
1.03825
1.03825
1.03825
1.03825
1.03825
1.03825
1.03825
1.03825
1.03825
1.03825
1.03825
1.03825
1.03825
1.03825
1.03825
1.03825
1.03825
1.03825
1.03825
1.03825
1.03825
1.03825
1.03825
1.03825
1.03825
1.03825
1.03825
1.03825
1.03825
1.03825
1.03825
1.03825
1.03825
1.03825
1.03824
1.03824
1.03824
1.03824
1.03823
1.03822
1.03821
1.03818
1.03814
1.03794
1.03774
1.03587
0.980018
1.0635
1.02937
1.04356
1.03755
1.04016
1.03904
1.03943
1.03916
1.03917
1.03908
1.03905
1.039
1.03896
1.03893
1.03891
1.03889
1.03887
1.03885
1.03883
1.03882
1.03881
1.0388
1.03879
1.03878
1.03877
1.03877
1.03876
1.03876
1.03875
1.03875
1.03874
1.03874
1.03874
1.03874
1.03873
1.03873
1.03873
1.03873
1.03873
1.03873
1.03873
1.03873
1.03873
1.03873
1.03873
1.03873
1.03872
1.03872
1.03872
1.03872
1.03872
1.03872
1.03872
1.03872
1.03872
1.03872
1.03872
1.03872
1.03872
1.03872
1.03872
1.03872
1.03872
1.03872
1.03872
1.03872
1.03872
1.03872
1.03872
1.03872
1.03872
1.03872
1.03872
1.03872
1.03872
1.03872
1.03872
1.03872
1.03872
1.03872
1.03872
1.03872
1.03872
1.03872
1.03872
1.03872
1.03872
1.03872
1.03872
1.03872
1.03872
1.03871
1.03871
1.03869
1.03867
1.03863
1.03847
1.03834
1.03701
0.977431
1.06097
1.02893
1.04334
1.03721
1.03989
1.03878
1.03924
1.03901
1.03908
1.03902
1.03902
1.039
1.03899
1.03898
1.03897
1.03896
1.03895
1.03895
1.03894
1.03893
1.03893
1.03892
1.03892
1.03892
1.03891
1.03891
1.0389
1.0389
1.0389
1.0389
1.0389
1.03889
1.03889
1.03889
1.03889
1.03889
1.03889
1.03889
1.03889
1.03889
1.03888
1.03888
1.03888
1.03888
1.03888
1.03888
1.03888
1.03888
1.03888
1.03888
1.03888
1.03888
1.03888
1.03888
1.03888
1.03888
1.03888
1.03888
1.03888
1.03888
1.03888
1.03888
1.03888
1.03888
1.03888
1.03888
1.03888
1.03888
1.03888
1.03888
1.03888
1.03888
1.03888
1.03888
1.03888
1.03888
1.03888
1.03888
1.03888
1.03888
1.03888
1.03888
1.03888
1.03888
1.03888
1.03888
1.03888
1.03888
1.03888
1.03888
1.03888
1.03888
1.03887
1.03886
1.03884
1.03881
1.0387
1.03863
1.03784
0.975334
1.05871
1.02846
1.04304
1.03682
1.03954
1.03844
1.03896
1.03878
1.0389
1.03887
1.0389
1.03891
1.03892
1.03892
1.03893
1.03893
1.03894
1.03894
1.03894
1.03894
1.03894
1.03894
1.03894
1.03894
1.03894
1.03894
1.03894
1.03894
1.03894
1.03894
1.03894
1.03894
1.03894
1.03894
1.03894
1.03894
1.03894
1.03894
1.03894
1.03894
1.03894
1.03894
1.03894
1.03894
1.03894
1.03894
1.03894
1.03894
1.03894
1.03894
1.03894
1.03894
1.03894
1.03894
1.03894
1.03894
1.03894
1.03894
1.03894
1.03893
1.03893
1.03893
1.03893
1.03893
1.03893
1.03893
1.03893
1.03893
1.03893
1.03893
1.03893
1.03893
1.03893
1.03893
1.03893
1.03893
1.03893
1.03894
1.03894
1.03894
1.03894
1.03894
1.03894
1.03894
1.03894
1.03894
1.03894
1.03894
1.03894
1.03894
1.03893
1.03893
1.03893
1.03892
1.03891
1.03889
1.03883
1.03882
1.03856
0.973651
1.05672
1.02804
1.04273
1.03644
1.03919
1.0381
1.03868
1.03854
1.03869
1.0387
1.03876
1.03879
1.03882
1.03884
1.03886
1.03888
1.03889
1.0389
1.03891
1.03892
1.03892
1.03893
1.03893
1.03894
1.03894
1.03894
1.03895
1.03895
1.03895
1.03895
1.03895
1.03895
1.03895
1.03895
1.03895
1.03895
1.03895
1.03895
1.03895
1.03895
1.03895
1.03895
1.03895
1.03895
1.03895
1.03895
1.03895
1.03895
1.03895
1.03895
1.03895
1.03895
1.03895
1.03895
1.03895
1.03895
1.03895
1.03895
1.03895
1.03895
1.03895
1.03895
1.03895
1.03895
1.03895
1.03895
1.03895
1.03895
1.03895
1.03895
1.03895
1.03895
1.03895
1.03895
1.03895
1.03895
1.03895
1.03895
1.03895
1.03895
1.03895
1.03895
1.03895
1.03895
1.03895
1.03895
1.03895
1.03895
1.03895
1.03895
1.03896
1.03896
1.03896
1.03895
1.03895
1.03893
1.03892
1.03898
1.03921
0.972302
1.055
1.02767
1.04245
1.0361
1.03886
1.03778
1.03841
1.03831
1.0385
1.03854
1.03862
1.03867
1.03872
1.03875
1.03878
1.03881
1.03883
1.03885
1.03887
1.03888
1.03889
1.0389
1.03891
1.03892
1.03893
1.03893
1.03894
1.03894
1.03894
1.03895
1.03895
1.03895
1.03895
1.03895
1.03895
1.03896
1.03896
1.03896
1.03896
1.03896
1.03896
1.03896
1.03896
1.03896
1.03896
1.03896
1.03896
1.03896
1.03896
1.03896
1.03896
1.03896
1.03896
1.03896
1.03896
1.03896
1.03896
1.03896
1.03896
1.03896
1.03896
1.03896
1.03896
1.03896
1.03896
1.03896
1.03896
1.03896
1.03896
1.03896
1.03896
1.03896
1.03896
1.03896
1.03896
1.03896
1.03896
1.03896
1.03896
1.03896
1.03896
1.03896
1.03896
1.03896
1.03896
1.03896
1.03896
1.03896
1.03896
1.03896
1.03896
1.03897
1.03897
1.03897
1.03897
1.03897
1.03901
1.03912
1.03982
0.971221
1.05353
1.02736
1.0422
1.0358
1.03857
1.03749
1.03817
1.03809
1.03832
1.03838
1.03849
1.03856
1.03862
1.03867
1.03871
1.03875
1.03878
1.0388
1.03883
1.03885
1.03886
1.03888
1.03889
1.0389
1.03891
1.03892
1.03893
1.03893
1.03894
1.03894
1.03894
1.03895
1.03895
1.03895
1.03895
1.03895
1.03896
1.03896
1.03896
1.03896
1.03896
1.03896
1.03896
1.03896
1.03896
1.03896
1.03896
1.03896
1.03896
1.03896
1.03896
1.03896
1.03896
1.03896
1.03896
1.03896
1.03896
1.03896
1.03896
1.03896
1.03896
1.03896
1.03896
1.03896
1.03896
1.03896
1.03896
1.03896
1.03896
1.03896
1.03896
1.03896
1.03896
1.03896
1.03896
1.03896
1.03896
1.03896
1.03896
1.03896
1.03896
1.03896
1.03896
1.03896
1.03896
1.03896
1.03896
1.03896
1.03897
1.03897
1.03897
1.03897
1.03898
1.03898
1.03899
1.039
1.0391
1.03926
1.04037
0.970358
1.05229
1.02709
1.04198
1.03555
1.03831
1.03724
1.03796
1.03791
1.03816
1.03825
1.03837
1.03845
1.03853
1.03859
1.03864
1.03869
1.03873
1.03876
1.03879
1.03881
1.03883
1.03885
1.03887
1.03888
1.03889
1.0389
1.03891
1.03892
1.03893
1.03893
1.03894
1.03894
1.03894
1.03895
1.03895
1.03895
1.03895
1.03895
1.03896
1.03896
1.03896
1.03896
1.03896
1.03896
1.03896
1.03896
1.03896
1.03896
1.03896
1.03896
1.03896
1.03896
1.03896
1.03896
1.03896
1.03896
1.03896
1.03896
1.03896
1.03896
1.03896
1.03896
1.03896
1.03896
1.03896
1.03896
1.03896
1.03896
1.03896
1.03896
1.03896
1.03896
1.03896
1.03896
1.03896
1.03896
1.03896
1.03896
1.03896
1.03896
1.03896
1.03896
1.03896
1.03896
1.03896
1.03896
1.03896
1.03897
1.03897
1.03897
1.03897
1.03898
1.03898
1.03899
1.03901
1.03902
1.03918
1.03938
1.04087
0.969674
1.05126
1.02687
1.04179
1.03534
1.03809
1.03702
1.03777
1.03774
1.03802
1.03813
1.03827
1.03836
1.03845
1.03852
1.03859
1.03864
1.03868
1.03872
1.03875
1.03878
1.03881
1.03883
1.03885
1.03887
1.03888
1.03889
1.0389
1.03891
1.03892
1.03893
1.03893
1.03894
1.03894
1.03894
1.03895
1.03895
1.03895
1.03895
1.03895
1.03896
1.03896
1.03896
1.03896
1.03896
1.03896
1.03896
1.03896
1.03896
1.03896
1.03896
1.03896
1.03896
1.03896
1.03896
1.03896
1.03896
1.03896
1.03896
1.03896
1.03896
1.03896
1.03896
1.03896
1.03896
1.03896
1.03896
1.03896
1.03896
1.03896
1.03896
1.03896
1.03896
1.03896
1.03896
1.03896
1.03896
1.03896
1.03896
1.03896
1.03896
1.03896
1.03896
1.03896
1.03896
1.03896
1.03896
1.03897
1.03897
1.03897
1.03897
1.03898
1.03898
1.03899
1.039
1.03903
1.03905
1.03925
1.03949
1.04131
0.96914
1.05042
1.0267
1.04164
1.03516
1.03791
1.03684
1.03761
1.0376
1.0379
1.03802
1.03818
1.03829
1.03839
1.03847
1.03853
1.03859
1.03864
1.03869
1.03872
1.03876
1.03879
1.03881
1.03883
1.03885
1.03887
1.03888
1.03889
1.0389
1.03891
1.03892
1.03893
1.03893
1.03894
1.03894
1.03894
1.03895
1.03895
1.03895
1.03895
1.03895
1.03896
1.03896
1.03896
1.03896
1.03896
1.03896
1.03896
1.03896
1.03896
1.03896
1.03896
1.03896
1.03896
1.03896
1.03896
1.03896
1.03896
1.03896
1.03896
1.03896
1.03896
1.03896
1.03896
1.03896
1.03896
1.03896
1.03896
1.03896
1.03896
1.03896
1.03896
1.03896
1.03896
1.03896
1.03896
1.03896
1.03896
1.03896
1.03896
1.03896
1.03896
1.03896
1.03896
1.03896
1.03896
1.03896
1.03897
1.03897
1.03897
1.03897
1.03898
1.03898
1.039
1.03901
1.03904
1.03907
1.03931
1.03959
1.04168
0.968735
1.04976
1.02656
1.04152
1.03503
1.03776
1.0367
1.03749
1.03749
1.03781
1.03794
1.03811
1.03823
1.03833
1.03842
1.03849
1.03856
1.03861
1.03866
1.0387
1.03874
1.03877
1.03879
1.03882
1.03884
1.03886
1.03887
1.03888
1.0389
1.03891
1.03891
1.03892
1.03893
1.03893
1.03894
1.03894
1.03895
1.03895
1.03895
1.03895
1.03895
1.03896
1.03896
1.03896
1.03896
1.03896
1.03896
1.03896
1.03896
1.03896
1.03896
1.03896
1.03896
1.03896
1.03896
1.03896
1.03896
1.03896
1.03896
1.03896
1.03896
1.03896
1.03896
1.03896
1.03896
1.03896
1.03896
1.03896
1.03896
1.03896
1.03896
1.03896
1.03896
1.03896
1.03896
1.03896
1.03896
1.03896
1.03896
1.03896
1.03896
1.03896
1.03896
1.03896
1.03896
1.03896
1.03896
1.03897
1.03897
1.03897
1.03897
1.03898
1.03899
1.039
1.03901
1.03906
1.03909
1.03936
1.03967
1.04198
0.968443
1.04928
1.02646
1.04144
1.03493
1.03765
1.03659
1.03739
1.03741
1.03774
1.03788
1.03806
1.03818
1.03829
1.03838
1.03846
1.03853
1.03859
1.03864
1.03868
1.03872
1.03875
1.03878
1.03881
1.03883
1.03885
1.03886
1.03888
1.03889
1.0389
1.03891
1.03892
1.03893
1.03893
1.03894
1.03894
1.03894
1.03895
1.03895
1.03895
1.03895
1.03895
1.03896
1.03896
1.03896
1.03896
1.03896
1.03896
1.03896
1.03896
1.03896
1.03896
1.03896
1.03896
1.03896
1.03896
1.03896
1.03896
1.03896
1.03896
1.03896
1.03896
1.03896
1.03896
1.03896
1.03896
1.03896
1.03896
1.03896
1.03896
1.03896
1.03896
1.03896
1.03896
1.03896
1.03896
1.03896
1.03896
1.03896
1.03896
1.03896
1.03896
1.03896
1.03896
1.03896
1.03896
1.03896
1.03897
1.03897
1.03897
1.03897
1.03898
1.03899
1.039
1.03902
1.03907
1.0391
1.0394
1.03973
1.04221
0.968255
1.04896
1.02639
1.04138
1.03486
1.03758
1.03651
1.03733
1.03735
1.03769
1.03784
1.03802
1.03815
1.03826
1.03836
1.03844
1.03851
1.03857
1.03862
1.03867
1.03871
1.03874
1.03877
1.0388
1.03882
1.03884
1.03886
1.03887
1.03889
1.0389
1.03891
1.03892
1.03892
1.03893
1.03894
1.03894
1.03894
1.03895
1.03895
1.03895
1.03895
1.03895
1.03896
1.03896
1.03896
1.03896
1.03896
1.03896
1.03896
1.03896
1.03896
1.03896
1.03896
1.03896
1.03896
1.03896
1.03896
1.03896
1.03896
1.03896
1.03896
1.03896
1.03896
1.03896
1.03896
1.03896
1.03896
1.03896
1.03896
1.03896
1.03896
1.03896
1.03896
1.03896
1.03896
1.03896
1.03896
1.03896
1.03896
1.03896
1.03896
1.03896
1.03896
1.03896
1.03896
1.03896
1.03897
1.03897
1.03897
1.03897
1.03898
1.03898
1.03899
1.039
1.03902
1.03907
1.03911
1.03943
1.03977
1.04236
0.968162
1.0488
1.02636
1.04135
1.03483
1.03754
1.03648
1.0373
1.03733
1.03767
1.03782
1.038
1.03813
1.03825
1.03835
1.03843
1.0385
1.03856
1.03862
1.03866
1.0387
1.03874
1.03877
1.0388
1.03882
1.03884
1.03886
1.03887
1.03889
1.0389
1.03891
1.03892
1.03892
1.03893
1.03893
1.03894
1.03894
1.03895
1.03895
1.03895
1.03895
1.03895
1.03896
1.03896
1.03896
1.03896
1.03896
1.03896
1.03896
1.03896
1.03896
1.03896
1.03896
1.03896
1.03896
1.03896
1.03896
1.03896
1.03896
1.03896
1.03896
1.03896
1.03896
1.03896
1.03896
1.03896
1.03896
1.03896
1.03896
1.03896
1.03896
1.03896
1.03896
1.03896
1.03896
1.03896
1.03896
1.03896
1.03896
1.03896
1.03896
1.03896
1.03896
1.03896
1.03896
1.03896
1.03897
1.03897
1.03897
1.03897
1.03898
1.03898
1.03899
1.03901
1.03902
1.03908
1.03912
1.03944
1.03979
1.04244
0.968162
1.0488
1.02636
1.04135
1.03483
1.03754
1.03648
1.0373
1.03733
1.03767
1.03782
1.038
1.03813
1.03825
1.03835
1.03843
1.0385
1.03856
1.03862
1.03866
1.0387
1.03874
1.03877
1.0388
1.03882
1.03884
1.03886
1.03887
1.03889
1.0389
1.03891
1.03892
1.03892
1.03893
1.03893
1.03894
1.03894
1.03895
1.03895
1.03895
1.03895
1.03895
1.03896
1.03896
1.03896
1.03896
1.03896
1.03896
1.03896
1.03896
1.03896
1.03896
1.03896
1.03896
1.03896
1.03896
1.03896
1.03896
1.03896
1.03896
1.03896
1.03896
1.03896
1.03896
1.03896
1.03896
1.03896
1.03896
1.03896
1.03896
1.03896
1.03896
1.03896
1.03896
1.03896
1.03896
1.03896
1.03896
1.03896
1.03896
1.03896
1.03896
1.03896
1.03896
1.03896
1.03896
1.03897
1.03897
1.03897
1.03897
1.03898
1.03898
1.03899
1.03901
1.03902
1.03908
1.03912
1.03944
1.03979
1.04244
0.968255
1.04896
1.02639
1.04138
1.03486
1.03758
1.03651
1.03733
1.03735
1.03769
1.03784
1.03802
1.03815
1.03827
1.03836
1.03844
1.03851
1.03857
1.03862
1.03867
1.03871
1.03874
1.03877
1.0388
1.03882
1.03884
1.03886
1.03887
1.03889
1.0389
1.03891
1.03892
1.03892
1.03893
1.03894
1.03894
1.03894
1.03895
1.03895
1.03895
1.03895
1.03895
1.03896
1.03896
1.03896
1.03896
1.03896
1.03896
1.03896
1.03896
1.03896
1.03896
1.03896
1.03896
1.03896
1.03896
1.03896
1.03896
1.03896
1.03896
1.03896
1.03896
1.03896
1.03896
1.03896
1.03896
1.03896
1.03896
1.03896
1.03896
1.03896
1.03896
1.03896
1.03896
1.03896
1.03896
1.03896
1.03896
1.03896
1.03896
1.03896
1.03896
1.03896
1.03896
1.03896
1.03896
1.03896
1.03897
1.03897
1.03897
1.03898
1.03898
1.03899
1.039
1.03902
1.03907
1.03911
1.03943
1.03977
1.04236
0.968443
1.04928
1.02646
1.04144
1.03493
1.03765
1.03659
1.03739
1.03741
1.03774
1.03788
1.03806
1.03818
1.03829
1.03838
1.03846
1.03853
1.03859
1.03864
1.03868
1.03872
1.03875
1.03878
1.03881
1.03883
1.03885
1.03886
1.03888
1.03889
1.0389
1.03891
1.03892
1.03893
1.03893
1.03894
1.03894
1.03894
1.03895
1.03895
1.03895
1.03895
1.03895
1.03896
1.03896
1.03896
1.03896
1.03896
1.03896
1.03896
1.03896
1.03896
1.03896
1.03896
1.03896
1.03896
1.03896
1.03896
1.03896
1.03896
1.03896
1.03896
1.03896
1.03896
1.03896
1.03896
1.03896
1.03896
1.03896
1.03896
1.03896
1.03896
1.03896
1.03896
1.03896
1.03896
1.03896
1.03896
1.03896
1.03896
1.03896
1.03896
1.03896
1.03896
1.03896
1.03896
1.03896
1.03896
1.03897
1.03897
1.03897
1.03897
1.03898
1.03899
1.039
1.03902
1.03907
1.0391
1.0394
1.03973
1.04221
0.968735
1.04976
1.02656
1.04152
1.03503
1.03776
1.0367
1.03749
1.03749
1.03781
1.03794
1.03811
1.03823
1.03833
1.03842
1.03849
1.03856
1.03861
1.03866
1.0387
1.03874
1.03877
1.03879
1.03882
1.03884
1.03886
1.03887
1.03888
1.0389
1.03891
1.03892
1.03892
1.03893
1.03893
1.03894
1.03894
1.03895
1.03895
1.03895
1.03895
1.03895
1.03896
1.03896
1.03896
1.03896
1.03896
1.03896
1.03896
1.03896
1.03896
1.03896
1.03896
1.03896
1.03896
1.03896
1.03896
1.03896
1.03896
1.03896
1.03896
1.03896
1.03896
1.03896
1.03896
1.03896
1.03896
1.03896
1.03896
1.03896
1.03896
1.03896
1.03896
1.03896
1.03896
1.03896
1.03896
1.03896
1.03896
1.03896
1.03896
1.03896
1.03896
1.03896
1.03896
1.03896
1.03896
1.03896
1.03897
1.03897
1.03897
1.03897
1.03898
1.03899
1.039
1.03901
1.03906
1.03909
1.03936
1.03967
1.04198
0.96914
1.05042
1.0267
1.04164
1.03516
1.03791
1.03684
1.03761
1.0376
1.0379
1.03802
1.03818
1.03829
1.03839
1.03847
1.03854
1.03859
1.03864
1.03869
1.03872
1.03876
1.03879
1.03881
1.03883
1.03885
1.03887
1.03888
1.03889
1.0389
1.03891
1.03892
1.03893
1.03893
1.03894
1.03894
1.03894
1.03895
1.03895
1.03895
1.03895
1.03896
1.03896
1.03896
1.03896
1.03896
1.03896
1.03896
1.03896
1.03896
1.03896
1.03896
1.03896
1.03896
1.03896
1.03896
1.03896
1.03896
1.03896
1.03896
1.03896
1.03896
1.03896
1.03896
1.03896
1.03896
1.03896
1.03896
1.03896
1.03896
1.03896
1.03896
1.03896
1.03896
1.03896
1.03896
1.03896
1.03896
1.03896
1.03896
1.03896
1.03896
1.03896
1.03896
1.03896
1.03896
1.03896
1.03896
1.03897
1.03897
1.03897
1.03897
1.03898
1.03898
1.039
1.03901
1.03904
1.03907
1.03931
1.03959
1.04168
0.969674
1.05126
1.02687
1.04179
1.03534
1.03809
1.03702
1.03777
1.03774
1.03802
1.03813
1.03827
1.03836
1.03845
1.03852
1.03859
1.03864
1.03868
1.03872
1.03875
1.03878
1.03881
1.03883
1.03885
1.03887
1.03888
1.03889
1.0389
1.03891
1.03892
1.03893
1.03893
1.03894
1.03894
1.03894
1.03895
1.03895
1.03895
1.03895
1.03895
1.03896
1.03896
1.03896
1.03896
1.03896
1.03896
1.03896
1.03896
1.03896
1.03896
1.03896
1.03896
1.03896
1.03896
1.03896
1.03896
1.03896
1.03896
1.03896
1.03896
1.03896
1.03896
1.03896
1.03896
1.03896
1.03896
1.03896
1.03896
1.03896
1.03896
1.03896
1.03896
1.03896
1.03896
1.03896
1.03896
1.03896
1.03896
1.03896
1.03896
1.03896
1.03896
1.03896
1.03896
1.03896
1.03896
1.03896
1.03896
1.03897
1.03897
1.03897
1.03898
1.03898
1.03899
1.039
1.03903
1.03905
1.03925
1.03949
1.04131
0.970358
1.05229
1.02709
1.04198
1.03555
1.03831
1.03724
1.03796
1.03791
1.03816
1.03825
1.03837
1.03845
1.03853
1.03859
1.03865
1.03869
1.03873
1.03876
1.03879
1.03881
1.03883
1.03885
1.03887
1.03888
1.03889
1.0389
1.03891
1.03892
1.03893
1.03893
1.03894
1.03894
1.03895
1.03895
1.03895
1.03895
1.03895
1.03896
1.03896
1.03896
1.03896
1.03896
1.03896
1.03896
1.03896
1.03896
1.03896
1.03896
1.03896
1.03896
1.03896
1.03896
1.03896
1.03896
1.03896
1.03896
1.03896
1.03896
1.03896
1.03896
1.03896
1.03896
1.03896
1.03896
1.03896
1.03896
1.03896
1.03896
1.03896
1.03896
1.03896
1.03896
1.03896
1.03896
1.03896
1.03896
1.03896
1.03896
1.03896
1.03896
1.03896
1.03896
1.03896
1.03896
1.03896
1.03896
1.03896
1.03897
1.03897
1.03897
1.03897
1.03898
1.03898
1.03899
1.03901
1.03902
1.03918
1.03938
1.04087
0.971221
1.05353
1.02736
1.0422
1.0358
1.03857
1.03749
1.03817
1.03809
1.03832
1.03838
1.03849
1.03856
1.03862
1.03867
1.03871
1.03875
1.03878
1.03881
1.03883
1.03885
1.03886
1.03888
1.03889
1.0389
1.03891
1.03892
1.03893
1.03893
1.03894
1.03894
1.03894
1.03895
1.03895
1.03895
1.03895
1.03895
1.03896
1.03896
1.03896
1.03896
1.03896
1.03896
1.03896
1.03896
1.03896
1.03896
1.03896
1.03896
1.03896
1.03896
1.03896
1.03896
1.03896
1.03896
1.03896
1.03896
1.03896
1.03896
1.03896
1.03896
1.03896
1.03896
1.03896
1.03896
1.03896
1.03896
1.03896
1.03896
1.03896
1.03896
1.03896
1.03896
1.03896
1.03896
1.03896
1.03896
1.03896
1.03896
1.03896
1.03896
1.03896
1.03896
1.03896
1.03896
1.03896
1.03896
1.03896
1.03896
1.03896
1.03897
1.03897
1.03897
1.03898
1.03898
1.03899
1.039
1.0391
1.03926
1.04037
0.972301
1.055
1.02767
1.04245
1.0361
1.03886
1.03778
1.03841
1.03831
1.0385
1.03854
1.03862
1.03867
1.03872
1.03875
1.03879
1.03881
1.03883
1.03885
1.03887
1.03888
1.0389
1.03891
1.03891
1.03892
1.03893
1.03893
1.03894
1.03894
1.03894
1.03895
1.03895
1.03895
1.03895
1.03895
1.03895
1.03896
1.03896
1.03896
1.03896
1.03896
1.03896
1.03896
1.03896
1.03896
1.03896
1.03896
1.03896
1.03896
1.03896
1.03896
1.03896
1.03896
1.03896
1.03896
1.03896
1.03896
1.03896
1.03896
1.03896
1.03896
1.03896
1.03896
1.03896
1.03896
1.03896
1.03896
1.03896
1.03896
1.03896
1.03896
1.03896
1.03896
1.03896
1.03896
1.03896
1.03896
1.03896
1.03896
1.03896
1.03896
1.03896
1.03896
1.03896
1.03896
1.03896
1.03896
1.03896
1.03896
1.03896
1.03896
1.03896
1.03897
1.03897
1.03897
1.03897
1.03897
1.03901
1.03912
1.03982
0.973651
1.05672
1.02804
1.04273
1.03644
1.03919
1.03809
1.03868
1.03854
1.03869
1.03871
1.03876
1.03879
1.03882
1.03884
1.03886
1.03888
1.03889
1.0389
1.03891
1.03892
1.03892
1.03893
1.03893
1.03894
1.03894
1.03894
1.03895
1.03895
1.03895
1.03895
1.03895
1.03895
1.03895
1.03895
1.03895
1.03895
1.03895
1.03895
1.03895
1.03895
1.03895
1.03895
1.03895
1.03895
1.03895
1.03895
1.03895
1.03895
1.03895
1.03895
1.03895
1.03895
1.03895
1.03895
1.03895
1.03895
1.03895
1.03895
1.03895
1.03895
1.03895
1.03895
1.03895
1.03895
1.03895
1.03895
1.03895
1.03895
1.03895
1.03895
1.03895
1.03895
1.03895
1.03895
1.03895
1.03895
1.03895
1.03895
1.03895
1.03895
1.03895
1.03895
1.03895
1.03895
1.03895
1.03895
1.03895
1.03895
1.03895
1.03895
1.03896
1.03896
1.03896
1.03895
1.03895
1.03893
1.03892
1.03898
1.03921
0.975334
1.05871
1.02846
1.04303
1.03681
1.03954
1.03844
1.03896
1.03878
1.0389
1.03887
1.03891
1.03891
1.03892
1.03893
1.03893
1.03894
1.03894
1.03894
1.03894
1.03894
1.03894
1.03894
1.03894
1.03894
1.03894
1.03894
1.03894
1.03894
1.03894
1.03894
1.03894
1.03894
1.03894
1.03894
1.03894
1.03894
1.03894
1.03894
1.03894
1.03894
1.03894
1.03894
1.03894
1.03894
1.03894
1.03894
1.03894
1.03894
1.03894
1.03894
1.03894
1.03894
1.03894
1.03894
1.03894
1.03894
1.03894
1.03893
1.03893
1.03893
1.03893
1.03893
1.03893
1.03893
1.03893
1.03893
1.03893
1.03893
1.03893
1.03893
1.03893
1.03893
1.03893
1.03893
1.03893
1.03893
1.03893
1.03893
1.03893
1.03894
1.03894
1.03894
1.03894
1.03894
1.03893
1.03893
1.03893
1.03893
1.03893
1.03893
1.03893
1.03893
1.03893
1.03892
1.03891
1.03889
1.03883
1.03882
1.03856
0.977431
1.06097
1.02892
1.04334
1.03721
1.03989
1.03878
1.03924
1.03901
1.03908
1.03902
1.03902
1.039
1.03899
1.03898
1.03897
1.03896
1.03895
1.03895
1.03894
1.03893
1.03893
1.03892
1.03892
1.03892
1.03891
1.03891
1.03891
1.0389
1.0389
1.0389
1.0389
1.03889
1.03889
1.03889
1.03889
1.03889
1.03889
1.03889
1.03889
1.03889
1.03889
1.03888
1.03888
1.03888
1.03888
1.03888
1.03888
1.03888
1.03888
1.03888
1.03888
1.03888
1.03888
1.03888
1.03888
1.03888
1.03888
1.03888
1.03888
1.03888
1.03888
1.03888
1.03888
1.03888
1.03888
1.03888
1.03888
1.03888
1.03888
1.03888
1.03888
1.03888
1.03888
1.03888
1.03888
1.03888
1.03888
1.03888
1.03888
1.03888
1.03888
1.03888
1.03888
1.03888
1.03888
1.03888
1.03888
1.03888
1.03888
1.03888
1.03888
1.03888
1.03887
1.03886
1.03884
1.03881
1.0387
1.03863
1.03784
0.980018
1.0635
1.02937
1.04356
1.03755
1.04016
1.03904
1.03943
1.03916
1.03917
1.03908
1.03905
1.039
1.03897
1.03893
1.03891
1.03889
1.03887
1.03885
1.03884
1.03882
1.03881
1.0388
1.03879
1.03878
1.03877
1.03877
1.03876
1.03876
1.03875
1.03875
1.03874
1.03874
1.03874
1.03874
1.03873
1.03873
1.03873
1.03873
1.03873
1.03873
1.03873
1.03873
1.03873
1.03873
1.03873
1.03873
1.03873
1.03872
1.03872
1.03872
1.03872
1.03872
1.03872
1.03872
1.03872
1.03872
1.03872
1.03872
1.03872
1.03872
1.03872
1.03872
1.03872
1.03872
1.03872
1.03872
1.03872
1.03872
1.03872
1.03872
1.03872
1.03872
1.03872
1.03872
1.03872
1.03872
1.03872
1.03872
1.03872
1.03872
1.03872
1.03872
1.03872
1.03872
1.03872
1.03872
1.03872
1.03872
1.03872
1.03872
1.03872
1.03871
1.03871
1.03869
1.03867
1.03863
1.03847
1.03834
1.03701
0.983105
1.06611
1.02959
1.04347
1.03762
1.04015
1.03902
1.03933
1.039
1.03896
1.03883
1.03876
1.03868
1.03863
1.03858
1.03853
1.0385
1.03846
1.03844
1.03841
1.03839
1.03837
1.03836
1.03834
1.03833
1.03832
1.03831
1.0383
1.03829
1.03829
1.03828
1.03828
1.03827
1.03827
1.03827
1.03826
1.03826
1.03826
1.03826
1.03826
1.03825
1.03825
1.03825
1.03825
1.03825
1.03825
1.03825
1.03825
1.03825
1.03825
1.03825
1.03825
1.03825
1.03825
1.03825
1.03825
1.03825
1.03825
1.03825
1.03825
1.03825
1.03825
1.03825
1.03825
1.03825
1.03825
1.03825
1.03825
1.03825
1.03825
1.03825
1.03825
1.03825
1.03825
1.03825
1.03825
1.03825
1.03825
1.03825
1.03825
1.03825
1.03825
1.03825
1.03825
1.03825
1.03825
1.03825
1.03825
1.03824
1.03824
1.03824
1.03824
1.03823
1.03822
1.03821
1.03818
1.03814
1.03794
1.03774
1.03587
0.986403
1.06823
1.02897
1.04243
1.0368
1.03921
1.03808
1.03829
1.03792
1.03782
1.03764
1.03753
1.03742
1.03734
1.03727
1.03721
1.03716
1.03711
1.03707
1.03704
1.03701
1.03699
1.03696
1.03694
1.03693
1.03691
1.0369
1.03689
1.03688
1.03687
1.03686
1.03686
1.03685
1.03685
1.03684
1.03684
1.03684
1.03684
1.03683
1.03683
1.03683
1.03683
1.03683
1.03683
1.03683
1.03683
1.03683
1.03683
1.03683
1.03682
1.03682
1.03682
1.03682
1.03682
1.03682
1.03682
1.03682
1.03682
1.03682
1.03682
1.03682
1.03682
1.03682
1.03682
1.03682
1.03682
1.03682
1.03682
1.03682
1.03682
1.03682
1.03682
1.03682
1.03682
1.03682
1.03682
1.03682
1.03682
1.03682
1.03682
1.03682
1.03682
1.03682
1.03682
1.03682
1.03682
1.03682
1.03682
1.03682
1.03682
1.03681
1.03681
1.0368
1.03679
1.03678
1.03674
1.0367
1.03647
1.03621
1.03382
0.988581
1.06796
1.02559
1.0385
1.03316
1.03544
1.03431
1.03442
1.03399
1.03383
1.0336
1.03345
1.03331
1.03321
1.03311
1.03303
1.03297
1.03291
1.03286
1.03282
1.03278
1.03275
1.03272
1.03269
1.03267
1.03266
1.03264
1.03263
1.03261
1.0326
1.03259
1.03259
1.03258
1.03258
1.03257
1.03257
1.03256
1.03256
1.03256
1.03256
1.03256
1.03255
1.03255
1.03255
1.03255
1.03255
1.03255
1.03255
1.03255
1.03255
1.03255
1.03255
1.03255
1.03255
1.03255
1.03255
1.03255
1.03255
1.03255
1.03255
1.03255
1.03255
1.03255
1.03255
1.03255
1.03255
1.03255
1.03255
1.03255
1.03255
1.03255
1.03255
1.03255
1.03255
1.03255
1.03255
1.03255
1.03255
1.03255
1.03255
1.03255
1.03255
1.03255
1.03255
1.03255
1.03255
1.03254
1.03254
1.03254
1.03254
1.03253
1.03253
1.03252
1.03251
1.03249
1.03246
1.03242
1.03218
1.03186
1.02902
0.984975
1.0595
1.01374
1.0259
1.02098
1.02309
1.02198
1.02198
1.0215
1.02127
1.021
1.02082
1.02065
1.02051
1.0204
1.0203
1.02022
1.02015
1.02009
1.02004
1.01999
1.01995
1.01992
1.01989
1.01986
1.01984
1.01982
1.01981
1.01979
1.01978
1.01977
1.01976
1.01976
1.01975
1.01975
1.01974
1.01974
1.01974
1.01973
1.01973
1.01973
1.01973
1.01973
1.01973
1.01972
1.01972
1.01972
1.01972
1.01972
1.01972
1.01972
1.01972
1.01972
1.01972
1.01972
1.01972
1.01972
1.01972
1.01972
1.01972
1.01972
1.01972
1.01972
1.01972
1.01972
1.01972
1.01972
1.01972
1.01972
1.01972
1.01972
1.01972
1.01972
1.01972
1.01972
1.01972
1.01972
1.01972
1.01972
1.01972
1.01972
1.01972
1.01972
1.01972
1.01972
1.01972
1.01972
1.01972
1.01971
1.01971
1.01971
1.0197
1.01969
1.01968
1.01966
1.01963
1.0196
1.01936
1.01899
1.01589
0.96032
1.02534
0.976312
0.987397
0.983083
0.984983
0.983907
0.983811
0.983287
0.983009
0.982707
0.982488
0.982293
0.982137
0.982004
0.981893
0.981798
0.981717
0.981648
0.981589
0.981538
0.981494
0.981457
0.981424
0.981396
0.981372
0.981352
0.981334
0.981319
0.981306
0.981296
0.981286
0.981279
0.981272
0.981267
0.981262
0.981259
0.981256
0.981253
0.981251
0.981249
0.981248
0.981247
0.981246
0.981245
0.981244
0.981244
0.981243
0.981243
0.981242
0.981242
0.981242
0.981242
0.981242
0.981242
0.981242
0.981241
0.981241
0.981241
0.981241
0.981241
0.981241
0.981241
0.981241
0.981241
0.981241
0.981241
0.981241
0.981241
0.981241
0.981241
0.981241
0.981241
0.981241
0.981241
0.981241
0.981241
0.981241
0.981241
0.981241
0.981241
0.98124
0.98124
0.98124
0.981239
0.981238
0.981237
0.981235
0.981232
0.981229
0.981224
0.981216
0.981207
0.981194
0.981179
0.981153
0.981133
0.98091
0.980543
0.977595
0.864908
0.911564
0.861952
0.871339
0.867949
0.869534
0.868573
0.868403
0.867889
0.867592
0.867287
0.86706
0.866862
0.866702
0.866566
0.866452
0.866355
0.866273
0.866203
0.866143
0.866092
0.866048
0.86601
0.865978
0.86595
0.865926
0.865906
0.865889
0.865874
0.865862
0.865852
0.865843
0.865836
0.86583
0.865824
0.86582
0.865817
0.865814
0.865812
0.86581
0.865808
0.865807
0.865806
0.865805
0.865804
0.865803
0.865803
0.865803
0.865802
0.865802
0.865802
0.865802
0.865802
0.865802
0.865801
0.865801
0.865801
0.865801
0.865801
0.865801
0.865801
0.865801
0.865801
0.865801
0.865801
0.865801
0.865801
0.865801
0.865801
0.865801
0.865801
0.865801
0.865801
0.865801
0.865801
0.865801
0.865801
0.865801
0.865801
0.865801
0.8658
0.8658
0.8658
0.865799
0.865799
0.865798
0.865797
0.865795
0.865792
0.865789
0.865784
0.865777
0.865767
0.865755
0.865743
0.865724
0.865718
0.865546
0.865253
0.863186
0.537552
0.55218
0.517063
0.522885
0.521069
0.522
0.521392
0.52124
0.520896
0.520687
0.520481
0.520325
0.520191
0.520082
0.519989
0.519912
0.519847
0.519791
0.519744
0.519704
0.519669
0.51964
0.519615
0.519593
0.519575
0.51956
0.519547
0.519535
0.519526
0.519518
0.519512
0.519506
0.519501
0.519498
0.519495
0.519492
0.51949
0.519488
0.519487
0.519486
0.519485
0.519484
0.519483
0.519483
0.519482
0.519482
0.519482
0.519481
0.519481
0.519481
0.519481
0.519481
0.519481
0.519481
0.519481
0.519481
0.519481
0.519481
0.519481
0.519481
0.519481
0.519481
0.519481
0.519481
0.519481
0.519481
0.519481
0.519481
0.519481
0.519481
0.519481
0.519481
0.519481
0.51948
0.51948
0.51948
0.51948
0.51948
0.51948
0.51948
0.51948
0.51948
0.51948
0.51948
0.519479
0.519479
0.519478
0.519477
0.519475
0.519472
0.519469
0.519464
0.519458
0.519451
0.519444
0.519436
0.519442
0.519361
0.519228
0.518638
)
;

boundaryField
{
    inlet
    {
        type            calculated;
        value           uniform 1;
    }
    outlet
    {
        type            calculated;
        value           nonuniform List<scalar> 
40
(
0.518638
0.863186
0.977595
1.01589
1.02902
1.03382
1.03587
1.03701
1.03784
1.03856
1.03921
1.03982
1.04037
1.04087
1.04131
1.04168
1.04198
1.04221
1.04236
1.04244
1.04244
1.04236
1.04221
1.04198
1.04168
1.04131
1.04087
1.04037
1.03982
1.03921
1.03856
1.03784
1.03701
1.03587
1.03382
1.02902
1.01589
0.977595
0.863186
0.518638
)
;
    }
    lowerWall
    {
        type            calculated;
        value           uniform 0;
    }
    upperWall
    {
        type            calculated;
        value           uniform 0;
    }
    frontAndBack
    {
        type            empty;
    }
}


// ************************************************************************* //
