/*--------------------------------*- C++ -*----------------------------------*\
| =========                 |                                                 |
| \\      /  F ield         | OpenFOAM: The Open Source CFD Toolbox           |
|  \\    /   O peration     | Version:  5.x                                   |
|   \\  /    A nd           | Web:      www.OpenFOAM.org                      |
|    \\/     M anipulation  |                                                 |
\*---------------------------------------------------------------------------*/
FoamFile
{
    version     2.0;
    format      ascii;
    class       surfaceScalarField;
    location    "1";
    object      phi;
}
// * * * * * * * * * * * * * * * * * * * * * * * * * * * * * * * * * * * * * //

dimensions      [0 3 -1 0 0 0 0];

internalField   nonuniform List<scalar> 
7860
(
0.00283446
0.00216554
0.00262141
0.000213047
0.00260904
1.23689e-05
0.00260651
2.5309e-06
0.0026092
-2.68406e-06
0.00260789
1.30479e-06
0.00260676
1.13347e-06
0.00260515
1.60936e-06
0.00260388
1.26723e-06
0.00260275
1.13532e-06
0.00260183
9.19371e-07
0.00260105
7.8004e-07
0.0026004
6.47139e-07
0.00259985
5.4515e-07
0.0025994
4.56607e-07
0.00259902
3.80842e-07
0.0025987
3.16502e-07
0.00259844
2.6229e-07
0.00259822
2.15303e-07
0.00259805
1.75258e-07
0.0025979
1.42037e-07
0.00259779
1.13837e-07
0.0025977
9.03734e-08
0.00259763
7.07575e-08
0.00259757
5.5459e-08
0.00259753
4.27454e-08
0.0025975
3.28462e-08
0.00259747
2.4815e-08
0.00259746
1.88847e-08
0.00259744
1.40024e-08
0.00259743
1.0703e-08
0.00259742
7.53034e-09
0.00259742
5.54829e-09
0.00259741
3.85141e-09
0.00259741
3.14359e-09
0.00259741
2.22535e-09
0.00259741
1.78836e-09
0.00259741
1.17798e-09
0.00259741
8.33457e-10
0.00259741
4.12615e-10
0.00259741
4.61318e-10
0.00259741
5.13802e-10
0.00259741
4.95469e-10
0.00259741
-2.3781e-10
0.00259741
6.23283e-11
0.00259741
2.21419e-10
0.00259741
1.46996e-10
0.00259741
-2.6649e-10
0.00259741
2.08965e-11
0.00259741
9.31913e-11
0.00259741
1.88293e-10
0.00259741
-2.77304e-10
0.00259741
1.19449e-10
0.00259741
3.13468e-10
0.0025974
3.79585e-10
0.00259741
-3.16194e-10
0.0025974
-1.67419e-10
0.0025974
3.36228e-10
0.0025974
1.27849e-10
0.0025974
-4.79836e-10
0.0025974
-3.5823e-11
0.00259741
1.74822e-10
0.00259741
-1.98824e-10
0.00259741
-5.18541e-10
0.00259741
2.02902e-10
0.00259741
2.1016e-10
0.00259741
-1.79748e-10
0.00259741
-3.58072e-10
0.00259741
5.26016e-11
0.00259741
1.89644e-11
0.00259741
3.2728e-11
0.00259741
-6.88838e-11
0.00259741
-3.40257e-11
0.00259741
-1.4229e-10
0.00259741
6.69344e-11
0.00259741
2.12866e-10
0.00259741
-5.44508e-11
0.0025974
1.60143e-10
0.0025974
1.15601e-10
0.0025974
2.85797e-10
0.0025974
7.00776e-10
0.0025974
7.81994e-10
0.0025974
9.64591e-10
0.0025974
1.67666e-09
0.0025974
2.40502e-09
0.00259739
3.49172e-09
0.00259739
5.24035e-09
0.00259738
7.0853e-09
0.00259737
1.01975e-08
0.00259736
1.45404e-08
0.00259734
2.00126e-08
0.00259731
2.66321e-08
0.00259728
3.39981e-08
0.00259724
3.79189e-08
0.00259721
3.38411e-08
0.00259718
2.28869e-08
0.00259708
1.01895e-07
0.00259638
6.96771e-07
0.00259378
2.60382e-06
-1.18897e-06
0.0045679
0.00259764
0.00437567
0.000405281
0.00434684
4.11991e-05
0.00434304
6.32673e-06
0.00434601
-5.65662e-06
0.00434445
2.87172e-06
0.00434278
2.80045e-06
0.00434052
3.8648e-06
0.00433867
3.11903e-06
0.00433702
2.78509e-06
0.00433567
2.27243e-06
0.00433452
1.9286e-06
0.00433356
1.60664e-06
0.00433275
1.35551e-06
0.00433207
1.13868e-06
0.00433149
9.53554e-07
0.00433102
7.94797e-07
0.00433062
6.60207e-07
0.00433029
5.44713e-07
0.00433002
4.4521e-07
0.0043298
3.61716e-07
0.00432962
2.90879e-07
0.00432948
2.32247e-07
0.00432937
1.82748e-07
0.00432928
1.43224e-07
0.00432922
1.11001e-07
0.00432916
8.58607e-08
0.00432912
6.51826e-08
0.00432909
4.95587e-08
0.00432907
3.66284e-08
0.00432905
2.78818e-08
0.00432904
2.03499e-08
0.00432903
1.52629e-08
0.00432903
1.06783e-08
0.00432902
8.30845e-09
0.00432902
5.77291e-09
0.00432901
4.71029e-09
0.00432901
3.34091e-09
0.00432901
2.66372e-09
0.00432901
1.52607e-09
0.00432901
1.23731e-09
0.00432901
8.20885e-10
0.00432901
1.27081e-09
0.00432901
-1.45944e-11
0.00432901
1.72734e-10
0.00432901
2.63173e-10
0.00432901
1.96602e-10
0.00432901
-5.73624e-10
0.00432901
5.02126e-11
0.00432901
1.78406e-10
0.00432901
5.30321e-10
0.00432901
-2.37232e-10
0.00432901
2.53895e-10
0.00432901
3.45641e-10
0.00432901
7.07311e-10
0.00432901
-2.39951e-10
0.00432901
-2.44619e-10
0.00432901
2.38923e-10
0.00432901
3.75503e-10
0.00432901
-6.89017e-10
0.00432901
-2.07344e-10
0.00432901
1.55194e-10
0.00432901
-7.26659e-11
0.00432901
-8.66193e-10
0.00432901
-1.75861e-11
0.00432901
1.1144e-10
0.00432901
-1.55177e-10
0.00432901
-6.84077e-10
0.00432901
-1.12438e-10
0.00432901
-2.82582e-10
0.00432901
-1.09499e-10
0.00432901
-1.42631e-10
0.00432901
8.27459e-11
0.00432901
-2.1617e-10
0.00432901
3.93342e-11
0.00432901
2.61059e-10
0.00432901
2.0086e-10
0.00432901
2.79151e-10
0.00432901
5.03629e-10
0.00432901
5.92062e-10
0.00432901
1.44367e-09
0.004329
1.93355e-09
0.004329
2.73447e-09
0.004329
4.19821e-09
0.004329
6.24594e-09
0.00432899
8.88382e-09
0.00432898
1.32163e-08
0.00432897
1.82919e-08
0.00432896
2.59662e-08
0.00432893
3.65567e-08
0.0043289
5.04455e-08
0.00432886
6.73248e-08
0.00432881
8.72393e-08
0.00432875
1.0091e-07
0.00432868
1.05694e-07
0.00432859
1.11834e-07
0.00432827
4.1791e-07
0.00432694
2.02967e-06
0.00432236
7.18544e-06
7.91278e-06
0.00507231
0.00252533
0.00495575
0.000521844
0.00492305
7.3895e-05
0.00492078
8.59979e-06
0.00492259
-7.47069e-06
0.00492142
4.04362e-06
0.00491972
4.49904e-06
0.00491761
5.97663e-06
0.00491579
4.93201e-06
0.0049142
4.38197e-06
0.00491287
3.59893e-06
0.00491174
3.0538e-06
0.0049108
2.55246e-06
0.00491
2.15546e-06
0.00490932
1.81465e-06
0.00490875
1.52448e-06
0.00490827
1.27428e-06
0.00490787
1.06082e-06
0.00490754
8.78203e-07
0.00490726
7.20417e-07
0.00490704
5.868e-07
0.00490686
4.73165e-07
0.00490671
3.7917e-07
0.00490659
2.9976e-07
0.0049065
2.35192e-07
0.00490643
1.82808e-07
0.00490638
1.41779e-07
0.00490633
1.08076e-07
0.0049063
8.23752e-08
0.00490628
6.10703e-08
0.00490626
4.61939e-08
0.00490625
3.42187e-08
0.00490624
2.57731e-08
0.00490623
1.81802e-08
0.00490622
1.40112e-08
0.00490622
9.88322e-09
0.00490622
7.88457e-09
0.00490621
5.70751e-09
0.00490621
4.63429e-09
0.00490621
2.9676e-09
0.00490621
2.2995e-09
0.00490621
1.09691e-09
0.00490621
1.81286e-09
0.00490621
3.72393e-10
0.00490621
2.93699e-10
0.00490621
2.07827e-10
0.00490621
2.16257e-10
0.00490621
-6.94774e-10
0.00490621
1.24801e-11
0.00490621
1.09576e-10
0.00490621
8.24006e-10
0.00490621
9.25177e-11
0.00490621
5.2757e-10
0.00490621
3.65414e-10
0.00490621
9.33345e-10
0.00490621
1.16751e-10
0.00490621
-1.06005e-10
0.00490621
1.26327e-11
0.00490621
5.10664e-10
0.00490621
-7.20903e-10
0.00490621
-5.06279e-10
0.00490621
-1.42426e-10
0.00490621
1.67097e-11
0.00490621
-9.65405e-10
0.00490621
-3.07296e-10
0.00490621
-1.7343e-10
0.00490621
-1.42641e-10
0.00490621
-8.75652e-10
0.00490621
-2.35073e-10
0.00490621
-4.90264e-10
0.00490621
-2.31464e-10
0.00490621
-1.63016e-10
0.00490621
2.49725e-10
0.00490621
-1.04948e-10
0.00490621
6.56005e-11
0.00490621
1.68142e-10
0.00490621
4.02609e-10
0.00490621
3.33315e-10
0.00490621
8.906e-10
0.00490621
9.57253e-10
0.00490621
2.12487e-09
0.00490621
3.0872e-09
0.0049062
4.63002e-09
0.0049062
6.88787e-09
0.0049062
1.03451e-08
0.00490619
1.45498e-08
0.00490618
2.13583e-08
0.00490617
2.98668e-08
0.00490616
4.21386e-08
0.00490613
5.89502e-08
0.0049061
8.13332e-08
0.00490606
1.08867e-07
0.004906
1.4317e-07
0.00490593
1.7141e-07
0.00490584
2.02087e-07
0.00490569
2.57559e-07
0.00490522
8.92139e-07
0.0049036
3.64995e-06
0.00489775
1.30296e-05
2.27427e-05
0.00521017
0.00231516
0.00513985
0.000592166
0.00511275
0.000100987
0.00511162
9.73795e-06
0.0051127
-8.55435e-06
0.00511186
4.88273e-06
0.00511038
5.98147e-06
0.00510861
7.74737e-06
0.00510704
6.49374e-06
0.00510567
5.75324e-06
0.00510452
4.74859e-06
0.00510354
4.03036e-06
0.00510272
3.37776e-06
0.00510202
2.85631e-06
0.00510142
2.41003e-06
0.00510092
2.02893e-06
0.00510049
1.70094e-06
0.00510013
1.4192e-06
0.00509983
1.17797e-06
0.00509959
9.69504e-07
0.00509938
7.91907e-07
0.00509922
6.39943e-07
0.00509908
5.1407e-07
0.00509897
4.0825e-07
0.00509889
3.21124e-07
0.00509882
2.50023e-07
0.00509877
1.94189e-07
0.00509873
1.48528e-07
0.0050987
1.1357e-07
0.00509868
8.46742e-08
0.00509866
6.37722e-08
0.00509865
4.73474e-08
0.00509864
3.57914e-08
0.00509863
2.55239e-08
0.00509862
1.96838e-08
0.00509862
1.41255e-08
0.00509862
1.1051e-08
0.00509861
7.93077e-09
0.00509861
6.44799e-09
0.00509861
4.50517e-09
0.00509861
3.49845e-09
0.00509861
1.40254e-09
0.00509861
2.19221e-09
0.00509861
8.12728e-10
0.00509861
4.34559e-10
0.00509861
1.41191e-10
0.00509861
2.61236e-10
0.00509861
-7.56053e-10
0.00509861
-3.03255e-11
0.00509861
5.35113e-12
0.00509861
1.04165e-09
0.00509861
4.65829e-10
0.00509861
9.19259e-10
0.00509861
4.22375e-10
0.00509861
1.03578e-09
0.00509861
4.85516e-10
0.00509861
1.62913e-10
0.00509861
-2.3289e-10
0.00509861
4.49679e-10
0.00509861
-6.41273e-10
0.00509861
-6.85836e-10
0.00509861
-4.8481e-10
0.00509861
-1.83124e-11
0.00509861
-1.01028e-09
0.00509861
-5.23434e-10
0.00509861
-4.50417e-10
0.00509861
-1.33711e-10
0.00509861
-1.05732e-09
0.00509861
-3.82351e-10
0.00509861
-6.15533e-10
0.00509861
-2.89681e-10
0.00509861
-1.43608e-10
0.00509861
3.43201e-10
0.00509861
5.5274e-12
0.00509861
1.41097e-10
0.00509861
1.15119e-10
0.00509861
5.57737e-10
0.00509861
3.868e-10
0.00509861
1.17498e-09
0.00509861
1.34113e-09
0.00509861
2.73974e-09
0.00509861
4.15926e-09
0.0050986
6.39814e-09
0.0050986
9.43461e-09
0.0050986
1.4171e-08
0.00509859
1.98625e-08
0.00509858
2.88091e-08
0.00509857
4.04087e-08
0.00509856
5.67828e-08
0.00509854
7.91322e-08
0.00509851
1.09229e-07
0.00509847
1.46748e-07
0.00509842
1.96021e-07
0.00509835
2.42849e-07
0.00509824
3.13506e-07
0.00509805
4.4259e-07
0.00509748
1.45973e-06
0.00509583
5.30324e-06
0.00508957
1.92943e-05
3.78193e-05
0.00523351
0.00208166
0.00519441
0.000631266
0.00517374
0.000121651
0.00517342
1.00569e-05
0.00517405
-9.18358e-06
0.00517353
5.40387e-06
0.00517234
7.17287e-06
0.00517095
9.13624e-06
0.0051697
7.74469e-06
0.0051686
6.85287e-06
0.00516767
5.67842e-06
0.00516688
4.8238e-06
0.0051662
4.05203e-06
0.00516563
3.43159e-06
0.00516514
2.89912e-06
0.00516472
2.44734e-06
0.00516436
2.05736e-06
0.00516406
1.72068e-06
0.00516381
1.4314e-06
0.0051636
1.18132e-06
0.00516342
9.67622e-07
0.00516328
7.83725e-07
0.00516316
6.30651e-07
0.00516307
5.02539e-07
0.00516299
3.96625e-07
0.00516293
3.09321e-07
0.00516289
2.40491e-07
0.00516285
1.84516e-07
0.00516282
1.4139e-07
0.0051628
1.05929e-07
0.00516279
7.97916e-08
0.00516278
5.92613e-08
0.00516277
4.48621e-08
0.00516276
3.22297e-08
0.00516276
2.49144e-08
0.00516275
1.81644e-08
0.00516275
1.40795e-08
0.00516275
1.0063e-08
0.00516275
8.06306e-09
0.00516274
5.8464e-09
0.00516274
4.70429e-09
0.00516274
1.87268e-09
0.00516274
2.493e-09
0.00516274
1.25271e-09
0.00516274
6.45915e-10
0.00516274
7.45884e-11
0.00516274
3.04867e-10
0.00516274
-7.17665e-10
0.00516274
1.96301e-12
0.00516274
-9.18584e-11
0.00516274
1.1349e-09
0.00516274
7.56897e-10
0.00516274
1.35427e-09
0.00516274
5.63183e-10
0.00516274
1.02392e-09
0.00516274
7.09871e-10
0.00516274
4.87395e-10
0.00516274
-3.59671e-10
0.00516274
2.69087e-10
0.00516274
-5.94729e-10
0.00516274
-7.54231e-10
0.00516274
-7.7413e-10
0.00516274
-1.18044e-10
0.00516274
-1.07781e-09
0.00516274
-7.12607e-10
0.00516274
-7.31624e-10
0.00516274
-1.56598e-10
0.00516274
-1.23666e-09
0.00516274
-6.23176e-10
0.00516274
-7.35475e-10
0.00516274
-2.90536e-10
0.00516274
-9.83861e-11
0.00516274
4.00493e-10
0.00516274
9.42185e-11
0.00516274
2.48619e-10
0.00516274
9.09237e-11
0.00516274
6.68644e-10
0.00516274
4.52055e-10
0.00516274
1.35276e-09
0.00516274
1.67719e-09
0.00516274
3.30995e-09
0.00516274
5.12346e-09
0.00516274
7.94714e-09
0.00516273
1.1672e-08
0.00516273
1.75282e-08
0.00516273
2.45462e-08
0.00516272
3.52497e-08
0.00516271
4.94475e-08
0.0051627
6.9259e-08
0.00516268
9.62465e-08
0.00516266
1.33021e-07
0.00516263
1.79496e-07
0.00516258
2.43516e-07
0.00516251
3.11716e-07
0.00516239
4.31785e-07
0.00516218
6.49787e-07
0.0051616
2.04375e-06
0.00516003
6.86991e-06
0.00515415
2.51787e-05
5.09508e-05
0.00522276
0.00185889
0.00520674
0.00064729
0.00519201
0.000136377
0.00519224
9.82575e-06
0.0051926
-9.53878e-06
0.00519235
5.64764e-06
0.00519147
8.05769e-06
0.00519046
1.01446e-05
0.00518953
8.6799e-06
0.0051887
7.6762e-06
0.005188
6.38277e-06
0.00518739
5.42857e-06
0.00518687
4.56987e-06
0.00518643
3.87615e-06
0.00518605
3.28006e-06
0.00518572
2.77486e-06
0.00518544
2.33856e-06
0.0051852
1.96076e-06
0.005185
1.63454e-06
0.00518483
1.35208e-06
0.00518469
1.1104e-06
0.00518457
9.01602e-07
0.00518447
7.26643e-07
0.00518439
5.80603e-07
0.00518433
4.59397e-07
0.00518428
3.58932e-07
0.00518424
2.79483e-07
0.00518421
2.14995e-07
0.00518419
1.65014e-07
0.00518417
1.24095e-07
0.00518416
9.36386e-08
0.00518415
6.96359e-08
0.00518414
5.28261e-08
0.00518414
3.81627e-08
0.00518413
2.94034e-08
0.00518413
2.17441e-08
0.00518413
1.68616e-08
0.00518412
1.20816e-08
0.00518412
9.49329e-09
0.00518412
6.93558e-09
0.00518412
5.74848e-09
0.00518412
2.43849e-09
0.00518412
2.74987e-09
0.00518412
1.6489e-09
0.00518412
8.90573e-10
0.00518412
5.94791e-11
0.00518412
3.10578e-10
0.00518412
-6.92582e-10
0.00518412
8.57688e-11
0.00518412
-3.76955e-11
0.00518412
1.1905e-09
0.00518412
9.02e-10
0.00518412
1.73043e-09
0.00518412
8.22282e-10
0.00518412
9.86884e-10
0.00518412
7.65846e-10
0.00518412
7.6087e-10
0.00518412
-3.41002e-10
0.00518412
5.20184e-11
0.00518412
-6.14616e-10
0.00518412
-7.78178e-10
0.00518412
-9.95786e-10
0.00518412
-2.40518e-10
0.00518412
-1.1453e-09
0.00518412
-8.91216e-10
0.00518412
-1.01836e-09
0.00518412
-2.11371e-10
0.00518412
-1.34874e-09
0.00518412
-8.89565e-10
0.00518412
-8.86296e-10
0.00518412
-3.00429e-10
0.00518412
-2.48459e-11
0.00518412
4.60431e-10
0.00518412
1.70846e-10
0.00518412
3.60105e-10
0.00518412
7.31922e-11
0.00518412
7.09801e-10
0.00518412
5.32976e-10
0.00518412
1.47716e-09
0.00518412
1.92735e-09
0.00518412
3.76246e-09
0.00518412
5.9454e-09
0.00518412
9.25235e-09
0.00518411
1.35254e-08
0.00518411
2.02885e-08
0.00518411
2.84616e-08
0.0051841
4.0509e-08
0.00518409
5.67743e-08
0.00518408
7.93264e-08
0.00518407
1.09974e-07
0.00518405
1.52296e-07
0.00518402
2.0655e-07
0.00518398
2.8452e-07
0.00518392
3.74675e-07
0.0051838
5.48977e-07
0.00518359
8.60331e-07
0.00518302
2.61401e-06
0.00518164
8.24874e-06
0.0051766
3.02239e-05
6.1584e-05
0.00520407
0.00165482
0.00520563
0.000645733
0.00519623
0.000145772
0.00519682
9.23772e-06
0.005197
-9.71505e-06
0.00519699
5.65566e-06
0.0051964
8.64492e-06
0.00519575
1.07964e-05
0.00519512
9.31206e-06
0.00519456
8.23482e-06
0.00519407
6.86864e-06
0.00519365
5.85001e-06
0.00519328
4.93488e-06
0.00519297
4.1922e-06
0.00519269
3.55376e-06
0.00519246
3.01221e-06
0.00519225
2.54403e-06
0.00519207
2.13829e-06
0.00519192
1.78623e-06
0.0051918
1.4804e-06
0.00519169
1.2185e-06
0.0051916
9.91947e-07
0.00519152
8.00634e-07
0.00519146
6.40986e-07
0.00519142
5.08375e-07
0.00519138
3.98148e-07
0.00519135
3.103e-07
0.00519132
2.39246e-07
0.0051913
1.83923e-07
0.00519129
1.38869e-07
0.00519128
1.04913e-07
0.00519127
7.81297e-08
0.00519126
5.93307e-08
0.00519126
4.32281e-08
0.00519126
3.29828e-08
0.00519125
2.47386e-08
0.00519125
1.92464e-08
0.00519125
1.39512e-08
0.00519125
1.07179e-08
0.00519125
7.76009e-09
0.00519125
6.54264e-09
0.00519125
3.1174e-09
0.00519125
2.97082e-09
0.00519125
1.95848e-09
0.00519125
1.09104e-09
0.00519125
1.03098e-10
0.00519125
2.67916e-10
0.00519125
-6.56753e-10
0.00519125
1.56722e-10
0.00519125
1.64755e-10
0.00519125
1.27794e-09
0.00519125
9.88217e-10
0.00519125
1.97321e-09
0.00519125
1.18018e-09
0.00519125
1.00358e-09
0.00519125
7.28186e-10
0.00519124
8.79463e-10
0.00519125
-2.19864e-10
0.00519124
-1.33822e-10
0.00519125
-6.61915e-10
0.00519125
-8.29399e-10
0.00519125
-1.17004e-09
0.00519125
-3.9051e-10
0.00519125
-1.16121e-09
0.00519125
-1.03021e-09
0.00519125
-1.2693e-09
0.00519125
-3.27773e-10
0.00519125
-1.37849e-09
0.00519125
-1.12225e-09
0.00519125
-1.01483e-09
0.00519125
-3.46707e-10
0.00519125
5.79833e-11
0.00519125
5.06365e-10
0.00519125
2.47142e-10
0.00519125
4.52713e-10
0.00519125
7.0648e-11
0.00519125
6.59341e-10
0.00519124
6.04022e-10
0.00519124
1.57121e-09
0.00519124
2.10318e-09
0.00519124
4.05105e-09
0.00519124
6.57795e-09
0.00519124
1.02772e-08
0.00519124
1.49862e-08
0.00519124
2.23923e-08
0.00519124
3.14941e-08
0.00519123
4.45377e-08
0.00519123
6.23211e-08
0.00519122
8.69114e-08
0.00519121
1.20244e-07
0.00519119
1.66917e-07
0.00519117
2.27647e-07
0.00519114
3.18125e-07
0.00519108
4.29974e-07
0.00519097
6.58436e-07
0.00519077
1.06054e-06
0.00519026
3.13146e-06
0.00518912
9.3815e-06
0.00518513
3.422e-05
6.96212e-05
0.00518545
0.00146937
0.00520065
0.000630535
0.00519597
0.000150449
0.00519677
8.43921e-06
0.00519681
-9.75467e-06
0.00519699
5.47353e-06
0.00519668
8.95443e-06
0.00519636
1.11223e-05
0.00519601
9.66119e-06
0.00519569
8.54611e-06
0.00519541
7.14821e-06
0.00519517
6.09726e-06
0.00519495
5.1539e-06
0.00519476
4.38469e-06
0.00519459
3.72307e-06
0.00519444
3.1617e-06
0.00519431
2.67524e-06
0.00519419
2.25362e-06
0.00519409
1.88649e-06
0.00519401
1.56615e-06
0.00519393
1.29139e-06
0.00519387
1.05403e-06
0.00519382
8.5203e-07
0.00519378
6.83165e-07
0.00519374
5.42861e-07
0.00519372
4.26257e-07
0.0051937
3.32477e-07
0.00519368
2.56853e-07
0.00519366
1.97765e-07
0.00519365
1.49954e-07
0.00519365
1.13345e-07
0.00519364
8.44532e-08
0.00519363
6.41156e-08
0.00519363
4.72092e-08
0.00519363
3.57827e-08
0.00519363
2.71018e-08
0.00519363
2.10647e-08
0.00519362
1.54931e-08
0.00519362
1.17445e-08
0.00519362
8.41006e-09
0.00519362
7.08969e-09
0.00519362
3.80193e-09
0.00519362
3.16631e-09
0.00519362
2.20679e-09
0.00519362
1.22086e-09
0.00519362
1.67083e-10
0.00519362
2.17835e-10
0.00519362
-5.92842e-10
0.00519362
1.52269e-10
0.00519362
4.03625e-10
0.00519362
1.4353e-09
0.00519362
1.09281e-09
0.00519362
2.05038e-09
0.00519362
1.53915e-09
0.00519362
1.11108e-09
0.00519362
6.90312e-10
0.00519362
8.4652e-10
0.00519362
-7.39601e-11
0.00519362
-2.64404e-10
0.00519362
-6.96036e-10
0.00519362
-8.93914e-10
0.00519362
-1.32103e-09
0.00519362
-5.97399e-10
0.00519362
-1.16455e-09
0.00519362
-1.12329e-09
0.00519362
-1.46074e-09
0.00519362
-5.15113e-10
0.00519362
-1.38132e-09
0.00519362
-1.29695e-09
0.00519362
-1.07911e-09
0.00519362
-4.1015e-10
0.00519362
1.33417e-10
0.00519362
5.30988e-10
0.00519362
2.94821e-10
0.00519362
5.04648e-10
0.00519362
1.11134e-10
0.00519362
5.51156e-10
0.00519362
6.15869e-10
0.00519362
1.62579e-09
0.00519362
2.22326e-09
0.00519362
4.17974e-09
0.00519362
6.99701e-09
0.00519362
1.10046e-08
0.00519362
1.60456e-08
0.00519362
2.3855e-08
0.00519361
3.3616e-08
0.00519361
4.72537e-08
0.00519361
6.60944e-08
0.0051936
9.20244e-08
0.0051936
1.27086e-07
0.00519359
1.76878e-07
0.00519357
2.42641e-07
0.00519354
3.4366e-07
0.0051935
4.75435e-07
0.0051934
7.53912e-07
0.00519323
1.23729e-06
0.00519279
3.56488e-06
0.00519194
1.02355e-05
0.00518908
3.70798e-05
7.50896e-05
0.00516897
0.0013004
0.00519495
0.000604558
0.00519442
0.00015098
0.00519532
7.54017e-06
0.00519523
-9.66936e-06
0.00519556
5.14739e-06
0.0051955
9.01096e-06
0.00519547
1.11538e-05
0.00519538
9.74982e-06
0.0051953
8.62908e-06
0.00519521
7.23571e-06
0.00519513
6.18115e-06
0.00519505
5.23514e-06
0.00519497
4.45994e-06
0.0051949
3.79249e-06
0.00519484
3.22648e-06
0.00519478
2.73474e-06
0.00519472
2.30812e-06
0.00519467
1.93611e-06
0.00519463
1.60991e-06
0.00519459
1.32925e-06
0.00519456
1.08752e-06
0.00519453
8.80569e-07
0.00519451
7.06848e-07
0.00519449
5.62485e-07
0.00519447
4.42733e-07
0.00519446
3.45745e-07
0.00519445
2.67567e-07
0.00519444
2.06291e-07
0.00519443
1.56959e-07
0.00519443
1.18733e-07
0.00519443
8.8487e-08
0.00519442
6.71264e-08
0.00519442
4.99911e-08
0.00519442
3.78134e-08
0.00519442
2.87157e-08
0.00519442
2.22334e-08
0.00519441
1.6574e-08
0.00519441
1.26143e-08
0.00519441
8.96062e-09
0.00519441
7.42512e-09
0.00519441
4.37918e-09
0.00519441
3.35489e-09
0.00519441
2.41065e-09
0.00519441
1.33883e-09
0.00519441
2.10138e-10
0.00519441
1.7934e-10
0.00519441
-4.99834e-10
0.00519441
1.10881e-10
0.00519441
5.62338e-10
0.00519441
1.61709e-09
0.00519441
1.22811e-09
0.00519441
2.01324e-09
0.00519441
1.78982e-09
0.00519441
1.27709e-09
0.00519441
7.06733e-10
0.00519441
7.57401e-10
0.00519441
4.39301e-11
0.00519441
-3.32565e-10
0.00519441
-7.26104e-10
0.00519441
-9.38091e-10
0.00519441
-1.46893e-09
0.00519441
-8.55841e-10
0.00519441
-1.21157e-09
0.00519441
-1.19127e-09
0.00519441
-1.61463e-09
0.00519441
-7.47356e-10
0.00519441
-1.40816e-09
0.00519441
-1.42616e-09
0.00519441
-1.09238e-09
0.00519441
-4.56892e-10
0.00519441
1.70136e-10
0.00519441
5.53239e-10
0.00519441
3.09486e-10
0.00519441
5.08385e-10
0.00519441
1.79683e-10
0.00519441
4.44391e-10
0.00519441
5.39888e-10
0.00519441
1.61424e-09
0.00519441
2.29216e-09
0.00519441
4.1985e-09
0.00519441
7.20828e-09
0.00519441
1.14445e-08
0.00519441
1.67e-08
0.00519441
2.46181e-08
0.00519441
3.48608e-08
0.00519441
4.87533e-08
0.0051944
6.80959e-08
0.0051944
9.47126e-08
0.0051944
1.30566e-07
0.00519439
1.82215e-07
0.00519439
2.5144e-07
0.00519437
3.60514e-07
0.00519433
5.09044e-07
0.00519426
8.29925e-07
0.00519412
1.37963e-06
0.00519379
3.89224e-06
0.00519323
1.07919e-05
0.00519153
3.87805e-05
7.80842e-05
0.00515491
0.00114549
0.00518952
0.000569954
0.00519262
0.000147872
0.00519355
6.61708e-06
0.00519333
-9.45542e-06
0.00519376
4.72014e-06
0.00519393
8.84115e-06
0.00519416
1.09218e-05
0.00519431
9.60113e-06
0.00519444
8.50321e-06
0.00519452
7.14623e-06
0.00519459
6.11353e-06
0.00519464
5.18769e-06
0.00519467
4.42519e-06
0.0051947
3.76766e-06
0.00519472
3.2106e-06
0.00519472
2.72582e-06
0.00519473
2.30416e-06
0.00519473
1.93653e-06
0.00519473
1.61287e-06
0.00519472
1.33302e-06
0.00519472
1.09268e-06
0.00519471
8.8643e-07
0.00519471
7.12216e-07
0.0051947
5.67307e-07
0.0051947
4.47448e-07
0.00519469
3.49974e-07
0.00519469
2.71205e-07
0.00519469
2.09346e-07
0.00519469
1.59643e-07
0.00519468
1.20952e-07
0.00519468
9.01989e-08
0.00519468
6.83996e-08
0.00519468
5.13938e-08
0.00519468
3.8918e-08
0.00519468
2.95727e-08
0.00519468
2.28343e-08
0.00519468
1.71497e-08
0.00519468
1.32319e-08
0.00519468
9.37138e-09
0.00519468
7.56218e-09
0.00519468
4.74604e-09
0.00519468
3.51031e-09
0.00519468
2.56816e-09
0.00519468
1.49424e-09
0.00519468
2.15437e-10
0.00519468
1.28918e-10
0.00519468
-3.95073e-10
0.00519468
1.01309e-10
0.00519468
6.10383e-10
0.00519468
1.77773e-09
0.00519468
1.39196e-09
0.00519468
1.9368e-09
0.00519468
1.88728e-09
0.00519468
1.43293e-09
0.00519468
7.70626e-10
0.00519468
6.76672e-10
0.00519468
9.76987e-11
0.00519468
-3.6834e-10
0.00519468
-7.77109e-10
0.00519468
-9.38451e-10
0.00519468
-1.59645e-09
0.00519468
-1.14042e-09
0.00519468
-1.3264e-09
0.00519468
-1.24093e-09
0.00519468
-1.7362e-09
0.00519468
-9.79557e-10
0.00519468
-1.46091e-09
0.00519468
-1.51637e-09
0.00519468
-1.08139e-09
0.00519468
-4.49051e-10
0.00519468
1.65736e-10
0.00519468
5.79464e-10
0.00519468
2.96201e-10
0.00519468
4.48892e-10
0.00519468
2.2626e-10
0.00519468
3.68415e-10
0.00519468
3.88981e-10
0.00519468
1.51672e-09
0.00519468
2.30417e-09
0.00519468
4.12848e-09
0.00519468
7.19711e-09
0.00519468
1.15904e-08
0.00519468
1.69353e-08
0.00519468
2.47862e-08
0.00519468
3.52063e-08
0.00519468
4.90631e-08
0.00519467
6.83754e-08
0.00519467
9.50594e-08
0.00519467
1.30796e-07
0.00519467
1.83003e-07
0.00519467
2.54018e-07
0.00519466
3.68216e-07
0.00519464
5.29171e-07
0.00519459
8.82111e-07
0.00519449
1.47937e-06
0.00519428
4.09886e-06
0.00519403
1.10421e-05
0.00519347
3.93404e-05
7.87459e-05
0.00514306
0.00100243
0.00518462
0.000528394
0.00519092
0.000141574
0.00519182
5.71829e-06
0.00519147
-9.10365e-06
0.00519196
4.2292e-06
0.00519233
8.47184e-06
0.00519279
1.04561e-05
0.00519315
9.23839e-06
0.00519347
8.18805e-06
0.00519372
6.89518e-06
0.00519393
5.90688e-06
0.00519409
5.02134e-06
0.00519423
4.2883e-06
0.00519434
3.65501e-06
0.00519443
3.119e-06
0.00519451
2.65243e-06
0.00519457
2.24505e-06
0.00519461
1.88995e-06
0.00519465
1.57672e-06
0.00519468
1.30427e-06
0.0051947
1.07048e-06
0.00519472
8.70073e-07
0.00519473
6.99785e-07
0.00519474
5.57742e-07
0.00519475
4.40567e-07
0.00519475
3.45175e-07
0.00519476
2.67744e-07
0.00519476
2.06905e-07
0.00519476
1.58011e-07
0.00519476
1.19959e-07
0.00519476
8.9576e-08
0.00519476
6.79247e-08
0.00519476
5.13302e-08
0.00519476
3.90129e-08
0.00519476
2.96836e-08
0.00519476
2.29595e-08
0.00519476
1.72603e-08
0.00519476
1.34779e-08
0.00519476
9.61009e-09
0.00519476
7.59407e-09
0.00519476
4.90916e-09
0.00519476
3.56809e-09
0.00519476
2.62817e-09
0.00519476
1.65484e-09
0.00519477
1.99804e-10
0.00519476
6.9273e-11
0.00519476
-2.61358e-10
0.00519476
1.91559e-10
0.00519476
5.95824e-10
0.00519476
1.88447e-09
0.00519476
1.57676e-09
0.00519476
1.88426e-09
0.00519476
1.86579e-09
0.00519476
1.53224e-09
0.00519476
8.76913e-10
0.00519476
6.58693e-10
0.00519476
1.11501e-10
0.00519476
-3.96856e-10
0.00519476
-8.7001e-10
0.00519476
-9.16209e-10
0.00519476
-1.67471e-09
0.00519476
-1.41111e-09
0.00519476
-1.49608e-09
0.00519476
-1.27109e-09
0.00519477
-1.81188e-09
0.00519476
-1.18579e-09
0.00519477
-1.52245e-09
0.00519477
-1.58024e-09
0.00519476
-1.08956e-09
0.00519476
-4.00806e-10
0.00519476
1.37228e-10
0.00519476
5.9876e-10
0.00519476
2.7609e-10
0.00519476
3.24169e-10
0.00519476
2.05024e-10
0.00519477
3.15575e-10
0.00519476
1.88819e-10
0.00519476
1.30835e-09
0.00519476
2.23086e-09
0.00519477
3.99589e-09
0.00519476
6.99757e-09
0.00519477
1.14456e-08
0.00519477
1.67592e-08
0.00519477
2.43875e-08
0.00519477
3.46839e-08
0.00519477
4.82203e-08
0.00519477
6.7006e-08
0.00519477
9.3164e-08
0.00519477
1.27933e-07
0.00519478
1.79357e-07
0.00519478
2.50412e-07
0.00519478
3.66508e-07
0.00519478
5.34679e-07
0.00519475
9.07349e-07
0.0051947
1.53093e-06
0.00519462
4.17632e-06
0.00519468
1.09859e-05
0.00519521
3.88068e-05
7.72431e-05
0.00513313
0.000869297
0.00518032
0.000481207
0.0051894
0.000132491
0.00519025
4.87089e-06
0.00518975
-8.60534e-06
0.00519027
3.70558e-06
0.00519081
7.92915e-06
0.00519149
9.78504e-06
0.00519204
8.68463e-06
0.00519252
7.70314e-06
0.00519292
6.49823e-06
0.00519325
5.57408e-06
0.00519353
4.74643e-06
0.00519376
4.05773e-06
0.00519395
3.46157e-06
0.00519411
2.95739e-06
0.00519425
2.51903e-06
0.00519436
2.13467e-06
0.00519445
1.79931e-06
0.00519452
1.50354e-06
0.00519458
1.24498e-06
0.00519463
1.02248e-06
0.00519467
8.32356e-07
0.0051947
6.70296e-07
0.00519472
5.34484e-07
0.00519474
4.22552e-07
0.00519475
3.31584e-07
0.00519476
2.5739e-07
0.00519477
1.99099e-07
0.00519478
1.52212e-07
0.00519478
1.15787e-07
0.00519479
8.661e-08
0.00519479
6.57106e-08
0.00519479
4.98399e-08
0.00519479
3.80908e-08
0.00519479
2.90467e-08
0.00519479
2.25925e-08
0.00519479
1.69435e-08
0.00519479
1.32814e-08
0.00519479
9.59103e-09
0.00519479
7.54472e-09
0.00519479
4.91091e-09
0.00519479
3.49647e-09
0.00519479
2.56269e-09
0.00519479
1.78867e-09
0.00519479
2.00149e-10
0.00519479
-1.41861e-11
0.00519479
-1.38491e-10
0.00519479
3.76474e-10
0.00519479
5.90322e-10
0.00519479
1.92742e-09
0.00519479
1.75543e-09
0.00519479
1.86765e-09
0.00519479
1.76131e-09
0.00519479
1.52994e-09
0.00519479
9.67596e-10
0.00519479
6.86866e-10
0.00519479
8.64273e-11
0.00519479
-4.39613e-10
0.00519479
-9.88361e-10
0.00519479
-9.0247e-10
0.00519479
-1.69972e-09
0.00519479
-1.63839e-09
0.00519479
-1.70187e-09
0.00519479
-1.28896e-09
0.00519479
-1.83278e-09
0.00519479
-1.35052e-09
0.00519479
-1.56843e-09
0.00519479
-1.60399e-09
0.00519479
-1.11786e-09
0.00519479
-3.31744e-10
0.00519479
1.01166e-10
0.00519479
5.82927e-10
0.00519479
2.40507e-10
0.00519479
1.48199e-10
0.00519479
9.47918e-11
0.00519479
2.74283e-10
0.00519479
-1.4046e-11
0.00519479
1.0019e-09
0.00519479
2.053e-09
0.00519479
3.79085e-09
0.00519479
6.62065e-09
0.0051948
1.10152e-08
0.0051948
1.61899e-08
0.0051948
2.34445e-08
0.0051948
3.33492e-08
0.0051948
4.62874e-08
0.0051948
6.40863e-08
0.00519481
8.91369e-08
0.00519481
1.22166e-07
0.00519482
1.71474e-07
0.00519483
2.40755e-07
0.00519484
3.5537e-07
0.00519485
5.24958e-07
0.00519485
9.03788e-07
0.00519485
1.53121e-06
0.00519491
4.12185e-06
0.00519526
1.06313e-05
0.00519682
3.72482e-05
7.37621e-05
0.00512485
0.000744446
0.00517659
0.000429473
0.00518808
0.000120995
0.00518887
4.08687e-06
0.00518822
-7.95573e-06
0.00518875
3.1736e-06
0.00518944
7.23791e-06
0.00519029
8.93565e-06
0.00519101
7.96253e-06
0.00519165
7.0679e-06
0.00519217
5.97116e-06
0.00519262
5.12828e-06
0.00519299
4.37374e-06
0.00519331
3.74246e-06
0.00519358
3.19488e-06
0.0051938
2.73209e-06
0.00519399
2.33057e-06
0.00519415
1.97732e-06
0.00519428
1.66826e-06
0.00519439
1.39593e-06
0.00519447
1.15727e-06
0.00519455
9.50749e-07
0.0051946
7.74658e-07
0.00519465
6.24682e-07
0.00519469
4.98449e-07
0.00519471
3.94152e-07
0.00519474
3.09683e-07
0.00519475
2.40528e-07
0.00519477
1.86199e-07
0.00519478
1.42461e-07
0.00519478
1.08582e-07
0.00519479
8.13693e-08
0.00519479
6.18204e-08
0.0051948
4.7005e-08
0.0051948
3.61924e-08
0.0051948
2.7671e-08
0.0051948
2.16949e-08
0.0051948
1.62418e-08
0.0051948
1.26956e-08
0.0051948
9.28058e-09
0.0051948
7.40197e-09
0.0051948
4.79783e-09
0.0051948
3.31309e-09
0.0051948
2.36366e-09
0.0051948
1.85398e-09
0.0051948
2.4075e-10
0.0051948
-8.03289e-11
0.0051948
-5.12358e-11
0.0051948
6.14462e-10
0.0051948
6.16235e-10
0.0051948
1.9087e-09
0.0051948
1.89177e-09
0.0051948
1.88413e-09
0.0051948
1.62647e-09
0.0051948
1.44943e-09
0.0051948
1.02205e-09
0.0051948
7.69179e-10
0.0051948
4.94521e-11
0.0051948
-5.01206e-10
0.0051948
-1.12032e-09
0.0051948
-9.19425e-10
0.0051948
-1.70164e-09
0.0051948
-1.8074e-09
0.0051948
-1.93306e-09
0.0051948
-1.31974e-09
0.0051948
-1.8141e-09
0.0051948
-1.48009e-09
0.0051948
-1.60634e-09
0.0051948
-1.5872e-09
0.0051948
-1.1665e-09
0.0051948
-2.76941e-10
0.0051948
6.23631e-11
0.0051948
5.28084e-10
0.0051948
1.91107e-10
0.0051948
-4.19793e-11
0.0051948
-1.00162e-10
0.0051948
2.20013e-10
0.0051948
-1.95366e-10
0.0051948
6.24728e-10
0.0051948
1.7639e-09
0.0051948
3.51667e-09
0.00519481
6.09126e-09
0.00519481
1.03159e-08
0.00519481
1.52466e-08
0.00519481
2.19977e-08
0.00519481
3.12643e-08
0.00519481
4.33451e-08
0.00519482
5.97431e-08
0.00519482
8.31149e-08
0.00519483
1.13711e-07
0.00519484
1.59637e-07
0.00519486
2.25294e-07
0.00519488
3.35019e-07
0.0051949
4.99954e-07
0.00519494
8.70835e-07
0.00519499
1.47948e-06
0.00519517
3.93773e-06
0.00519581
9.99336e-06
0.00519831
3.47491e-05
6.85017e-05
0.005118
0.000626441
0.0051734
0.000374077
0.00518696
0.000107432
0.00518768
3.36805e-06
0.00518688
-7.15579e-06
0.00518741
2.65092e-06
0.00518822
6.42146e-06
0.00518923
7.93336e-06
0.00519009
7.09432e-06
0.00519086
6.30157e-06
0.0051915
5.32992e-06
0.00519205
4.58294e-06
0.00519251
3.91453e-06
0.0051929
3.35193e-06
0.00519323
2.86291e-06
0.00519351
2.44993e-06
0.00519375
2.09261e-06
0.00519395
1.77756e-06
0.00519412
1.50097e-06
0.00519425
1.2571e-06
0.00519437
1.04353e-06
0.00519446
8.57551e-07
0.00519454
6.98888e-07
0.0051946
5.64177e-07
0.00519465
4.5069e-07
0.00519468
3.56324e-07
0.00519471
2.8016e-07
0.00519474
2.17649e-07
0.00519475
1.68606e-07
0.00519477
1.29053e-07
0.00519478
9.85946e-08
0.00519479
7.39959e-08
0.00519479
5.63709e-08
0.0051948
4.29265e-08
0.0051948
3.33769e-08
0.0051948
2.56084e-08
0.0051948
2.0269e-08
0.0051948
1.51771e-08
0.0051948
1.18137e-08
0.00519481
8.66479e-09
0.00519481
7.13189e-09
0.00519481
4.59846e-09
0.00519481
3.07813e-09
0.00519481
2.07022e-09
0.00519481
1.82726e-09
0.00519481
2.98305e-10
0.00519481
-9.93743e-11
0.00519481
-2.28172e-11
0.00519481
8.64132e-10
0.00519481
6.72408e-10
0.00519481
1.83973e-09
0.00519481
1.95204e-09
0.00519481
1.91626e-09
0.00519481
1.49472e-09
0.00519481
1.32913e-09
0.00519481
1.00999e-09
0.00519481
8.8428e-10
0.00519481
2.65469e-11
0.00519481
-5.64226e-10
0.00519481
-1.2507e-09
0.00519481
-9.64893e-10
0.00519481
-1.71824e-09
0.00519481
-1.91201e-09
0.00519481
-2.16624e-09
0.00519481
-1.38267e-09
0.00519481
-1.77931e-09
0.00519481
-1.5755e-09
0.00519481
-1.65006e-09
0.00519481
-1.52261e-09
0.00519481
-1.21502e-09
0.00519481
-2.43601e-10
0.00519481
1.44409e-11
0.00519481
4.36693e-10
0.00519481
1.24312e-10
0.00519481
-2.11023e-10
0.00519481
-3.55912e-10
0.00519481
1.31108e-10
0.00519481
-3.38853e-10
0.00519481
2.28019e-10
0.00519481
1.37326e-09
0.00519481
3.16655e-09
0.00519481
5.431e-09
0.00519481
9.37301e-09
0.00519481
1.39524e-08
0.00519481
2.00969e-08
0.00519482
2.85027e-08
0.00519482
3.94852e-08
0.00519483
5.41269e-08
0.00519483
7.52724e-08
0.00519484
1.02809e-07
0.00519486
1.44204e-07
0.00519488
2.04408e-07
0.00519491
3.05905e-07
0.00519495
4.60165e-07
0.00519501
8.09114e-07
0.00519511
1.37716e-06
0.00519542
3.6307e-06
0.00519632
9.09343e-06
0.00519966
3.14063e-05
6.16698e-05
0.00511241
0.000514031
0.00517073
0.000315762
0.00518603
9.21264e-05
0.00518669
2.70982e-06
0.00518575
-6.21283e-06
0.00518625
2.14897e-06
0.00518717
5.50159e-06
0.0051883
6.80232e-06
0.00518929
6.10172e-06
0.00519017
5.42332e-06
0.00519091
4.59059e-06
0.00519154
3.9518e-06
0.00519208
3.38048e-06
0.00519253
2.89602e-06
0.00519292
2.47406e-06
0.00519325
2.1182e-06
0.00519353
1.81132e-06
0.00519377
1.54043e-06
0.00519397
1.30188e-06
0.00519414
1.09085e-06
0.00519427
9.06591e-07
0.00519439
7.45319e-07
0.00519448
6.07311e-07
0.00519455
4.90409e-07
0.00519461
3.92374e-07
0.00519466
3.10131e-07
0.00519469
2.43868e-07
0.00519472
1.89356e-07
0.00519474
1.4682e-07
0.00519476
1.12378e-07
0.00519477
8.61271e-08
0.00519478
6.46823e-08
0.00519479
4.95081e-08
0.00519479
3.77412e-08
0.0051948
2.97199e-08
0.0051948
2.29266e-08
0.0051948
1.83527e-08
0.0051948
1.37586e-08
0.0051948
1.07161e-08
0.00519481
7.77694e-09
0.00519481
6.68867e-09
0.00519481
4.31956e-09
0.00519481
2.8278e-09
0.00519481
1.71339e-09
0.00519481
1.70207e-09
0.00519481
3.39377e-10
0.00519481
-3.87916e-11
0.00519481
-4.04575e-11
0.00519481
1.09106e-09
0.00519481
7.55044e-10
0.00519481
1.73467e-09
0.00519481
1.91707e-09
0.00519481
1.93571e-09
0.00519481
1.38258e-09
0.00519481
1.21434e-09
0.00519481
9.27691e-10
0.00519481
1.00402e-09
0.00519481
3.73024e-11
0.00519481
-6.02967e-10
0.00519481
-1.37422e-09
0.00519481
-1.02246e-09
0.00519481
-1.76927e-09
0.00519481
-1.95729e-09
0.00519481
-2.36203e-09
0.00519481
-1.47614e-09
0.00519481
-1.74369e-09
0.00519481
-1.62874e-09
0.00519481
-1.70793e-09
0.00519481
-1.41923e-09
0.00519481
-1.24561e-09
0.00519481
-2.28597e-10
0.00519481
-4.15634e-11
0.00519481
3.16747e-10
0.00519481
3.55263e-11
0.00519481
-3.32915e-10
0.00519481
-6.39938e-10
0.00519481
-1.99257e-11
0.00519481
-4.56239e-10
0.00519481
-1.48659e-10
0.00519481
8.96302e-10
0.00519481
2.73136e-09
0.00519481
4.65986e-09
0.00519481
8.22384e-09
0.00519481
1.23397e-08
0.00519482
1.77967e-08
0.00519482
2.51494e-08
0.00519482
3.48069e-08
0.00519483
4.74013e-08
0.00519484
6.58189e-08
0.00519485
8.9727e-08
0.00519487
1.25585e-07
0.0051949
1.78598e-07
0.00519493
2.68718e-07
0.00519499
4.06617e-07
0.00519508
7.20384e-07
0.00519523
1.22768e-06
0.00519565
3.21133e-06
0.00519678
7.95856e-06
0.00520086
2.7326e-05
5.34815e-05
0.00510793
0.000406098
0.00516854
0.00025516
0.00518527
7.53903e-05
0.00518588
2.10396e-06
0.00518481
-5.14036e-06
0.00518528
1.67353e-06
0.00518628
4.49855e-06
0.00518752
5.56569e-06
0.00518862
5.00601e-06
0.00518959
4.45212e-06
0.00519041
3.76941e-06
0.00519111
3.24881e-06
0.00519171
2.78359e-06
0.00519222
2.38503e-06
0.00519266
2.03712e-06
0.00519303
1.74452e-06
0.00519335
1.49337e-06
0.00519362
1.27145e-06
0.00519384
1.0757e-06
0.00519403
9.01411e-07
0.00519419
7.49775e-07
0.00519432
6.16673e-07
0.00519442
5.02332e-07
0.00519451
4.05358e-07
0.00519458
3.24852e-07
0.00519463
2.56702e-07
0.00519467
2.01789e-07
0.00519471
1.56389e-07
0.00519473
1.21399e-07
0.00519475
9.28928e-08
0.00519477
7.15094e-08
0.00519478
5.36677e-08
0.00519478
4.13937e-08
0.00519479
3.16253e-08
0.0051948
2.5315e-08
0.0051948
1.9685e-08
0.0051948
1.59855e-08
0.0051948
1.20064e-08
0.0051948
9.45187e-09
0.00519481
6.67558e-09
0.00519481
6.02441e-09
0.00519481
3.94186e-09
0.00519481
2.56803e-09
0.00519481
1.32494e-09
0.00519481
1.48327e-09
0.00519481
3.39481e-10
0.00519481
1.07814e-10
0.00519481
-6.58646e-11
0.00519481
1.2774e-09
0.00519481
8.71154e-10
0.00519481
1.60961e-09
0.00519481
1.79107e-09
0.00519481
1.91003e-09
0.00519481
1.29132e-09
0.00519481
1.13494e-09
0.00519481
7.8779e-10
0.00519481
1.08158e-09
0.00519481
8.32593e-11
0.00519481
-5.94686e-10
0.00519481
-1.48384e-09
0.00519481
-1.08355e-09
0.00519481
-1.84574e-09
0.00519481
-1.95846e-09
0.00519481
-2.482e-09
0.00519481
-1.58704e-09
0.00519481
-1.71817e-09
0.00519481
-1.63632e-09
0.00519481
-1.77767e-09
0.00519481
-1.29551e-09
0.00519481
-1.23924e-09
0.00519481
-2.24005e-10
0.00519481
-1.01066e-10
0.00519481
1.7037e-10
0.00519481
-8.77326e-11
0.00519481
-4.09774e-10
0.00519481
-9.12079e-10
0.00519481
-2.53932e-10
0.00519481
-5.78644e-10
0.00519481
-4.84149e-10
0.00519481
3.56384e-10
0.00519481
2.20027e-09
0.00519481
3.79867e-09
0.00519481
6.91037e-09
0.00519481
1.04514e-08
0.00519482
1.51466e-08
0.00519482
2.12977e-08
0.00519483
2.94175e-08
0.00519483
3.97341e-08
0.00519484
5.49902e-08
0.00519486
7.47563e-08
0.00519488
1.0423e-07
0.00519491
1.48488e-07
0.00519496
2.24371e-07
0.00519502
3.40826e-07
0.00519513
6.07438e-07
0.00519533
1.03616e-06
0.00519584
2.6935e-06
0.00519718
6.6206e-06
0.00520189
2.26219e-05
4.41566e-05
0.00510446
0.000301634
0.00516681
0.000192818
0.00518468
5.75221e-05
0.00518524
1.54054e-06
0.00518406
-3.95737e-06
0.00518451
1.22542e-06
0.00518557
3.43107e-06
0.00518689
4.24577e-06
0.00518807
3.82812e-06
0.00518912
3.40677e-06
0.00519
2.88271e-06
0.00519076
2.4881e-06
0.00519141
2.13614e-06
0.00519197
1.82964e-06
0.00519244
1.56125e-06
0.00519285
1.33687e-06
0.0051932
1.14577e-06
0.00519349
9.76618e-07
0.00519374
8.27378e-07
0.00519395
6.93192e-07
0.00519412
5.768e-07
0.00519426
4.74505e-07
0.00519438
3.86405e-07
0.00519447
3.11229e-07
0.00519455
2.49712e-07
0.00519461
1.97248e-07
0.00519466
1.54974e-07
0.00519469
1.19626e-07
0.00519472
9.29569e-08
0.00519474
7.10906e-08
0.00519476
5.50957e-08
0.00519477
4.12531e-08
0.00519478
3.2207e-08
0.00519479
2.47615e-08
0.00519479
2.02755e-08
0.0051948
1.59495e-08
0.0051948
1.32011e-08
0.0051948
9.96336e-09
0.0051948
8.05245e-09
0.00519481
5.44037e-09
0.00519481
5.11324e-09
0.00519481
3.43761e-09
0.00519481
2.28682e-09
0.00519481
9.37624e-10
0.00519481
1.18136e-09
0.00519481
2.89805e-10
0.00519481
3.22316e-10
0.00519481
-5.83619e-11
0.00519481
1.40357e-09
0.00519481
1.03005e-09
0.00519481
1.4823e-09
0.00519481
1.59489e-09
0.00519481
1.81235e-09
0.00519481
1.20921e-09
0.00519481
1.1023e-09
0.00519481
6.23373e-10
0.00519481
1.07562e-09
0.00519481
1.44379e-10
0.00519481
-5.32294e-10
0.00519481
-1.56512e-09
0.00519481
-1.15293e-09
0.00519481
-1.92621e-09
0.00519481
-1.93971e-09
0.00519481
-2.50647e-09
0.00519481
-1.69828e-09
0.00519481
-1.71057e-09
0.00519481
-1.60633e-09
0.00519481
-1.84847e-09
0.00519481
-1.1805e-09
0.00519481
-1.18921e-09
0.00519481
-2.28672e-10
0.00519481
-1.58956e-10
0.00519481
2.1641e-12
0.00519481
-2.52908e-10
0.00519481
-4.62214e-10
0.00519481
-1.1339e-09
0.00519481
-5.68107e-10
0.00519481
-7.43608e-10
0.00519481
-7.75989e-10
0.00519481
-2.14214e-10
0.00519481
1.57019e-09
0.00519481
2.86669e-09
0.00519481
5.47087e-09
0.00519482
8.33643e-09
0.00519482
1.21917e-08
0.00519482
1.70432e-08
0.00519483
2.34365e-08
0.00519484
3.12945e-08
0.00519485
4.30417e-08
0.00519487
5.82216e-08
0.00519489
8.06261e-08
0.00519492
1.14805e-07
0.00519497
1.73993e-07
0.00519505
2.64731e-07
0.00519518
4.73974e-07
0.00519541
8.09202e-07
0.00519601
2.09377e-06
0.00519751
5.11536e-06
0.00520272
1.74127e-05
3.39189e-05
0.00510193
0.000199707
0.00516553
0.00012922
0.00518424
3.88118e-05
0.00518477
1.00895e-06
0.0051835
-2.68739e-06
0.00518392
8.01464e-07
0.00518504
2.31652e-06
0.00518642
2.86417e-06
0.00518766
2.58874e-06
0.00518876
2.30589e-06
0.0051897
1.94688e-06
0.0051905
1.68397e-06
0.00519119
1.45055e-06
0.00519177
1.24074e-06
0.00519228
1.0559e-06
0.00519271
9.03481e-07
0.00519308
7.75742e-07
0.0051934
6.62246e-07
0.00519366
5.62153e-07
0.00519388
4.70698e-07
0.00519407
3.91604e-07
0.00519422
3.21984e-07
0.00519435
2.62051e-07
0.00519445
2.10302e-07
0.00519453
1.68766e-07
0.00519459
1.33105e-07
0.00519464
1.04507e-07
0.00519468
8.003e-08
0.00519471
6.21832e-08
0.00519474
4.74904e-08
0.00519476
3.72718e-08
0.00519477
2.77962e-08
0.00519478
2.21666e-08
0.00519479
1.73172e-08
0.00519479
1.47351e-08
0.0051948
1.18249e-08
0.0051948
1.00519e-08
0.0051948
7.68521e-09
0.0051948
6.54261e-09
0.00519481
4.15774e-09
0.00519481
3.98228e-09
0.00519481
2.7871e-09
0.00519481
1.96871e-09
0.00519481
5.90521e-10
0.00519481
8.15819e-10
0.00519481
1.84967e-10
0.00519481
5.70989e-10
0.00519481
1.47549e-11
0.00519481
1.45027e-09
0.00519481
1.22398e-09
0.00519481
1.37115e-09
0.00519481
1.35824e-09
0.00519481
1.63193e-09
0.00519481
1.11579e-09
0.00519481
1.11017e-09
0.00519481
4.75979e-10
0.00519481
9.70531e-10
0.00519481
1.89904e-10
0.00519481
-4.28223e-10
0.00519481
-1.59962e-09
0.00519481
-1.23685e-09
0.00519481
-1.994e-09
0.00519481
-1.92236e-09
0.00519481
-2.4404e-09
0.00519481
-1.79272e-09
0.00519481
-1.72649e-09
0.00519481
-1.55614e-09
0.00519481
-1.90693e-09
0.00519481
-1.09933e-09
0.00519481
-1.10064e-09
0.00519481
-2.46249e-10
0.00519481
-2.14908e-10
0.00519481
-1.76501e-10
0.00519481
-4.54308e-10
0.00519481
-5.16346e-10
0.00519481
-1.28012e-09
0.00519481
-9.29013e-10
0.00519481
-9.77324e-10
0.00519481
-1.03524e-09
0.00519481
-7.77674e-10
0.00519481
8.4884e-10
0.00519481
1.8768e-09
0.00519481
3.93816e-09
0.00519482
6.04877e-09
0.00519482
8.9819e-09
0.00519482
1.24807e-08
0.00519483
1.70001e-08
0.00519484
2.2259e-08
0.00519485
3.02426e-08
0.00519487
4.04799e-08
0.0051949
5.52987e-08
0.00519493
7.83667e-08
0.00519499
1.18892e-07
0.00519507
1.80617e-07
0.00519522
3.24452e-07
0.00519547
5.5458e-07
0.00519614
1.43083e-06
0.00519777
3.4819e-06
0.00520336
1.18216e-05
2.29945e-05
0.00510027
9.94408e-05
0.00516468
6.48093e-05
0.00518395
1.95435e-05
0.00518446
4.98513e-07
0.00518313
-1.35746e-06
0.00518353
3.95389e-07
0.00518468
1.17114e-06
0.0051861
1.44188e-06
0.00518738
1.30846e-06
0.00518852
1.16794e-06
0.00518949
9.78302e-07
0.00519032
8.50838e-07
0.00519103
7.39378e-07
0.00519164
6.29418e-07
0.00519217
5.30775e-07
0.00519262
4.528e-07
0.00519301
3.90637e-07
0.00519333
3.34796e-07
0.00519361
2.85498e-07
0.00519384
2.38531e-07
0.00519403
1.98213e-07
0.00519419
1.62484e-07
0.00519432
1.31917e-07
0.00519443
1.04843e-07
0.00519451
8.39659e-08
0.00519458
6.57487e-08
0.00519463
5.15052e-08
0.00519468
3.85833e-08
0.00519471
2.98619e-08
0.00519473
2.26542e-08
0.00519475
1.84571e-08
0.00519477
1.36771e-08
0.00519478
1.15476e-08
0.00519479
9.4552e-09
0.00519479
8.84003e-09
0.0051948
7.45815e-09
0.0051948
6.63812e-09
0.0051948
5.22454e-09
0.0051948
4.93833e-09
0.00519481
2.90058e-09
0.00519481
2.72121e-09
0.00519481
1.99089e-09
0.00519481
1.5902e-09
0.00519481
3.13229e-10
0.00519481
4.29857e-10
0.00519481
2.12842e-11
0.00519481
8.14462e-10
0.00519481
1.74142e-10
0.00519481
1.41016e-09
0.00519481
1.41731e-09
0.00519481
1.29128e-09
0.00519481
1.1121e-09
0.00519481
1.37898e-09
0.00519481
9.87415e-10
0.00519481
1.14047e-09
0.00519481
3.83199e-10
0.00519481
7.88043e-10
0.00519481
1.93069e-10
0.00519481
-3.09153e-10
0.00519481
-1.57531e-09
0.00519481
-1.32786e-09
0.00519481
-2.04139e-09
0.00519481
-1.91901e-09
0.00519481
-2.31013e-09
0.00519481
-1.85201e-09
0.00519481
-1.76536e-09
0.00519481
-1.50158e-09
0.00519481
-1.93938e-09
0.00519481
-1.06287e-09
0.00519481
-9.87149e-10
0.00519481
-2.79357e-10
0.00519481
-2.74609e-10
0.00519481
-3.48121e-10
0.00519481
-6.7535e-10
0.00519481
-5.95054e-10
0.00519481
-1.35062e-09
0.00519481
-1.28552e-09
0.00519481
-1.28378e-09
0.00519481
-1.28322e-09
0.00519481
-1.30103e-09
0.00519481
5.78982e-11
0.00519481
8.36801e-10
0.00519481
2.34284e-09
0.00519482
3.64757e-09
0.00519482
5.58286e-09
0.00519482
7.70366e-09
0.00519483
1.02582e-08
0.00519484
1.28156e-08
0.00519485
1.68702e-08
0.00519487
2.19129e-08
0.0051949
2.88056e-08
0.00519494
4.00582e-08
0.005195
6.05298e-08
0.00519508
9.10264e-08
0.00519524
1.63922e-07
0.00519552
2.80966e-07
0.00519622
7.24909e-07
0.00519794
1.76165e-06
0.00520379
5.97425e-06
1.16114e-05
0.00509944
-2.69853e-09
0.00516426
-1.63535e-09
0.0051838
-3.013e-09
0.0051843
-1.38803e-09
0.00518294
2.95539e-09
0.00518334
-1.16397e-09
0.0051845
1.04231e-08
0.00518594
-6.2841e-10
0.00518724
7.76425e-09
0.0051884
1.13421e-08
0.00518939
-6.62862e-09
0.00519023
3.1872e-09
0.00519096
1.52808e-08
0.00519158
6.84313e-09
0.00519211
-4.26741e-09
0.00519257
-6.55747e-09
0.00519297
-2.04159e-09
0.0051933
7.91235e-10
0.00519358
3.06487e-09
0.00519382
1.42565e-09
0.00519402
6.99055e-10
0.00519418
-5.14813e-10
0.00519431
-1.19839e-09
0.00519442
-2.8955e-09
0.00519451
-2.69465e-09
0.00519458
-3.22272e-09
0.00519463
-2.86106e-09
0.00519467
-3.75779e-09
0.00519471
-3.15813e-09
0.00519473
-2.80005e-09
0.00519475
-8.96662e-10
0.00519477
-7.4165e-10
0.00519478
6.66815e-10
0.00519478
1.35896e-09
0.00519479
2.73947e-09
0.0051948
3.00228e-09
0.0051948
3.1102e-09
0.0051948
2.63435e-09
0.0051948
3.24304e-09
0.00519481
1.70446e-09
0.00519481
1.45363e-09
0.00519481
1.07894e-09
0.00519481
1.12005e-09
0.00519481
1.04614e-10
0.00519481
9.10918e-11
0.00519481
-1.90888e-10
0.00519481
1.01086e-09
0.00519481
4.23965e-10
0.00519481
1.3047e-09
0.00519481
1.5578e-09
0.00519481
1.24765e-09
0.00519481
8.82901e-10
0.00519481
1.08375e-09
0.00519481
8.06319e-10
0.00519481
1.16766e-09
0.00519481
3.64611e-10
0.00519481
5.76334e-10
0.00519481
1.41243e-10
0.00519481
-2.04616e-10
0.00519481
-1.49543e-09
0.00519481
-1.40396e-09
0.00519481
-2.06441e-09
0.00519481
-1.93041e-09
0.00519481
-2.1528e-09
0.00519481
-1.86058e-09
0.00519481
-1.81792e-09
0.00519481
-1.45076e-09
0.00519481
-1.934e-09
0.00519481
-1.06527e-09
0.00519481
-8.64657e-10
0.00519481
-3.24411e-10
0.00519481
-3.4984e-10
0.00519481
-4.9697e-10
0.00519481
-8.946e-10
0.00519481
-7.13634e-10
0.00519481
-1.37082e-09
0.00519481
-1.58985e-09
0.00519481
-1.64247e-09
0.00519481
-1.54353e-09
0.00519481
-1.76536e-09
0.00519481
-7.69009e-10
0.00519481
-2.45188e-10
0.00519481
7.16091e-10
0.00519482
1.19435e-09
0.00519482
2.07812e-09
0.00519482
2.80624e-09
0.00519483
3.36387e-09
0.00519484
3.16474e-09
0.00519485
3.20488e-09
0.00519487
2.91459e-09
0.0051949
1.73327e-09
0.00519494
8.08871e-10
0.005195
4.74308e-10
0.00519509
-1.32745e-09
0.00519526
-2.17814e-09
0.00519554
-2.33645e-09
0.00519627
-2.74057e-09
0.00519803
-2.3709e-09
0.00520401
-1.60526e-09
-1.32863e-09
0.00509944
-9.94461e-05
0.00516426
-6.48126e-05
0.0051838
-1.95495e-05
0.0051843
-5.01243e-07
0.00518294
1.36322e-06
0.00518334
-3.97641e-07
0.0051845
-1.15044e-06
0.00518594
-1.44314e-06
0.00518724
-1.29293e-06
0.0051884
-1.14544e-06
0.00518939
-9.91526e-07
0.00519023
-8.44488e-07
0.00519096
-7.0901e-07
0.00519158
-6.15769e-07
0.00519211
-5.39296e-07
0.00519257
-4.65897e-07
0.00519297
-3.94699e-07
0.0051933
-3.33216e-07
0.00519358
-2.7941e-07
0.00519382
-2.35763e-07
0.00519402
-1.96829e-07
0.00519418
-1.63507e-07
0.00519431
-1.34377e-07
0.00519442
-1.10627e-07
0.00519451
-8.92452e-08
0.00519458
-7.21509e-08
0.00519463
-5.73414e-08
0.00519467
-4.60759e-08
0.00519471
-3.60313e-08
0.00519473
-2.82076e-08
0.00519475
-2.0308e-08
0.00519477
-1.51359e-08
0.00519478
-1.01639e-08
0.00519478
-6.75644e-09
0.00519479
-3.41679e-09
0.0051948
-1.42344e-09
0.0051948
-3.61724e-10
0.0051948
-1.29436e-11
0.0051948
1.45382e-09
0.0051948
5.57735e-10
0.00519481
2.86944e-10
0.00519481
1.12318e-10
0.00519481
5.34972e-10
0.00519481
-7.61505e-11
0.00519481
-1.35296e-10
0.00519481
-4.14943e-10
0.00519481
1.12033e-09
0.00519481
7.42763e-10
0.00519481
1.18333e-09
0.00519481
1.6021e-09
0.00519481
1.22948e-09
0.00519481
6.87259e-10
0.00519481
7.86248e-10
0.00519481
5.70155e-10
0.00519481
1.16116e-09
0.00519481
4.1329e-10
0.00519481
3.87391e-10
0.00519481
3.88004e-11
0.00519481
-1.37093e-10
0.00519481
-1.37737e-09
0.00519481
-1.44181e-09
0.00519481
-2.05673e-09
0.00519481
-1.9482e-09
0.00519481
-2.00515e-09
0.00519481
-1.81313e-09
0.00519481
-1.86834e-09
0.00519481
-1.4055e-09
0.00519481
-1.88345e-09
0.00519481
-1.09086e-09
0.00519481
-7.49113e-10
0.00519481
-3.71782e-10
0.00519481
-4.53758e-10
0.00519481
-6.17706e-10
0.00519481
-1.08926e-09
0.00519481
-8.76168e-10
0.00519481
-1.37958e-09
0.00519481
-1.81326e-09
0.00519481
-2.01618e-09
0.00519481
-1.83342e-09
0.00519481
-2.16879e-09
0.00519481
-1.59364e-09
0.00519481
-1.35667e-09
0.00519481
-9.10694e-10
0.00519482
-1.25157e-09
0.00519482
-1.44031e-09
0.00519482
-2.11457e-09
0.00519483
-3.53817e-09
0.00519484
-6.48759e-09
0.00519485
-1.047e-08
0.00519487
-1.61191e-08
0.0051949
-2.53173e-08
0.00519494
-3.84259e-08
0.005195
-5.96479e-08
0.00519509
-9.3647e-08
0.00519526
-1.68224e-07
0.00519554
-2.85687e-07
0.00519627
-7.30364e-07
0.00519803
-1.76634e-06
0.00520401
-5.97748e-06
-1.1614e-05
0.00510027
-0.000199711
0.00516468
-0.000129224
0.00518395
-3.88179e-05
0.00518446
-1.01154e-06
0.00518313
2.69271e-06
0.00518353
-8.03526e-07
0.00518468
-2.29624e-06
0.0051861
-2.86544e-06
0.00518738
-2.57329e-06
0.00518852
-2.28391e-06
0.00518949
-1.95999e-06
0.00519032
-1.67771e-06
0.00519103
-1.42073e-06
0.00519165
-1.22719e-06
0.00519217
-1.06437e-06
0.00519262
-9.16513e-07
0.00519301
-7.79716e-07
0.00519333
-6.60668e-07
0.00519361
-5.56196e-07
0.00519384
-4.6811e-07
0.00519404
-3.90245e-07
0.00519419
-3.23003e-07
0.00519432
-2.6466e-07
0.00519443
-2.16004e-07
0.00519451
-1.73766e-07
0.00519458
-1.39393e-07
0.00519463
-1.10618e-07
0.00519468
-8.74656e-08
0.00519471
-6.7981e-08
0.00519473
-5.28931e-08
0.00519475
-3.92704e-08
0.00519477
-2.92075e-08
0.00519478
-2.06809e-08
0.00519479
-1.46595e-08
0.00519479
-9.47019e-09
0.0051948
-5.74392e-09
0.0051948
-3.63336e-09
0.0051948
-2.61134e-09
0.0051948
-4.18686e-10
0.00519481
-5.82054e-10
0.00519481
-7.26075e-10
0.00519481
-8.26282e-10
0.00519481
-1.5674e-10
0.00519481
-2.95911e-10
0.00519481
-2.28385e-10
0.00519481
-5.95924e-10
0.00519481
1.11728e-09
0.00519481
1.0816e-09
0.00519481
1.10171e-09
0.00519481
1.53763e-09
0.00519481
1.21183e-09
0.00519481
5.30219e-10
0.00519481
5.21809e-10
0.00519481
2.9836e-10
0.00519481
1.09266e-09
0.00519481
4.98164e-10
0.00519481
2.57376e-10
0.00519481
-9.45838e-11
0.00519481
-1.16291e-10
0.00519481
-1.24375e-09
0.00519481
-1.43155e-09
0.00519481
-2.00909e-09
0.00519481
-1.95775e-09
0.00519481
-1.89236e-09
0.00519481
-1.72e-09
0.00519481
-1.9002e-09
0.00519481
-1.36647e-09
0.00519481
-1.78778e-09
0.00519481
-1.12365e-09
0.00519481
-6.56317e-10
0.00519481
-4.09933e-10
0.00519481
-5.9172e-10
0.00519481
-7.18465e-10
0.00519481
-1.23615e-09
0.00519481
-1.0701e-09
0.00519481
-1.41164e-09
0.00519481
-1.94914e-09
0.00519481
-2.35978e-09
0.00519481
-2.15691e-09
0.00519481
-2.52208e-09
0.00519481
-2.38022e-09
0.00519481
-2.4793e-09
0.00519481
-2.50825e-09
0.00519482
-3.63536e-09
0.00519482
-4.88526e-09
0.00519482
-6.95804e-09
0.00519483
-1.0315e-08
0.00519484
-1.59404e-08
0.00519485
-2.38682e-08
0.00519487
-3.47952e-08
0.0051949
-5.17505e-08
0.00519494
-7.66869e-08
0.005195
-1.18203e-07
0.00519508
-1.83136e-07
0.00519524
-3.28612e-07
0.00519552
-5.59422e-07
0.00519622
-1.4362e-06
0.00519794
-3.48648e-06
0.00520379
-1.18249e-05
-2.29971e-05
0.00510193
-0.000301638
0.00516553
-0.000192821
0.00518424
-5.75281e-05
0.00518477
-1.54291e-06
0.0051835
3.96202e-06
0.00518392
-1.22726e-06
0.00518504
-3.41137e-06
0.00518642
-4.24703e-06
0.00518766
-3.81293e-06
0.00518876
-3.3855e-06
0.0051897
-2.89561e-06
0.0051905
-2.48203e-06
0.00519119
-2.10717e-06
0.00519178
-1.81622e-06
0.00519228
-1.56963e-06
0.00519271
-1.34976e-06
0.00519308
-1.14954e-06
0.0051934
-9.75035e-07
0.00519366
-8.21635e-07
0.00519389
-6.90715e-07
0.00519407
-5.75438e-07
0.00519422
-4.75571e-07
0.00519435
-3.89135e-07
0.00519445
-3.16637e-07
0.00519453
-2.54383e-07
0.00519459
-2.03383e-07
0.00519464
-1.6135e-07
0.00519468
-1.26988e-07
0.00519471
-9.8315e-08
0.00519474
-7.62165e-08
0.00519475
-5.72611e-08
0.00519477
-4.26463e-08
0.00519478
-3.06731e-08
0.00519479
-2.21292e-08
0.00519479
-1.52443e-08
0.0051948
-9.90318e-09
0.0051948
-6.61995e-09
0.0051948
-5.03311e-09
0.0051948
-2.32817e-09
0.00519481
-1.75495e-09
0.00519481
-1.59365e-09
0.00519481
-1.6561e-09
0.00519481
-9.02217e-10
0.00519481
-6.11414e-10
0.00519481
-2.28769e-10
0.00519481
-6.84009e-10
0.00519481
1.00525e-09
0.00519481
1.37809e-09
0.00519481
1.09457e-09
0.00519481
1.38711e-09
0.00519481
1.16556e-09
0.00519481
4.08526e-10
0.00519481
3.11672e-10
0.00519481
2.89784e-11
0.00519481
9.492e-10
0.00519481
5.76981e-10
0.00519481
1.98746e-10
0.00519481
-2.29333e-10
0.00519481
-1.37668e-10
0.00519481
-1.11242e-09
0.00519481
-1.3814e-09
0.00519481
-1.91467e-09
0.00519481
-1.94131e-09
0.00519481
-1.8215e-09
0.00519481
-1.60329e-09
0.00519481
-1.90224e-09
0.00519481
-1.33575e-09
0.00519481
-1.65471e-09
0.00519481
-1.15203e-09
0.00519481
-6.00512e-10
0.00519481
-4.30988e-10
0.00519481
-7.53256e-10
0.00519481
-8.15777e-10
0.00519481
-1.31687e-09
0.00519481
-1.26451e-09
0.00519481
-1.48467e-09
0.00519481
-2.01018e-09
0.00519481
-2.63201e-09
0.00519481
-2.50284e-09
0.00519481
-2.84129e-09
0.00519481
-3.09819e-09
0.00519481
-3.58772e-09
0.00519481
-4.05126e-09
0.00519482
-5.90497e-09
0.00519482
-8.1809e-09
0.00519482
-1.16219e-08
0.00519483
-1.68391e-08
0.00519484
-2.50056e-08
0.00519485
-3.67044e-08
0.00519487
-5.27235e-08
0.0051949
-7.6996e-08
0.00519493
-1.13039e-07
0.00519499
-1.73601e-07
0.00519507
-2.67093e-07
0.00519522
-4.77948e-07
0.00519547
-8.14183e-07
0.00519614
-2.099e-06
0.00519777
-5.1198e-06
0.00520336
-1.74161e-05
-3.39214e-05
0.00510446
-0.000406102
0.00516681
-0.000255164
0.00518467
-7.53961e-05
0.00518524
-2.1061e-06
0.00518406
5.14417e-06
0.00518451
-1.67518e-06
0.00518557
-4.47955e-06
0.00518689
-5.56696e-06
0.00518807
-4.99136e-06
0.00518912
-4.43162e-06
0.00519001
-3.78198e-06
0.00519077
-3.24305e-06
0.00519141
-2.75568e-06
0.00519197
-2.37181e-06
0.00519245
-2.04537e-06
0.00519285
-1.75716e-06
0.0051932
-1.49677e-06
0.00519349
-1.26988e-06
0.00519374
-1.07022e-06
0.00519395
-8.98806e-07
0.00519412
-7.48387e-07
0.00519427
-6.1787e-07
0.00519438
-5.05017e-07
0.00519448
-4.10175e-07
0.00519455
-3.29265e-07
0.00519461
-2.62666e-07
0.00519466
-2.08237e-07
0.00519469
-1.63652e-07
0.00519472
-1.26385e-07
0.00519474
-9.76061e-08
0.00519476
-7.37614e-08
0.00519477
-5.50974e-08
0.00519478
-3.99455e-08
0.00519479
-2.89744e-08
0.00519479
-2.05486e-08
0.0051948
-1.38263e-08
0.0051948
-9.29656e-09
0.0051948
-7.16177e-09
0.0051948
-4.18377e-09
0.00519481
-2.96825e-09
0.00519481
-2.35977e-09
0.00519481
-2.32341e-09
0.00519481
-1.61346e-09
0.00519481
-1.0351e-09
0.00519481
-2.16541e-10
0.00519481
-6.58559e-10
0.00519481
8.23431e-10
0.00519481
1.58162e-09
0.00519481
1.16165e-09
0.00519481
1.19481e-09
0.00519481
1.07066e-09
0.00519481
3.14425e-10
0.00519481
1.6204e-10
0.00519481
-1.95734e-10
0.00519481
7.42575e-10
0.00519481
6.12569e-10
0.00519481
2.02474e-10
0.00519481
-3.36395e-10
0.00519481
-1.85488e-10
0.00519481
-9.91897e-10
0.00519481
-1.31081e-09
0.00519481
-1.77651e-09
0.00519481
-1.88138e-09
0.00519481
-1.78189e-09
0.00519481
-1.4856e-09
0.00519481
-1.87014e-09
0.00519481
-1.31388e-09
0.00519481
-1.49609e-09
0.00519481
-1.16695e-09
0.00519481
-5.9051e-10
0.00519481
-4.34993e-10
0.00519481
-9.13315e-10
0.00519481
-9.24679e-10
0.00519481
-1.32776e-09
0.00519481
-1.41823e-09
0.00519481
-1.59543e-09
0.00519481
-2.02194e-09
0.00519481
-2.80614e-09
0.00519481
-2.8468e-09
0.00519481
-3.14193e-09
0.00519481
-3.72245e-09
0.00519481
-4.6472e-09
0.00519481
-5.51814e-09
0.00519482
-8.00975e-09
0.00519482
-1.12588e-08
0.00519482
-1.6007e-08
0.00519483
-2.29792e-08
0.00519484
-3.35085e-08
0.00519485
-4.87028e-08
0.00519487
-6.95152e-08
0.00519489
-1.0052e-07
0.00519492
-1.46603e-07
0.00519497
-2.24338e-07
0.00519505
-3.43002e-07
0.00519518
-6.11227e-07
0.00519541
-1.04123e-06
0.00519601
-2.69852e-06
0.00519751
-6.62491e-06
0.00520272
-2.26253e-05
-4.41591e-05
0.00510793
-0.000514034
0.00516853
-0.000315766
0.00518527
-9.21317e-05
0.00518588
-2.71183e-06
0.00518481
6.21575e-06
0.00518528
-2.15047e-06
0.00518628
-5.48346e-06
0.00518752
-6.80362e-06
0.00518862
-6.08787e-06
0.00518959
-5.40361e-06
0.00519041
-4.60278e-06
0.00519111
-3.94649e-06
0.00519171
-3.35384e-06
0.00519222
-2.88312e-06
0.00519266
-2.48212e-06
0.00519303
-2.13044e-06
0.00519335
-1.81425e-06
0.00519362
-1.53896e-06
0.00519385
-1.29666e-06
0.00519404
-1.08785e-06
0.00519419
-9.05223e-07
0.00519432
-7.46704e-07
0.00519443
-6.09686e-07
0.00519451
-4.94401e-07
0.00519458
-3.96637e-07
0.00519463
-3.15889e-07
0.00519467
-2.5009e-07
0.00519471
-1.96443e-07
0.00519473
-1.51536e-07
0.00519475
-1.16567e-07
0.00519476
-8.82953e-08
0.00519478
-6.61675e-08
0.00519478
-4.82757e-08
0.00519479
-3.50374e-08
0.0051948
-2.5198e-08
0.0051948
-1.73986e-08
0.0051948
-1.16684e-08
0.0051948
-8.92753e-09
0.0051948
-5.86486e-09
0.00519481
-4.18474e-09
0.00519481
-3.06821e-09
0.00519481
-2.81453e-09
0.00519481
-2.19371e-09
0.00519481
-1.52081e-09
0.00519481
-2.63363e-10
0.00519481
-5.34518e-10
0.00519481
6.35327e-10
0.00519481
1.67411e-09
0.00519481
1.27392e-09
0.00519481
1.00365e-09
0.00519481
9.24043e-10
0.00519481
2.37583e-10
0.00519481
6.83129e-11
0.00519481
-3.47973e-10
0.00519481
5.04728e-10
0.00519481
5.82837e-10
0.00519481
2.44971e-10
0.00519481
-3.99733e-10
0.00519481
-2.40417e-10
0.00519481
-8.82478e-10
0.00519481
-1.23743e-09
0.00519481
-1.61204e-09
0.00519481
-1.76478e-09
0.00519481
-1.75169e-09
0.00519481
-1.37836e-09
0.00519481
-1.80344e-09
0.00519481
-1.29616e-09
0.00519481
-1.32319e-09
0.00519481
-1.15863e-09
0.00519481
-6.26327e-10
0.00519481
-4.309e-10
0.00519481
-1.04402e-09
0.00519481
-1.04999e-09
0.00519481
-1.2871e-09
0.00519481
-1.49673e-09
0.00519481
-1.72484e-09
0.00519481
-2.01686e-09
0.00519481
-2.87851e-09
0.00519481
-3.15684e-09
0.00519481
-3.43595e-09
0.00519481
-4.23656e-09
0.00519481
-5.61293e-09
0.00519481
-6.88793e-09
0.00519481
-9.90453e-09
0.00519482
-1.40497e-08
0.00519482
-2.00217e-08
0.00519483
-2.85997e-08
0.00519483
-4.12814e-08
0.00519485
-5.96049e-08
0.00519486
-8.47883e-08
0.00519488
-1.21822e-07
0.00519491
-1.76585e-07
0.00519496
-2.69044e-07
0.00519502
-4.0862e-07
0.00519513
-7.24012e-07
0.00519533
-1.23274e-06
0.00519584
-3.21614e-06
0.00519718
-7.96277e-06
0.00520188
-2.73294e-05
-5.34839e-05
0.00511241
-0.000626444
0.00517073
-0.00037408
0.00518603
-0.000107436
0.00518669
-3.37012e-06
0.00518575
7.15792e-06
0.00518625
-2.65222e-06
0.00518717
-6.40447e-06
0.0051883
-7.93471e-06
0.00518929
-7.08144e-06
0.00519017
-6.28279e-06
0.00519091
-5.34173e-06
0.00519154
-4.57818e-06
0.00519208
-3.88941e-06
0.00519254
-3.33961e-06
0.00519292
-2.8707e-06
0.00519326
-2.46164e-06
0.00519354
-2.09513e-06
0.00519377
-1.7763e-06
0.00519397
-1.4959e-06
0.00519414
-1.2536e-06
0.00519428
-1.04231e-06
0.00519439
-8.59058e-07
0.00519448
-7.0071e-07
0.00519455
-5.67307e-07
0.00519461
-4.54832e-07
0.00519466
-3.61799e-07
0.00519469
-2.85886e-07
0.00519472
-2.2442e-07
0.00519474
-1.73088e-07
0.00519476
-1.32676e-07
0.00519477
-1.00477e-07
0.00519478
-7.54797e-08
0.00519479
-5.54043e-08
0.00519479
-4.01877e-08
0.0051948
-2.90402e-08
0.0051948
-2.04758e-08
0.0051948
-1.37326e-08
0.0051948
-1.03218e-08
0.0051948
-7.25593e-09
0.00519481
-5.33079e-09
0.00519481
-3.73588e-09
0.00519481
-3.1515e-09
0.00519481
-2.57141e-09
0.00519481
-1.98212e-09
0.00519481
-3.95328e-10
0.00519481
-3.51242e-10
0.00519481
5.02894e-10
0.00519481
1.66732e-09
0.00519481
1.39172e-09
0.00519481
8.38278e-10
0.00519481
7.39985e-10
0.00519481
1.64897e-10
0.00519481
1.89674e-11
0.00519481
-4.25877e-10
0.00519481
2.7196e-10
0.00519481
4.82915e-10
0.00519481
2.96642e-10
0.00519481
-4.21417e-10
0.00519481
-2.87896e-10
0.00519481
-7.79827e-10
0.00519481
-1.16653e-09
0.00519481
-1.45019e-09
0.00519481
-1.59009e-09
0.00519481
-1.70736e-09
0.00519481
-1.27961e-09
0.00519481
-1.70357e-09
0.00519481
-1.27386e-09
0.00519481
-1.14597e-09
0.00519481
-1.11562e-09
0.00519481
-6.99252e-10
0.00519481
-4.33711e-10
0.00519481
-1.1278e-09
0.00519481
-1.18268e-09
0.00519481
-1.22976e-09
0.00519481
-1.48726e-09
0.00519481
-1.84643e-09
0.00519481
-2.02405e-09
0.00519481
-2.86957e-09
0.00519481
-3.40002e-09
0.00519481
-3.72807e-09
0.00519481
-4.639e-09
0.00519481
-6.43538e-09
0.00519481
-8.1342e-09
0.00519481
-1.15583e-08
0.00519482
-1.64814e-08
0.00519482
-2.35797e-08
0.00519482
-3.3568e-08
0.00519483
-4.81552e-08
0.00519484
-6.91737e-08
0.00519485
-9.81802e-08
0.00519487
-1.40433e-07
0.0051949
-2.02296e-07
0.00519493
-3.06526e-07
0.00519499
-4.62048e-07
0.00519508
-8.12606e-07
0.00519523
-1.38208e-06
0.00519564
-3.63531e-06
0.00519678
-9.09753e-06
0.00520086
-3.14095e-05
-6.16722e-05
0.005118
-0.000744447
0.0051734
-0.000429475
0.00518696
-0.000120999
0.00518768
-4.08916e-06
0.00518688
7.95734e-06
0.0051874
-3.17466e-06
0.00518822
-7.22243e-06
0.00518923
-8.93703e-06
0.00519009
-7.95068e-06
0.00519086
-7.05031e-06
0.0051915
-5.98265e-06
0.00519205
-5.12417e-06
0.00519251
-4.35042e-06
0.0051929
-3.73103e-06
0.00519323
-3.20226e-06
0.00519351
-2.74311e-06
0.00519375
-2.33287e-06
0.00519395
-1.97629e-06
0.00519412
-1.6632e-06
0.00519426
-1.39215e-06
0.00519437
-1.15632e-06
0.00519447
-9.52144e-07
0.00519454
-7.75847e-07
0.0051946
-6.2713e-07
0.00519465
-5.02353e-07
0.00519469
-3.99246e-07
0.00519472
-3.14784e-07
0.00519474
-2.4681e-07
0.00519475
-1.90394e-07
0.00519477
-1.45562e-07
0.00519478
-1.10041e-07
0.00519478
-8.27451e-08
0.00519479
-6.10693e-08
0.00519479
-4.43127e-08
0.0051948
-3.1977e-08
0.0051948
-2.29157e-08
0.0051948
-1.5456e-08
0.0051948
-1.13807e-08
0.0051948
-8.28306e-09
0.0051948
-6.3169e-09
0.00519481
-4.3449e-09
0.00519481
-3.38129e-09
0.00519481
-2.73084e-09
0.00519481
-2.33543e-09
0.00519481
-5.91469e-10
0.00519481
-1.59174e-10
0.00519481
4.57152e-10
0.00519481
1.58841e-09
0.00519481
1.48165e-09
0.00519481
7.01515e-10
0.00519481
5.45314e-10
0.00519481
8.69569e-11
0.00519481
-1.18348e-13
0.00519481
-4.49374e-10
0.00519481
6.99361e-11
0.00519481
3.23776e-10
0.00519481
3.3281e-10
0.00519481
-4.15009e-10
0.00519481
-3.23468e-10
0.00519481
-6.78258e-10
0.00519481
-1.08932e-09
0.00519481
-1.31977e-09
0.00519481
-1.37191e-09
0.00519481
-1.63366e-09
0.00519481
-1.18043e-09
0.00519481
-1.57438e-09
0.00519481
-1.23841e-09
0.00519481
-9.75575e-10
0.00519481
-1.02899e-09
0.00519481
-7.94467e-10
0.00519481
-4.58491e-10
0.00519481
-1.16295e-09
0.00519481
-1.30083e-09
0.00519481
-1.18984e-09
0.00519481
-1.40117e-09
0.00519481
-1.93112e-09
0.00519481
-2.05687e-09
0.00519481
-2.81669e-09
0.00519481
-3.55022e-09
0.00519481
-4.0079e-09
0.00519481
-4.94462e-09
0.00519481
-7.07283e-09
0.00519481
-9.21731e-09
0.00519481
-1.29561e-08
0.00519481
-1.84892e-08
0.00519482
-2.65942e-08
0.00519482
-3.77645e-08
0.00519483
-5.39601e-08
0.00519483
-7.71927e-08
0.00519484
-1.09364e-07
0.00519486
-1.55913e-07
0.00519488
-2.23159e-07
0.00519491
-3.35809e-07
0.00519495
-5.01778e-07
0.00519501
-8.74213e-07
0.00519511
-1.48411e-06
0.00519542
-3.94218e-06
0.00519632
-9.99734e-06
0.00519966
-3.47522e-05
-6.8504e-05
0.00512485
-0.000869298
0.00517659
-0.000481209
0.00518808
-0.000132495
0.00518887
-4.87344e-06
0.00518822
8.6067e-06
0.00518875
-3.7064e-06
0.00518944
-7.91549e-06
0.00519029
-9.78635e-06
0.00519101
-8.67376e-06
0.00519165
-7.68711e-06
0.00519218
-6.5094e-06
0.00519262
-5.57066e-06
0.005193
-4.72517e-06
0.00519331
-4.04743e-06
0.00519358
-3.46833e-06
0.0051938
-2.96759e-06
0.00519399
-2.52135e-06
0.00519415
-2.13377e-06
0.00519428
-1.79419e-06
0.00519439
-1.49994e-06
0.00519448
-1.24427e-06
0.00519455
-1.02345e-06
0.00519461
-8.3306e-07
0.00519465
-6.72336e-07
0.00519469
-5.37924e-07
0.00519472
-4.27202e-07
0.00519474
-3.36103e-07
0.00519475
-2.63056e-07
0.00519477
-2.02903e-07
0.00519478
-1.5489e-07
0.00519478
-1.16827e-07
0.00519479
-8.78008e-08
0.00519479
-6.50568e-08
0.00519479
-4.73101e-08
0.0051948
-3.39654e-08
0.0051948
-2.46086e-08
0.0051948
-1.67764e-08
0.0051948
-1.21532e-08
0.0051948
-8.92999e-09
0.0051948
-7.06612e-09
0.0051948
-4.85632e-09
0.0051948
-3.55614e-09
0.0051948
-2.71983e-09
0.0051948
-2.53658e-09
0.0051948
-8.08346e-10
0.0051948
-1.32761e-12
0.0051948
4.90064e-10
0.0051948
1.45364e-09
0.0051948
1.52522e-09
0.0051948
5.91307e-10
0.0051948
3.73823e-10
0.0051948
1.24021e-12
0.0051948
-4.10576e-12
0.0051948
-4.48228e-10
0.0051948
-8.82667e-11
0.0051948
1.28258e-10
0.0051948
3.431e-10
0.0051948
-3.93474e-10
0.0051948
-3.49276e-10
0.0051948
-5.7519e-10
0.0051948
-9.86006e-10
0.0051948
-1.23784e-09
0.0051948
-1.13974e-09
0.0051948
-1.5275e-09
0.0051948
-1.07722e-09
0.0051948
-1.42361e-09
0.0051948
-1.18944e-09
0.0051948
-8.2952e-10
0.0051948
-9.01804e-10
0.0051948
-8.96164e-10
0.0051948
-5.1655e-10
0.0051948
-1.15772e-09
0.0051948
-1.37768e-09
0.0051948
-1.18207e-09
0.0051948
-1.26643e-09
0.0051948
-1.95372e-09
0.0051948
-2.1028e-09
0.0051948
-2.75281e-09
0.0051948
-3.59264e-09
0.0051948
-4.24382e-09
0.0051948
-5.17467e-09
0.00519481
-7.50355e-09
0.00519481
-1.00855e-08
0.00519481
-1.40859e-08
0.00519481
-2.00259e-08
0.00519481
-2.89716e-08
0.00519481
-4.10859e-08
0.00519482
-5.85397e-08
0.00519482
-8.3464e-08
0.00519483
-1.1806e-07
0.00519484
-1.6786e-07
0.00519486
-2.38695e-07
0.00519488
-3.56177e-07
0.0051949
-5.26761e-07
0.00519494
-9.07068e-07
0.00519499
-1.53542e-06
0.00519517
-4.12614e-06
0.00519581
-1.06352e-05
0.00519831
-3.7251e-05
-7.37644e-05
0.00513313
-0.00100243
0.00518032
-0.000528395
0.0051894
-0.000141577
0.00519024
-5.72103e-06
0.00518975
9.10491e-06
0.00519027
-4.2298e-06
0.00519081
-8.4601e-06
0.00519149
-1.04572e-05
0.00519204
-9.22844e-06
0.00519253
-8.17384e-06
0.00519292
-6.90595e-06
0.00519326
-5.90412e-06
0.00519353
-5.0023e-06
0.00519377
-4.27928e-06
0.00519396
-3.6609e-06
0.00519412
-3.12829e-06
0.00519425
-2.65488e-06
0.00519436
-2.24404e-06
0.00519445
-1.88487e-06
0.00519453
-1.5737e-06
0.00519459
-1.30358e-06
0.00519463
-1.07082e-06
0.00519467
-8.70564e-07
0.0051947
-7.01597e-07
0.00519472
-5.60503e-07
0.00519474
-4.44789e-07
0.00519476
-3.49274e-07
0.00519477
-2.72777e-07
0.00519477
-2.10211e-07
0.00519478
-1.60345e-07
0.00519478
-1.20718e-07
0.00519478
-9.05856e-08
0.00519479
-6.72319e-08
0.00519479
-4.90802e-08
0.00519479
-3.5001e-08
0.00519479
-2.55016e-08
0.00519479
-1.76223e-08
0.00519479
-1.26635e-08
0.00519479
-9.22795e-09
0.00519479
-7.52392e-09
0.00519479
-5.2211e-09
0.00519479
-3.71207e-09
0.00519479
-2.62596e-09
0.00519479
-2.59804e-09
0.00519479
-1.00448e-09
0.00519479
8.95806e-11
0.00519479
5.60154e-10
0.00519479
1.27777e-09
0.00519479
1.51799e-09
0.00519479
5.03579e-10
0.00519479
2.51397e-10
0.00519479
-8.43318e-11
0.00519479
-7.94518e-12
0.00519479
-4.45309e-10
0.00519479
-1.97091e-10
0.00519479
-7.17182e-11
0.00519479
3.31409e-10
0.00519479
-3.63979e-10
0.00519479
-3.73562e-10
0.00519479
-4.74283e-10
0.00519479
-8.38754e-10
0.00519479
-1.19846e-09
0.00519479
-9.27452e-10
0.00519479
-1.39749e-09
0.00519479
-9.68225e-10
0.00519479
-1.25915e-09
0.00519479
-1.12455e-09
0.00519479
-7.20788e-10
0.00519479
-7.46638e-10
0.00519479
-9.82956e-10
0.00519479
-6.04843e-10
0.00519479
-1.12033e-09
0.00519479
-1.38578e-09
0.00519479
-1.19533e-09
0.00519479
-1.11148e-09
0.00519479
-1.89628e-09
0.00519479
-2.1271e-09
0.00519479
-2.69731e-09
0.00519479
-3.53396e-09
0.00519479
-4.39145e-09
0.00519479
-5.33737e-09
0.00519479
-7.7304e-09
0.00519479
-1.06787e-08
0.0051948
-1.49151e-08
0.0051948
-2.1066e-08
0.0051948
-3.06238e-08
0.0051948
-4.34366e-08
0.0051948
-6.17636e-08
0.00519481
-8.78136e-08
0.00519481
-1.24029e-07
0.00519482
-1.75927e-07
0.00519483
-2.48526e-07
0.00519484
-3.67194e-07
0.00519485
-5.36465e-07
0.00519485
-9.10538e-07
0.00519485
-1.53463e-06
0.00519491
-4.1804e-06
0.00519526
-1.09896e-05
0.00519682
-3.88093e-05
-7.72453e-05
0.00514306
-0.00114549
0.00518462
-0.000569955
0.00519092
-0.000147874
0.00519182
-6.61984e-06
0.00519146
9.45655e-06
0.00519195
-4.72056e-06
0.00519233
-8.83119e-06
0.00519279
-1.09226e-05
0.00519316
-9.59208e-06
0.00519347
-8.491e-06
0.00519372
-7.15642e-06
0.00519393
-6.1114e-06
0.0051941
-5.17089e-06
0.00519424
-4.41747e-06
0.00519435
-3.77253e-06
0.00519444
-3.21896e-06
0.00519451
-2.72829e-06
0.00519457
-2.30289e-06
0.00519462
-1.93175e-06
0.00519465
-1.61061e-06
0.00519468
-1.33206e-06
0.00519471
-1.0925e-06
0.00519472
-8.86893e-07
0.00519473
-7.13793e-07
0.00519474
-5.69281e-07
0.00519475
-4.51312e-07
0.00519475
-3.53805e-07
0.00519476
-2.75691e-07
0.00519476
-2.12071e-07
0.00519476
-1.61653e-07
0.00519476
-1.2159e-07
0.00519476
-9.10805e-08
0.00519476
-6.75399e-08
0.00519476
-4.95307e-08
0.00519476
-3.50988e-08
0.00519476
-2.55971e-08
0.00519476
-1.79342e-08
0.00519476
-1.29114e-08
0.00519476
-9.2326e-09
0.00519476
-7.67168e-09
0.00519476
-5.40086e-09
0.00519476
-3.84119e-09
0.00519476
-2.51316e-09
0.00519476
-2.54482e-09
0.00519476
-1.13454e-09
0.00519476
1.26396e-10
0.00519476
6.26226e-10
0.00519476
1.06074e-09
0.00519476
1.47012e-09
0.00519476
4.48581e-10
0.00519476
1.86631e-10
0.00519476
-1.61352e-10
0.00519476
-1.87366e-11
0.00519476
-4.50383e-10
0.00519476
-2.55773e-10
0.00519476
-2.50781e-10
0.00519476
3.07142e-10
0.00519476
-3.27073e-10
0.00519477
-3.99173e-10
0.00519477
-3.84563e-10
0.00519477
-6.39656e-10
0.00519477
-1.17449e-09
0.00519477
-7.62516e-10
0.00519477
-1.25616e-09
0.00519477
-8.58628e-10
0.00519477
-1.09406e-09
0.00519477
-1.05372e-09
0.00519477
-6.65051e-10
0.00519477
-5.92065e-10
0.00519477
-1.04219e-09
0.00519477
-7.12446e-10
0.00519477
-1.06278e-09
0.00519477
-1.31738e-09
0.00519476
-1.21148e-09
0.00519477
-9.71166e-10
0.00519476
-1.76763e-09
0.00519476
-2.08799e-09
0.00519476
-2.63914e-09
0.00519476
-3.39558e-09
0.00519476
-4.41501e-09
0.00519476
-5.42118e-09
0.00519476
-7.76832e-09
0.00519476
-1.09557e-08
0.00519476
-1.53899e-08
0.00519477
-2.15942e-08
0.00519477
-3.14816e-08
0.00519477
-4.47236e-08
0.00519477
-6.35244e-08
0.00519477
-9.00919e-08
0.00519477
-1.27064e-07
0.00519478
-1.79838e-07
0.00519478
-2.52373e-07
0.00519478
-3.68687e-07
0.00519478
-5.30924e-07
0.00519475
-8.8519e-07
0.0051947
-1.48255e-06
0.00519462
-4.10265e-06
0.00519468
-1.10456e-05
0.00519521
-3.93426e-05
-7.8748e-05
0.00515491
-0.0013004
0.00518952
-0.000604559
0.00519262
-0.000150982
0.00519354
-7.54264e-06
0.00519333
9.67022e-06
0.00519376
-5.14761e-06
0.00519393
-9.00258e-06
0.00519416
-1.11543e-05
0.00519431
-9.7418e-06
0.00519444
-8.61891e-06
0.00519453
-7.24515e-06
0.0051946
-6.17972e-06
0.00519465
-5.22057e-06
0.00519468
-4.4535e-06
0.00519471
-3.7964e-06
0.00519472
-3.23399e-06
0.00519473
-2.73699e-06
0.00519473
-2.30667e-06
0.00519473
-1.93189e-06
0.00519473
-1.60826e-06
0.00519473
-1.32791e-06
0.00519472
-1.08716e-06
0.00519472
-8.8098e-07
0.00519471
-7.0807e-07
0.00519471
-5.63693e-07
0.0051947
-4.46297e-07
0.0051947
-3.4932e-07
0.00519469
-2.71593e-07
0.00519469
-2.08386e-07
0.00519469
-1.58643e-07
0.00519468
-1.1931e-07
0.00519468
-8.92658e-08
0.00519468
-6.59948e-08
0.00519468
-4.86021e-08
0.00519468
-3.42721e-08
0.00519468
-2.49571e-08
0.00519468
-1.76803e-08
0.00519468
-1.28486e-08
0.00519468
-8.97649e-09
0.00519468
-7.48242e-09
0.00519468
-5.33948e-09
0.00519468
-3.89031e-09
0.00519468
-2.40354e-09
0.00519468
-2.40874e-09
0.00519468
-1.18514e-09
0.00519468
1.3855e-10
0.00519468
6.78278e-10
0.00519468
8.04512e-10
0.00519468
1.36792e-09
0.00519468
4.28531e-10
0.00519468
1.71671e-10
0.00519468
-2.24726e-10
0.00519468
-3.2374e-11
0.00519468
-4.54107e-10
0.00519468
-2.70488e-10
0.00519468
-3.95105e-10
0.00519468
2.74518e-10
0.00519468
-2.81038e-10
0.00519468
-4.28111e-10
0.00519468
-3.26477e-10
0.00519468
-4.09618e-10
0.00519468
-1.13445e-09
0.00519468
-6.5865e-10
0.00519468
-1.11532e-09
0.00519468
-7.4227e-10
0.00519468
-9.24968e-10
0.00519468
-9.57859e-10
0.00519468
-6.37447e-10
0.00519468
-4.30982e-10
0.00519468
-1.04258e-09
0.00519468
-8.05989e-10
0.00519468
-9.87823e-10
0.00519468
-1.16902e-09
0.00519468
-1.19192e-09
0.00519468
-8.46317e-10
0.00519468
-1.59206e-09
0.00519468
-1.97026e-09
0.00519468
-2.56455e-09
0.00519468
-3.21421e-09
0.00519468
-4.31023e-09
0.00519468
-5.39647e-09
0.00519468
-7.62356e-09
0.00519468
-1.08905e-08
0.00519468
-1.54459e-08
0.00519468
-2.15992e-08
0.00519468
-3.15147e-08
0.00519468
-4.48534e-08
0.00519468
-6.37188e-08
0.00519468
-9.01852e-08
0.00519468
-1.26991e-07
0.00519467
-1.79381e-07
0.00519467
-2.50077e-07
0.00519466
-3.60728e-07
0.00519464
-5.10736e-07
0.00519459
-8.32837e-07
0.00519449
-1.38235e-06
0.00519428
-3.89566e-06
0.00519403
-1.07952e-05
0.00519347
-3.87824e-05
-7.80861e-05
0.00516897
-0.00146937
0.00519495
-0.000630535
0.00519442
-0.000150449
0.00519532
-8.4411e-06
0.00519523
9.75517e-06
0.00519556
-5.47353e-06
0.0051955
-8.94756e-06
0.00519547
-1.11227e-05
0.00519538
-9.65441e-06
0.0051953
-8.53778e-06
0.00519521
-7.15671e-06
0.00519513
-6.09675e-06
0.00519505
-5.14155e-06
0.00519498
-4.37946e-06
0.00519491
-3.72629e-06
0.00519484
-3.16846e-06
0.00519478
-2.67707e-06
0.00519473
-2.25232e-06
0.00519468
-1.88298e-06
0.00519463
-1.56481e-06
0.0051946
-1.28978e-06
0.00519456
-1.0539e-06
0.00519453
-8.52225e-07
0.00519451
-6.83925e-07
0.00519449
-5.43459e-07
0.00519447
-4.29558e-07
0.00519446
-3.35637e-07
0.00519445
-2.60381e-07
0.00519444
-1.99215e-07
0.00519443
-1.51333e-07
0.00519443
-1.1382e-07
0.00519442
-8.51327e-08
0.00519442
-6.26705e-08
0.00519442
-4.62906e-08
0.00519442
-3.25408e-08
0.00519442
-2.36288e-08
0.00519441
-1.6856e-08
0.00519441
-1.24413e-08
0.00519441
-8.5203e-09
0.00519441
-7.01675e-09
0.00519441
-5.02187e-09
0.00519441
-3.8009e-09
0.00519441
-2.28266e-09
0.00519441
-2.18663e-09
0.00519441
-1.13374e-09
0.00519441
1.52913e-10
0.00519441
7.14623e-10
0.00519441
5.37512e-10
0.00519441
1.20099e-09
0.00519441
4.33147e-10
0.00519441
1.9647e-10
0.00519441
-2.69487e-10
0.00519441
-5.13918e-11
0.00519441
-4.47659e-10
0.00519441
-2.58502e-10
0.00519441
-4.98833e-10
0.00519441
2.34764e-10
0.00519441
-2.1335e-10
0.00519441
-4.44485e-10
0.00519441
-3.10288e-10
0.00519441
-1.8632e-10
0.00519441
-1.04753e-09
0.00519441
-6.03717e-10
0.00519441
-9.82968e-10
0.00519441
-6.26368e-10
0.00519441
-7.63702e-10
0.00519441
-8.48909e-10
0.00519441
-6.32113e-10
0.00519441
-2.8446e-10
0.00519441
-9.86331e-10
0.00519441
-8.80201e-10
0.00519441
-9.20581e-10
0.00519441
-9.78019e-10
0.00519441
-1.12895e-09
0.00519441
-7.54076e-10
0.00519441
-1.41287e-09
0.00519441
-1.79087e-09
0.00519441
-2.4492e-09
0.00519441
-3.00385e-09
0.00519441
-4.08643e-09
0.00519441
-5.22595e-09
0.00519441
-7.30856e-09
0.00519441
-1.05125e-08
0.00519441
-1.50483e-08
0.00519441
-2.10589e-08
0.00519441
-3.07142e-08
0.00519441
-4.37801e-08
0.00519441
-6.22426e-08
0.0051944
-8.80026e-08
0.0051944
-1.23691e-07
0.00519439
-1.74398e-07
0.00519439
-2.41586e-07
0.00519437
-3.43607e-07
0.00519433
-4.77025e-07
0.00519426
-7.56567e-07
0.00519412
-1.23961e-06
0.00519379
-3.56785e-06
0.00519323
-1.02385e-05
0.00519153
-3.70815e-05
-7.50912e-05
0.00518545
-0.00165482
0.00520065
-0.000645734
0.00519597
-0.000145771
0.00519677
-9.23902e-06
0.00519681
9.71519e-06
0.00519699
-5.65542e-06
0.00519668
-8.63962e-06
0.00519636
-1.07968e-05
0.00519601
-9.3066e-06
0.0051957
-8.22796e-06
0.00519542
-6.8761e-06
0.00519517
-5.85064e-06
0.00519495
-4.92473e-06
0.00519476
-4.18812e-06
0.00519459
-3.55661e-06
0.00519444
-3.0182e-06
0.00519431
-2.54539e-06
0.0051942
-2.1375e-06
0.0051941
-1.7834e-06
0.00519401
-1.47909e-06
0.00519394
-1.21678e-06
0.00519388
-9.9222e-07
0.00519382
-8.00482e-07
0.00519378
-6.41245e-07
0.00519375
-5.08617e-07
0.00519372
-4.01195e-07
0.0051937
-3.12847e-07
0.00519368
-2.4216e-07
0.00519366
-1.84789e-07
0.00519365
-1.39946e-07
0.00519365
-1.05208e-07
0.00519364
-7.87234e-08
0.00519363
-5.769e-08
0.00519363
-4.26613e-08
0.00519363
-2.9976e-08
0.00519363
-2.16148e-08
0.00519362
-1.55045e-08
0.00519362
-1.16245e-08
0.00519362
-7.86244e-09
0.00519362
-6.30742e-09
0.00519362
-4.49265e-09
0.00519362
-3.53679e-09
0.00519362
-2.14183e-09
0.00519362
-1.90651e-09
0.00519362
-1.00716e-09
0.00519362
1.78253e-10
0.00519362
7.32677e-10
0.00519362
2.98291e-10
0.00519362
9.68156e-10
0.00519362
4.48301e-10
0.00519362
2.51364e-10
0.00519362
-2.85743e-10
0.00519362
-8.65408e-11
0.00519362
-4.22432e-10
0.00519362
-2.37304e-10
0.00519362
-5.53595e-10
0.00519362
1.82817e-10
0.00519362
-1.1985e-10
0.00519362
-4.38214e-10
0.00519362
-3.36776e-10
0.00519362
-1.70021e-11
0.00519362
-9.02111e-10
0.00519362
-5.69313e-10
0.00519362
-8.55126e-10
0.00519362
-5.08549e-10
0.00519362
-5.9588e-10
0.00519362
-7.17316e-10
0.00519362
-6.19682e-10
0.00519362
-1.57807e-10
0.00519362
-8.67069e-10
0.00519362
-9.16683e-10
0.00519362
-8.55766e-10
0.00519362
-7.61553e-10
0.00519362
-9.95333e-10
0.00519362
-6.75296e-10
0.00519362
-1.25902e-09
0.00519362
-1.58944e-09
0.00519362
-2.27135e-09
0.00519362
-2.75173e-09
0.00519362
-3.74493e-09
0.00519362
-4.90561e-09
0.00519362
-6.80796e-09
0.00519362
-9.83665e-09
0.00519362
-1.41959e-08
0.00519362
-1.98697e-08
0.00519361
-2.90651e-08
0.00519361
-4.14846e-08
0.00519361
-5.90128e-08
0.0051936
-8.34799e-08
0.0051936
-1.17094e-07
0.00519359
-1.64776e-07
0.00519357
-2.2693e-07
0.00519355
-3.17829e-07
0.0051935
-4.31397e-07
0.0051934
-6.60746e-07
0.00519323
-1.06255e-06
0.00519279
-3.13394e-06
0.00519194
-9.38406e-06
0.00518908
-3.42216e-05
-6.96226e-05
0.00520407
-0.00185889
0.00520563
-0.00064729
0.00519623
-0.000136376
0.00519682
-9.82682e-06
0.00519699
9.53866e-06
0.00519699
-5.64707e-06
0.0051964
-8.054e-06
0.00519575
-1.0145e-05
0.00519512
-8.67568e-06
0.00519456
-7.67046e-06
0.00519407
-6.38918e-06
0.00519365
-5.43025e-06
0.00519329
-4.5618e-06
0.00519297
-3.87316e-06
0.0051927
-3.28271e-06
0.00519246
-2.77989e-06
0.00519226
-2.33961e-06
0.00519208
-1.9606e-06
0.00519193
-1.63224e-06
0.0051918
-1.35063e-06
0.00519169
-1.1087e-06
0.0051916
-9.02141e-07
0.00519153
-7.26052e-07
0.00519147
-5.8036e-07
0.00519142
-4.59557e-07
0.00519138
-3.61673e-07
0.00519135
-2.81309e-07
0.00519132
-2.17195e-07
0.0051913
-1.65441e-07
0.00519129
-1.24847e-07
0.00519128
-9.37208e-08
0.00519127
-7.0172e-08
0.00519126
-5.12501e-08
0.00519126
-3.77626e-08
0.00519125
-2.65931e-08
0.00519125
-1.90442e-08
0.00519125
-1.37108e-08
0.00519125
-1.04281e-08
0.00519125
-7.05244e-09
0.00519125
-5.46463e-09
0.00519125
-3.8473e-09
0.00519125
-3.11325e-09
0.00519125
-1.97081e-09
0.00519125
-1.59746e-09
0.00519124
-8.58851e-10
0.00519124
1.95283e-10
0.00519124
7.32301e-10
0.00519124
1.34217e-10
0.00519124
7.00084e-10
0.00519125
4.57611e-10
0.00519125
3.13807e-10
0.00519125
-2.63947e-10
0.00519125
-1.40591e-10
0.00519125
-3.76102e-10
0.00519125
-2.09044e-10
0.00519125
-5.50066e-10
0.00519125
1.1666e-10
0.00519125
-6.5195e-12
0.00519125
-3.97268e-10
0.00519125
-3.84827e-10
0.00519125
7.40091e-11
0.00519125
-7.07542e-10
0.00519125
-5.27922e-10
0.00519125
-7.23994e-10
0.00519125
-4.04554e-10
0.00519125
-4.24344e-10
0.00519125
-5.73838e-10
0.00519125
-5.96876e-10
0.00519125
-7.52139e-11
0.00519125
-6.89221e-10
0.00519125
-8.91396e-10
0.00519125
-7.7166e-10
0.00519125
-5.45212e-10
0.00519125
-7.92728e-10
0.00519125
-5.80389e-10
0.00519125
-1.11582e-09
0.00519125
-1.37804e-09
0.00519125
-2.00406e-09
0.00519124
-2.43156e-09
0.00519124
-3.28766e-09
0.00519124
-4.44675e-09
0.00519124
-6.13008e-09
0.00519124
-8.87696e-09
0.00519124
-1.29055e-08
0.00519124
-1.80851e-08
0.00519124
-2.65445e-08
0.00519123
-3.78742e-08
0.00519123
-5.40073e-08
0.00519122
-7.65523e-08
0.00519121
-1.07172e-07
0.0051912
-1.50458e-07
0.00519117
-2.06176e-07
0.00519114
-2.8406e-07
0.00519108
-3.75877e-07
0.00519097
-5.50877e-07
0.00519077
-8.62092e-07
0.00519026
-2.61602e-06
0.00518912
-8.25076e-06
0.00518513
-3.02254e-05
-6.15851e-05
0.00522276
-0.00208165
0.00520674
-0.000631265
0.00519201
-0.00012165
0.00519224
-1.00581e-05
0.0051926
9.18347e-06
0.00519235
-5.40285e-06
0.00519147
-7.17071e-06
0.00519046
-9.1366e-06
0.00518953
-7.74157e-06
0.0051887
-6.84823e-06
0.005188
-5.68383e-06
0.00518739
-4.82605e-06
0.00518688
-4.04597e-06
0.00518644
-3.42971e-06
0.00518605
-2.9014e-06
0.00518573
-2.45125e-06
0.00518544
-2.05842e-06
0.0051852
-1.72101e-06
0.005185
-1.42945e-06
0.00518483
-1.17985e-06
0.00518469
-9.66097e-07
0.00518457
-7.84251e-07
0.00518448
-6.2961e-07
0.0051844
-5.01939e-07
0.00518434
-3.96818e-07
0.00518429
-3.1154e-07
0.00518425
-2.4158e-07
0.00518422
-1.85967e-07
0.00518419
-1.41546e-07
0.00518417
-1.06431e-07
0.00518416
-7.96626e-08
0.00518415
-5.96604e-08
0.00518414
-4.34855e-08
0.00518413
-3.19093e-08
0.00518413
-2.2492e-08
0.00518413
-1.60101e-08
0.00518413
-1.15537e-08
0.00518412
-8.88112e-09
0.00518412
-6.08588e-09
0.00518412
-4.55641e-09
0.00518412
-3.15285e-09
0.00518412
-2.56426e-09
0.00518412
-1.7345e-09
0.00518412
-1.28996e-09
0.00518412
-7.31142e-10
0.00518412
1.78274e-10
0.00518412
7.2407e-10
0.00518412
6.56179e-11
0.00518412
4.27316e-10
0.00518412
4.372e-10
0.00518412
3.52763e-10
0.00518412
-2.07761e-10
0.00518412
-1.86402e-10
0.00518412
-3.11926e-10
0.00518412
-1.66474e-10
0.00518412
-4.99661e-10
0.00518412
3.43655e-11
0.00518412
1.05734e-10
0.00518412
-3.15784e-10
0.00518412
-4.22045e-10
0.00518412
9.74143e-11
0.00518412
-4.90307e-10
0.00518412
-4.70707e-10
0.00518412
-5.90998e-10
0.00518412
-3.20475e-10
0.00518412
-2.68512e-10
0.00518412
-4.17645e-10
0.00518412
-5.57138e-10
0.00518412
-4.91841e-11
0.00518412
-4.70371e-10
0.00518412
-7.81543e-10
0.00518412
-6.56828e-10
0.00518412
-3.58894e-10
0.00518412
-5.59527e-10
0.00518412
-4.43794e-10
0.00518412
-9.49115e-10
0.00518412
-1.14627e-09
0.00518412
-1.65767e-09
0.00518412
-2.05563e-09
0.00518412
-2.73496e-09
0.00518412
-3.83451e-09
0.00518412
-5.2768e-09
0.00518411
-7.637e-09
0.00518411
-1.12024e-08
0.00518411
-1.57125e-08
0.00518411
-2.30927e-08
0.0051841
-3.30883e-08
0.0051841
-4.7239e-08
0.00518409
-6.7157e-08
0.00518407
-9.39058e-08
0.00518405
-1.31461e-07
0.00518403
-1.79424e-07
0.00518398
-2.43012e-07
0.00518392
-3.12645e-07
0.0051838
-4.33218e-07
0.00518359
-6.51292e-07
0.00518302
-2.04535e-06
0.00518164
-6.87131e-06
0.0051766
-2.51801e-05
-5.09517e-05
0.00523351
-0.00231516
0.00519441
-0.000592165
0.00517374
-0.000100985
0.00517342
-9.73919e-06
0.00517405
8.55475e-06
0.00517353
-4.88128e-06
0.00517234
-5.98077e-06
0.00517095
-7.74772e-06
0.0051697
-6.49158e-06
0.0051686
-5.74979e-06
0.00516767
-4.75297e-06
0.00516688
-4.03269e-06
0.0051662
-3.37379e-06
0.00516563
-2.85548e-06
0.00516514
-2.4116e-06
0.00516472
-2.03181e-06
0.00516436
-1.70228e-06
0.00516406
-1.41977e-06
0.00516381
-1.17633e-06
0.0051636
-9.68377e-07
0.00516342
-7.90728e-07
0.00516328
-6.40244e-07
0.00516316
-5.12733e-07
0.00516307
-4.07628e-07
0.00516299
-3.21348e-07
0.00516294
-2.51566e-07
0.00516289
-1.94581e-07
0.00516285
-1.49229e-07
0.00516282
-1.13575e-07
0.0051628
-8.51469e-08
0.00516279
-6.34215e-08
0.00516277
-4.74873e-08
0.00516277
-3.45591e-08
0.00516276
-2.52512e-08
0.00516275
-1.7846e-08
0.00516275
-1.25958e-08
0.00516275
-9.0743e-09
0.00516275
-7.0242e-09
0.00516274
-4.91722e-09
0.00516274
-3.58858e-09
0.00516274
-2.42231e-09
0.00516274
-1.94506e-09
0.00516274
-1.38475e-09
0.00516274
-9.6472e-10
0.00516274
-6.20768e-10
0.00516274
9.40823e-11
0.00516274
7.04345e-10
0.00516274
8.19077e-11
0.00516274
1.71899e-10
0.00516274
3.59645e-10
0.00516274
3.59388e-10
0.00516274
-1.37445e-10
0.00516274
-1.91091e-10
0.00516274
-2.45591e-10
0.00516274
-1.07329e-10
0.00516274
-4.30135e-10
0.00516274
-5.84453e-11
0.00516274
1.94665e-10
0.00516274
-1.89233e-10
0.00516274
-4.39347e-10
0.00516274
7.28523e-11
0.00516274
-2.76539e-10
0.00516274
-3.80783e-10
0.00516274
-4.64469e-10
0.00516274
-2.5466e-10
0.00516274
-1.55999e-10
0.00516274
-2.51001e-10
0.00516274
-4.87109e-10
0.00516274
-6.54581e-11
0.00516274
-2.63668e-10
0.00516274
-6.15042e-10
0.00516274
-5.26699e-10
0.00516274
-2.18672e-10
0.00516274
-3.66364e-10
0.00516274
-2.90138e-10
0.00516274
-7.63332e-10
0.00516274
-9.01702e-10
0.00516274
-1.26949e-09
0.00516274
-1.63592e-09
0.00516274
-2.13463e-09
0.00516274
-3.07722e-09
0.00516274
-4.24581e-09
0.00516274
-6.12756e-09
0.00516273
-9.11976e-09
0.00516273
-1.28197e-08
0.00516273
-1.88487e-08
0.00516272
-2.71252e-08
0.00516271
-3.87784e-08
0.0051627
-5.53295e-08
0.00516268
-7.7352e-08
0.00516266
-1.07934e-07
0.00516263
-1.46873e-07
0.00516258
-1.95571e-07
0.00516251
-2.43459e-07
0.00516239
-3.14504e-07
0.00516218
-4.43801e-07
0.0051616
-1.46098e-06
0.00516003
-5.30401e-06
0.00515415
-1.92956e-05
-3.782e-05
0.00521017
-0.00252533
0.00513985
-0.000521842
0.00511275
-7.38939e-05
0.00511161
-8.60071e-06
0.0051127
7.47187e-06
0.00511186
-4.04187e-06
0.00511038
-4.49954e-06
0.00510861
-5.97692e-06
0.00510704
-4.9307e-06
0.00510567
-4.37994e-06
0.00510452
-3.60224e-06
0.00510355
-3.05586e-06
0.00510272
-2.55063e-06
0.00510202
-2.15546e-06
0.00510143
-1.81536e-06
0.00510092
-1.52661e-06
0.00510049
-1.27589e-06
0.00510014
-1.06141e-06
0.00509984
-8.77016e-07
0.00509959
-7.19989e-07
0.00509938
-5.86093e-07
0.00509922
-4.73181e-07
0.00509908
-3.77924e-07
0.00509898
-2.99513e-07
0.00509889
-2.35351e-07
0.00509882
-1.8372e-07
0.00509877
-1.41687e-07
0.00509873
-1.08144e-07
0.0050987
-8.23451e-08
0.00509868
-6.16289e-08
0.00509866
-4.55327e-08
0.00509864
-3.40709e-08
0.00509863
-2.4763e-08
0.00509863
-1.80458e-08
0.00509862
-1.28114e-08
0.00509862
-8.94336e-09
0.00509862
-6.35624e-09
0.00509861
-4.90959e-09
0.00509861
-3.54209e-09
0.00509861
-2.58111e-09
0.00509861
-1.66075e-09
0.00509861
-1.29517e-09
0.00509861
-9.19314e-10
0.00509861
-5.91237e-10
0.00509861
-4.85178e-10
0.00509861
-7.51552e-11
0.00509861
6.43179e-10
0.00509861
1.73223e-10
0.00509861
-4.25038e-11
0.00509861
2.14843e-10
0.00509861
3.34942e-10
0.00509861
-6.99981e-11
0.00509861
-1.50639e-10
0.00509861
-1.78212e-10
0.00509861
-2.65267e-11
0.00509861
-3.53855e-10
0.00509861
-1.77915e-10
0.00509861
2.30266e-10
0.00509861
-1.65116e-11
0.00509861
-4.29907e-10
0.00509861
1.80587e-11
0.00509861
-7.5081e-11
0.00509861
-2.67077e-10
0.00509861
-3.63613e-10
0.00509861
-1.94824e-10
0.00509861
-9.63918e-11
0.00509861
-9.21863e-11
0.00509861
-3.77834e-10
0.00509861
-9.91543e-11
0.00509861
-1.03537e-10
0.00509861
-4.23618e-10
0.00509861
-4.016e-10
0.00509861
-1.38442e-10
0.00509861
-2.48806e-10
0.00509861
-1.44916e-10
0.00509861
-5.7648e-10
0.00509861
-6.57965e-10
0.00509861
-8.66571e-10
0.00509861
-1.18092e-09
0.00509861
-1.53935e-09
0.00509861
-2.21588e-09
0.0050986
-3.06262e-09
0.0050986
-4.42437e-09
0.0050986
-6.71227e-09
0.0050986
-9.45307e-09
0.00509859
-1.39195e-08
0.00509858
-2.01023e-08
0.00509857
-2.8797e-08
0.00509856
-4.12824e-08
0.00509854
-5.7751e-08
0.00509851
-8.02845e-08
0.00509847
-1.09054e-07
0.00509842
-1.42855e-07
0.00509835
-1.71668e-07
0.00509824
-2.02662e-07
0.00509805
-2.58408e-07
0.00509748
-8.93014e-07
0.00509583
-3.65017e-06
0.00508956
-1.30305e-05
-2.27434e-05
0.00507231
-0.00259764
0.00495575
-0.000405279
0.00492305
-4.11982e-05
0.00492078
-6.32719e-06
0.00492259
5.65822e-06
0.00492142
-2.8701e-06
0.00491972
-2.80147e-06
0.00491761
-3.86501e-06
0.00491579
-3.1184e-06
0.0049142
-2.78412e-06
0.00491287
-2.27445e-06
0.00491174
-1.93029e-06
0.0049108
-1.60663e-06
0.00491
-1.35589e-06
0.00490932
-1.13869e-06
0.00490875
-9.55127e-07
0.00490827
-7.96338e-07
0.00490787
-6.607e-07
0.00490754
-5.44156e-07
0.00490726
-4.45405e-07
0.00490704
-3.613e-07
0.00490686
-2.9081e-07
0.00490671
-2.31628e-07
0.0049066
-1.82938e-07
0.0049065
-1.43134e-07
0.00490643
-1.1139e-07
0.00490638
-8.56321e-08
0.00490633
-6.49698e-08
0.0049063
-4.95081e-08
0.00490628
-3.70945e-08
0.00490626
-2.70499e-08
0.00490625
-2.02184e-08
0.00490623
-1.46692e-08
0.00490623
-1.06632e-08
0.00490622
-7.65109e-09
0.00490622
-5.31328e-09
0.00490622
-3.66321e-09
0.00490621
-2.79855e-09
0.00490621
-2.08397e-09
0.00490621
-1.5665e-09
0.00490621
-9.42962e-10
0.00490621
-7.4079e-10
0.00490621
-4.53392e-10
0.00490621
-2.00976e-10
0.00490621
-2.78383e-10
0.00490621
-2.50536e-10
0.00490621
4.55814e-10
0.00490621
2.56709e-10
0.00490621
-1.34027e-10
0.00490621
5.25837e-11
0.00490621
2.82443e-10
0.00490621
-2.58282e-11
0.00490621
-9.9342e-11
0.00490621
-1.02108e-10
0.00490621
6.58857e-11
0.00490621
-2.36261e-10
0.00490621
-2.45553e-10
0.00490621
2.02044e-10
0.00490621
1.53879e-10
0.00490621
-3.70716e-10
0.00490621
-5.53554e-11
0.00490621
7.30477e-11
0.00490621
-1.13654e-10
0.00490621
-2.49662e-10
0.00490621
-1.34373e-10
0.00490621
-7.21617e-11
0.00490621
2.43561e-11
0.00490621
-2.28707e-10
0.00490621
-9.40945e-11
0.00490621
-5.47722e-12
0.00490621
-2.50022e-10
0.00490621
-2.70166e-10
0.00490621
-4.04754e-11
0.00490621
-1.61128e-10
0.00490621
-3.87279e-11
0.00490621
-3.98127e-10
0.00490621
-4.18559e-10
0.00490621
-4.59644e-10
0.00490621
-6.40775e-10
0.00490621
-9.3965e-10
0.00490621
-1.3433e-09
0.0049062
-1.81747e-09
0.0049062
-2.62018e-09
0.0049062
-4.12674e-09
0.0049062
-5.81188e-09
0.00490619
-8.54116e-09
0.00490618
-1.23697e-08
0.00490617
-1.77521e-08
0.00490616
-2.56551e-08
0.00490613
-3.59369e-08
0.0049061
-4.97059e-08
0.00490606
-6.74875e-08
0.00490601
-8.70959e-08
0.00490593
-1.00851e-07
0.00490584
-1.05914e-07
0.00490569
-1.12346e-07
0.00490522
-4.18425e-07
0.0049036
-2.02954e-06
0.00489775
-7.18606e-06
-7.91328e-06
0.0045679
-0.00216554
0.00437567
-0.000213045
0.00434684
-1.23686e-05
0.00434304
-2.53115e-06
0.00434602
2.68502e-06
0.00434445
-1.30388e-06
0.00434278
-1.13404e-06
0.00434053
-1.60935e-06
0.00433867
-1.26718e-06
0.00433703
-1.13523e-06
0.00433567
-9.20128e-07
0.00433452
-7.80911e-07
0.00433356
-6.47799e-07
0.00433275
-5.45424e-07
0.00433207
-4.56437e-07
0.0043315
-3.81708e-07
0.00433102
-3.17338e-07
0.00433062
-2.62523e-07
0.00433029
-2.15271e-07
0.00433002
-1.75621e-07
0.0043298
-1.41815e-07
0.00432962
-1.13729e-07
0.00432948
-9.03343e-08
0.00432937
-7.10596e-08
0.00432928
-5.51939e-08
0.00432922
-4.279e-08
0.00432916
-3.27935e-08
0.00432912
-2.45662e-08
0.00432909
-1.87958e-08
0.00432907
-1.4213e-08
0.00432905
-1.00576e-08
0.00432904
-7.52497e-09
0.00432903
-5.49339e-09
0.00432902
-3.9959e-09
0.00432902
-2.96183e-09
0.00432902
-2.07366e-09
0.00432901
-1.37266e-09
0.00432901
-1.01974e-09
0.00432901
-8.19221e-10
0.00432901
-6.81248e-10
0.00432901
-3.22945e-10
0.00432901
-2.73952e-10
0.00432901
-1.00556e-10
0.00432901
8.96429e-11
0.00432901
-5.52254e-11
0.00432901
-3.47461e-10
0.00432901
1.54031e-10
0.00432901
2.24157e-10
0.00432901
-1.62992e-10
0.00432901
-7.22515e-11
0.00432901
1.94003e-10
0.00432901
2.5245e-11
0.00432901
-4.34709e-11
0.00432901
-1.49987e-11
0.00432901
1.59556e-10
0.00432901
-7.05031e-11
0.00432901
-2.54614e-10
0.00432901
1.24197e-10
0.00432901
2.87967e-10
0.00432901
-2.00612e-10
0.00432901
-7.74261e-11
0.00432901
1.44805e-10
0.00432901
-2.62295e-11
0.00432901
-1.49346e-10
0.00432901
-5.27399e-11
0.00432901
-1.05671e-11
0.00432901
1.12462e-10
0.00432901
-5.5602e-11
0.00432901
-3.41035e-11
0.00432901
9.49296e-11
0.00432901
-7.25104e-11
0.00432901
-1.4665e-10
0.00432901
1.00212e-11
0.00432901
-7.37245e-11
0.00432901
7.58608e-11
0.00432901
-1.79211e-10
0.00432901
-1.91622e-10
0.00432901
-1.50801e-10
0.00432901
-1.7704e-10
0.00432901
-4.1997e-10
0.00432901
-5.91949e-10
0.004329
-7.09596e-10
0.004329
-9.70541e-10
0.004329
-1.64062e-09
0.004329
-2.27898e-09
0.00432899
-3.33923e-09
0.00432898
-4.89522e-09
0.00432897
-6.98191e-09
0.00432896
-1.02201e-08
0.00432894
-1.43245e-08
0.0043289
-1.96172e-08
0.00432886
-2.67511e-08
0.00432881
-3.41065e-08
0.00432875
-3.77596e-08
0.00432868
-3.38678e-08
0.00432859
-2.31861e-08
0.00432827
-1.0213e-07
0.00432694
-6.96588e-07
0.00432235
-2.60412e-06
1.18863e-06
0.00283446
0.00262141
0.00260905
0.00260651
0.0026092
0.0026079
0.00260676
0.00260515
0.00260388
0.00260275
0.00260183
0.00260105
0.0026004
0.00259986
0.0025994
0.00259902
0.0025987
0.00259844
0.00259822
0.00259805
0.0025979
0.00259779
0.0025977
0.00259763
0.00259757
0.00259753
0.0025975
0.00259747
0.00259746
0.00259744
0.00259743
0.00259742
0.00259742
0.00259741
0.00259741
0.00259741
0.00259741
0.00259741
0.00259741
0.00259741
0.00259741
0.00259741
0.00259741
0.0025974
0.0025974
0.0025974
0.0025974
0.0025974
0.0025974
0.0025974
0.0025974
0.0025974
0.0025974
0.0025974
0.0025974
0.0025974
0.00259741
0.00259741
0.00259741
0.00259741
0.00259741
0.00259741
0.00259741
0.00259741
0.00259741
0.00259741
0.00259741
0.00259741
0.00259741
0.00259741
0.00259741
0.00259741
0.00259741
0.00259741
0.00259741
0.00259741
0.00259741
0.00259741
0.0025974
0.0025974
0.0025974
0.0025974
0.0025974
0.0025974
0.0025974
0.00259739
0.00259739
0.00259738
0.00259737
0.00259736
0.00259734
0.00259731
0.00259728
0.00259724
0.00259721
0.00259718
0.00259708
0.00259638
0.00259378
)
;

boundaryField
{
    inlet
    {
        type            calculated;
        value           nonuniform List<scalar> 
40
(
-0.005
-0.005
-0.005
-0.005
-0.005
-0.005
-0.005
-0.005
-0.005
-0.005
-0.005
-0.005
-0.005
-0.005
-0.005
-0.005
-0.005
-0.005
-0.005
-0.005
-0.005
-0.005
-0.005
-0.005
-0.005
-0.005
-0.005
-0.005
-0.005
-0.005
-0.005
-0.005
-0.005
-0.005
-0.005
-0.005
-0.005
-0.005
-0.005
-0.005
)
;
    }
    outlet
    {
        type            calculated;
        value           nonuniform List<scalar> 
40
(
0.00259497
0.00431325
0.00488292
0.00507449
0.00514102
0.00516597
0.00517709
0.00518361
0.00518854
0.00519281
0.00519671
0.0052003
0.00520357
0.00520649
0.00520905
0.00521121
0.00521296
0.00521429
0.00521517
0.00521562
0.00521562
0.00521517
0.00521429
0.00521296
0.00521121
0.00520905
0.00520649
0.00520357
0.0052003
0.00519671
0.00519281
0.00518853
0.00518361
0.00517709
0.00516596
0.00514101
0.00507449
0.00488292
0.00431325
0.00259497
)
;
    }
    lowerWall
    {
        type            calculated;
        value           uniform 0;
    }
    upperWall
    {
        type            calculated;
        value           uniform 0;
    }
    frontAndBack
    {
        type            empty;
        value           nonuniform 0();
    }
}


// ************************************************************************* //
