/*--------------------------------*- C++ -*----------------------------------*\
| =========                 |                                                 |
| \\      /  F ield         | OpenFOAM: The Open Source CFD Toolbox           |
|  \\    /   O peration     | Version:  5.x                                   |
|   \\  /    A nd           | Web:      www.OpenFOAM.org                      |
|    \\/     M anipulation  |                                                 |
\*---------------------------------------------------------------------------*/
FoamFile
{
    version     2.0;
    format      ascii;
    class       volScalarField;
    location    "1";
    object      Ux;
}
// * * * * * * * * * * * * * * * * * * * * * * * * * * * * * * * * * * * * * //

dimensions      [0 1 -1 0 0 0 0];

internalField   nonuniform List<scalar> 
4000
(
0.537562
0.552214
0.517086
0.522909
0.521087
0.522013
0.521399
0.521241
0.520889
0.520671
0.520454
0.520289
0.520144
0.520025
0.519925
0.519841
0.519771
0.519713
0.519665
0.519626
0.519594
0.519569
0.519549
0.519533
0.51952
0.51951
0.519503
0.519497
0.519493
0.51949
0.519487
0.519486
0.519484
0.519483
0.519483
0.519482
0.519482
0.519482
0.519481
0.519481
0.519481
0.519481
0.519481
0.519481
0.519481
0.519481
0.519481
0.519481
0.519481
0.519481
0.519481
0.519481
0.519481
0.519481
0.519481
0.519481
0.519481
0.519481
0.519481
0.519481
0.519481
0.519481
0.519481
0.519481
0.519481
0.519481
0.519481
0.519481
0.519481
0.519481
0.519481
0.519481
0.519481
0.519481
0.519481
0.519481
0.519481
0.519481
0.519481
0.519481
0.519481
0.519481
0.519481
0.51948
0.51948
0.519479
0.519478
0.519477
0.519475
0.519473
0.519469
0.519465
0.519458
0.519451
0.519444
0.519436
0.519442
0.51936
0.519228
0.518638
0.864939
0.911619
0.861991
0.871381
0.867984
0.869565
0.868597
0.86842
0.867895
0.867584
0.867264
0.867021
0.866807
0.866631
0.866481
0.866355
0.86625
0.866162
0.86609
0.86603
0.865981
0.865941
0.86591
0.865885
0.865865
0.865849
0.865837
0.865828
0.865821
0.865816
0.865812
0.865809
0.865807
0.865806
0.865805
0.865804
0.865803
0.865803
0.865802
0.865802
0.865802
0.865802
0.865802
0.865802
0.865802
0.865802
0.865802
0.865802
0.865802
0.865802
0.865802
0.865802
0.865802
0.865802
0.865802
0.865802
0.865802
0.865802
0.865802
0.865802
0.865802
0.865802
0.865802
0.865802
0.865802
0.865802
0.865802
0.865802
0.865802
0.865802
0.865802
0.865802
0.865802
0.865802
0.865802
0.865802
0.865802
0.865802
0.865802
0.865801
0.865801
0.865801
0.865801
0.8658
0.8658
0.865799
0.865797
0.865796
0.865793
0.865789
0.865784
0.865777
0.865767
0.865755
0.865742
0.865724
0.865718
0.865546
0.865252
0.863185
0.960352
1.02539
0.976352
0.987444
0.983126
0.985025
0.983944
0.983842
0.983308
0.983018
0.982701
0.982465
0.982253
0.98208
0.981931
0.981807
0.981701
0.981613
0.98154
0.981479
0.981429
0.981389
0.981356
0.98133
0.981309
0.981293
0.98128
0.981271
0.981263
0.981258
0.981253
0.98125
0.981248
0.981246
0.981245
0.981244
0.981243
0.981243
0.981243
0.981242
0.981242
0.981242
0.981242
0.981242
0.981242
0.981242
0.981242
0.981242
0.981242
0.981242
0.981242
0.981242
0.981242
0.981242
0.981242
0.981242
0.981242
0.981242
0.981242
0.981242
0.981242
0.981242
0.981242
0.981242
0.981242
0.981242
0.981242
0.981242
0.981242
0.981242
0.981242
0.981242
0.981242
0.981242
0.981242
0.981242
0.981242
0.981242
0.981242
0.981242
0.981241
0.981241
0.981241
0.98124
0.98124
0.981239
0.981237
0.981235
0.981233
0.981229
0.981223
0.981216
0.981206
0.981193
0.981179
0.981152
0.981132
0.980909
0.980542
0.977594
0.984998
1.05955
1.01378
1.02595
1.02103
1.02314
1.02202
1.02202
1.02153
1.02129
1.02101
1.02081
1.02063
1.02048
1.02034
1.02023
1.02014
1.02006
1.02
1.01994
1.0199
1.01986
1.01983
1.0198
1.01979
1.01977
1.01976
1.01975
1.01974
1.01974
1.01973
1.01973
1.01973
1.01973
1.01973
1.01972
1.01972
1.01972
1.01972
1.01972
1.01972
1.01972
1.01972
1.01972
1.01972
1.01972
1.01972
1.01972
1.01972
1.01972
1.01972
1.01972
1.01972
1.01972
1.01972
1.01972
1.01972
1.01972
1.01972
1.01972
1.01972
1.01972
1.01972
1.01972
1.01972
1.01972
1.01972
1.01972
1.01972
1.01972
1.01972
1.01972
1.01972
1.01972
1.01972
1.01972
1.01972
1.01972
1.01972
1.01972
1.01972
1.01972
1.01972
1.01972
1.01972
1.01972
1.01972
1.01972
1.01971
1.01971
1.0197
1.0197
1.01969
1.01968
1.01966
1.01963
1.0196
1.01935
1.01899
1.01589
0.988593
1.068
1.02562
1.03854
1.03321
1.03549
1.03436
1.03447
1.03403
1.03386
1.03362
1.03346
1.03331
1.03319
1.03308
1.03299
1.03291
1.03284
1.03279
1.03274
1.0327
1.03267
1.03264
1.03262
1.03261
1.03259
1.03258
1.03257
1.03257
1.03256
1.03256
1.03256
1.03255
1.03255
1.03255
1.03255
1.03255
1.03255
1.03255
1.03255
1.03255
1.03255
1.03255
1.03255
1.03255
1.03255
1.03255
1.03255
1.03255
1.03255
1.03255
1.03255
1.03255
1.03255
1.03255
1.03255
1.03255
1.03255
1.03255
1.03255
1.03255
1.03255
1.03255
1.03255
1.03255
1.03255
1.03255
1.03255
1.03255
1.03255
1.03255
1.03255
1.03255
1.03255
1.03255
1.03255
1.03255
1.03255
1.03255
1.03255
1.03255
1.03255
1.03255
1.03255
1.03255
1.03255
1.03254
1.03254
1.03254
1.03254
1.03253
1.03253
1.03252
1.03251
1.03249
1.03246
1.03242
1.03218
1.03186
1.02902
0.986407
1.06827
1.02899
1.04247
1.03684
1.03926
1.03813
1.03834
1.03796
1.03785
1.03767
1.03755
1.03743
1.03733
1.03725
1.03718
1.03712
1.03707
1.03702
1.03698
1.03695
1.03693
1.0369
1.03689
1.03687
1.03686
1.03685
1.03685
1.03684
1.03684
1.03683
1.03683
1.03683
1.03683
1.03683
1.03683
1.03683
1.03683
1.03682
1.03682
1.03682
1.03682
1.03682
1.03682
1.03682
1.03682
1.03682
1.03682
1.03682
1.03682
1.03682
1.03682
1.03682
1.03682
1.03682
1.03682
1.03682
1.03682
1.03682
1.03682
1.03682
1.03682
1.03682
1.03682
1.03682
1.03682
1.03682
1.03682
1.03682
1.03682
1.03682
1.03682
1.03682
1.03682
1.03682
1.03682
1.03682
1.03682
1.03682
1.03682
1.03682
1.03682
1.03682
1.03682
1.03682
1.03682
1.03682
1.03682
1.03682
1.03682
1.03681
1.03681
1.0368
1.03679
1.03678
1.03674
1.0367
1.03647
1.03621
1.03382
0.983101
1.06614
1.02961
1.04351
1.03766
1.04019
1.03907
1.03937
1.03905
1.039
1.03886
1.03878
1.0387
1.03863
1.03857
1.03852
1.03847
1.03843
1.0384
1.03837
1.03835
1.03833
1.03831
1.0383
1.03829
1.03828
1.03827
1.03827
1.03826
1.03826
1.03826
1.03825
1.03825
1.03825
1.03825
1.03825
1.03825
1.03825
1.03825
1.03825
1.03825
1.03825
1.03825
1.03825
1.03825
1.03825
1.03825
1.03825
1.03825
1.03825
1.03825
1.03825
1.03825
1.03825
1.03825
1.03825
1.03825
1.03825
1.03825
1.03825
1.03825
1.03825
1.03825
1.03825
1.03825
1.03825
1.03825
1.03825
1.03825
1.03825
1.03825
1.03825
1.03825
1.03825
1.03825
1.03825
1.03825
1.03825
1.03825
1.03825
1.03825
1.03825
1.03825
1.03825
1.03825
1.03825
1.03825
1.03825
1.03824
1.03824
1.03824
1.03824
1.03823
1.03822
1.03821
1.03818
1.03814
1.03794
1.03774
1.03587
0.980006
1.06352
1.02938
1.04358
1.03758
1.0402
1.03908
1.03947
1.0392
1.03921
1.03911
1.03907
1.03902
1.03898
1.03894
1.03891
1.03888
1.03885
1.03883
1.03881
1.03879
1.03878
1.03877
1.03876
1.03875
1.03875
1.03874
1.03874
1.03873
1.03873
1.03873
1.03873
1.03873
1.03873
1.03873
1.03873
1.03873
1.03872
1.03872
1.03872
1.03872
1.03872
1.03872
1.03872
1.03872
1.03872
1.03872
1.03872
1.03872
1.03872
1.03872
1.03872
1.03872
1.03872
1.03872
1.03872
1.03872
1.03872
1.03872
1.03872
1.03872
1.03872
1.03872
1.03872
1.03872
1.03872
1.03872
1.03872
1.03872
1.03872
1.03872
1.03872
1.03872
1.03872
1.03872
1.03872
1.03872
1.03872
1.03872
1.03872
1.03872
1.03872
1.03872
1.03872
1.03872
1.03872
1.03872
1.03872
1.03872
1.03872
1.03872
1.03872
1.03871
1.0387
1.03869
1.03867
1.03863
1.03847
1.03834
1.03701
0.977413
1.06099
1.02893
1.04336
1.03723
1.03991
1.0388
1.03927
1.03904
1.03911
1.03905
1.03905
1.03902
1.03901
1.03899
1.03898
1.03896
1.03895
1.03894
1.03893
1.03892
1.03892
1.03891
1.0389
1.0389
1.0389
1.03889
1.03889
1.03889
1.03889
1.03889
1.03889
1.03888
1.03888
1.03888
1.03888
1.03888
1.03888
1.03888
1.03888
1.03888
1.03888
1.03888
1.03888
1.03888
1.03888
1.03888
1.03888
1.03888
1.03888
1.03888
1.03888
1.03888
1.03888
1.03888
1.03888
1.03888
1.03888
1.03888
1.03888
1.03888
1.03888
1.03888
1.03888
1.03888
1.03888
1.03888
1.03888
1.03888
1.03888
1.03888
1.03888
1.03888
1.03888
1.03888
1.03888
1.03888
1.03888
1.03888
1.03888
1.03888
1.03888
1.03888
1.03888
1.03888
1.03888
1.03888
1.03888
1.03888
1.03888
1.03888
1.03888
1.03887
1.03887
1.03886
1.03884
1.03881
1.0387
1.03863
1.03784
0.975311
1.05872
1.02846
1.04305
1.03683
1.03955
1.03845
1.03898
1.03881
1.03892
1.0389
1.03893
1.03893
1.03894
1.03894
1.03895
1.03895
1.03895
1.03895
1.03895
1.03895
1.03895
1.03894
1.03894
1.03894
1.03894
1.03894
1.03894
1.03894
1.03894
1.03894
1.03894
1.03894
1.03894
1.03894
1.03894
1.03894
1.03894
1.03894
1.03894
1.03894
1.03894
1.03894
1.03894
1.03894
1.03894
1.03894
1.03894
1.03894
1.03894
1.03894
1.03894
1.03894
1.03894
1.03894
1.03894
1.03894
1.03894
1.03894
1.03894
1.03894
1.03894
1.03894
1.03894
1.03894
1.03894
1.03894
1.03894
1.03894
1.03894
1.03894
1.03894
1.03894
1.03894
1.03894
1.03894
1.03894
1.03894
1.03894
1.03894
1.03894
1.03894
1.03894
1.03894
1.03894
1.03894
1.03893
1.03893
1.03893
1.03893
1.03893
1.03893
1.03893
1.03893
1.03892
1.03891
1.03889
1.03882
1.03882
1.03856
0.973622
1.05673
1.02803
1.04273
1.03644
1.03919
1.0381
1.03869
1.03855
1.03871
1.03872
1.03878
1.03881
1.03884
1.03886
1.03888
1.0389
1.03891
1.03892
1.03893
1.03893
1.03894
1.03894
1.03895
1.03895
1.03895
1.03895
1.03895
1.03895
1.03895
1.03895
1.03895
1.03895
1.03895
1.03895
1.03895
1.03895
1.03895
1.03895
1.03895
1.03895
1.03895
1.03895
1.03895
1.03895
1.03895
1.03895
1.03895
1.03895
1.03895
1.03895
1.03895
1.03895
1.03895
1.03895
1.03895
1.03895
1.03895
1.03895
1.03895
1.03895
1.03895
1.03895
1.03895
1.03895
1.03895
1.03895
1.03895
1.03895
1.03895
1.03895
1.03895
1.03895
1.03895
1.03895
1.03895
1.03895
1.03895
1.03895
1.03895
1.03895
1.03895
1.03895
1.03895
1.03895
1.03895
1.03895
1.03895
1.03895
1.03895
1.03895
1.03896
1.03896
1.03896
1.03895
1.03895
1.03893
1.03892
1.03898
1.03921
0.972268
1.055
1.02766
1.04244
1.03609
1.03886
1.03777
1.03841
1.03831
1.03851
1.03855
1.03864
1.03869
1.03874
1.03878
1.03881
1.03884
1.03886
1.03888
1.0389
1.03891
1.03892
1.03893
1.03894
1.03894
1.03895
1.03895
1.03895
1.03895
1.03896
1.03896
1.03896
1.03896
1.03896
1.03896
1.03896
1.03896
1.03896
1.03896
1.03896
1.03896
1.03896
1.03896
1.03896
1.03896
1.03896
1.03896
1.03896
1.03896
1.03896
1.03896
1.03896
1.03896
1.03896
1.03896
1.03896
1.03896
1.03896
1.03896
1.03896
1.03896
1.03896
1.03896
1.03896
1.03896
1.03896
1.03896
1.03896
1.03896
1.03896
1.03896
1.03896
1.03896
1.03896
1.03896
1.03896
1.03896
1.03896
1.03896
1.03896
1.03896
1.03896
1.03896
1.03896
1.03896
1.03896
1.03896
1.03896
1.03896
1.03896
1.03896
1.03896
1.03897
1.03897
1.03897
1.03897
1.03897
1.03901
1.03912
1.03982
0.971183
1.05353
1.02733
1.04218
1.03579
1.03856
1.03748
1.03816
1.03809
1.03832
1.03839
1.0385
1.03857
1.03864
1.0387
1.03874
1.03878
1.03882
1.03885
1.03887
1.03889
1.0389
1.03892
1.03893
1.03893
1.03894
1.03895
1.03895
1.03895
1.03895
1.03896
1.03896
1.03896
1.03896
1.03896
1.03896
1.03896
1.03896
1.03896
1.03896
1.03896
1.03896
1.03896
1.03896
1.03896
1.03896
1.03896
1.03896
1.03896
1.03896
1.03896
1.03896
1.03896
1.03896
1.03896
1.03896
1.03896
1.03896
1.03896
1.03896
1.03896
1.03896
1.03896
1.03896
1.03896
1.03896
1.03896
1.03896
1.03896
1.03896
1.03896
1.03896
1.03896
1.03896
1.03896
1.03896
1.03896
1.03896
1.03896
1.03896
1.03896
1.03896
1.03896
1.03896
1.03896
1.03896
1.03896
1.03896
1.03896
1.03897
1.03897
1.03897
1.03897
1.03898
1.03898
1.03899
1.039
1.0391
1.03926
1.04037
0.970316
1.05228
1.02706
1.04196
1.03552
1.03829
1.03721
1.03793
1.03789
1.03815
1.03824
1.03838
1.03846
1.03855
1.03862
1.03868
1.03873
1.03877
1.03881
1.03884
1.03886
1.03889
1.0389
1.03891
1.03893
1.03893
1.03894
1.03895
1.03895
1.03895
1.03895
1.03896
1.03896
1.03896
1.03896
1.03896
1.03896
1.03896
1.03896
1.03896
1.03896
1.03896
1.03896
1.03896
1.03896
1.03896
1.03896
1.03896
1.03896
1.03896
1.03896
1.03896
1.03896
1.03896
1.03896
1.03896
1.03896
1.03896
1.03896
1.03896
1.03896
1.03896
1.03896
1.03896
1.03896
1.03896
1.03896
1.03896
1.03896
1.03896
1.03896
1.03896
1.03896
1.03896
1.03896
1.03896
1.03896
1.03896
1.03896
1.03896
1.03896
1.03896
1.03896
1.03896
1.03896
1.03896
1.03896
1.03896
1.03897
1.03897
1.03897
1.03897
1.03898
1.03898
1.03899
1.03901
1.03902
1.03918
1.03938
1.04087
0.969628
1.05124
1.02684
1.04177
1.0353
1.03806
1.03699
1.03774
1.03771
1.038
1.03811
1.03827
1.03837
1.03847
1.03855
1.03862
1.03868
1.03874
1.03878
1.03881
1.03884
1.03887
1.03889
1.0389
1.03892
1.03893
1.03894
1.03894
1.03895
1.03895
1.03895
1.03896
1.03896
1.03896
1.03896
1.03896
1.03896
1.03896
1.03896
1.03896
1.03896
1.03896
1.03896
1.03896
1.03896
1.03896
1.03896
1.03896
1.03896
1.03896
1.03896
1.03896
1.03896
1.03896
1.03896
1.03896
1.03896
1.03896
1.03896
1.03896
1.03896
1.03896
1.03896
1.03896
1.03896
1.03896
1.03896
1.03896
1.03896
1.03896
1.03896
1.03896
1.03896
1.03896
1.03896
1.03896
1.03896
1.03896
1.03896
1.03896
1.03896
1.03896
1.03896
1.03896
1.03896
1.03896
1.03896
1.03897
1.03897
1.03897
1.03897
1.03898
1.03898
1.03899
1.039
1.03903
1.03905
1.03925
1.03949
1.04131
0.969092
1.0504
1.02665
1.04161
1.03512
1.03787
1.0368
1.03757
1.03757
1.03788
1.03801
1.03817
1.03829
1.0384
1.0385
1.03858
1.03864
1.0387
1.03875
1.03879
1.03883
1.03885
1.03888
1.03889
1.03891
1.03892
1.03893
1.03894
1.03894
1.03895
1.03895
1.03895
1.03896
1.03896
1.03896
1.03896
1.03896
1.03896
1.03896
1.03896
1.03896
1.03896
1.03896
1.03896
1.03896
1.03896
1.03896
1.03896
1.03896
1.03896
1.03896
1.03896
1.03896
1.03896
1.03896
1.03896
1.03896
1.03896
1.03896
1.03896
1.03896
1.03896
1.03896
1.03896
1.03896
1.03896
1.03896
1.03896
1.03896
1.03896
1.03896
1.03896
1.03896
1.03896
1.03896
1.03896
1.03896
1.03896
1.03896
1.03896
1.03896
1.03896
1.03896
1.03896
1.03896
1.03896
1.03896
1.03897
1.03897
1.03897
1.03897
1.03898
1.03898
1.039
1.03901
1.03905
1.03907
1.03931
1.03959
1.04168
0.968684
1.04974
1.02651
1.04148
1.03498
1.03771
1.03665
1.03744
1.03745
1.03777
1.03792
1.0381
1.03823
1.03835
1.03845
1.03854
1.03861
1.03867
1.03873
1.03877
1.03881
1.03884
1.03887
1.03889
1.0389
1.03892
1.03893
1.03894
1.03894
1.03895
1.03895
1.03895
1.03896
1.03896
1.03896
1.03896
1.03896
1.03896
1.03896
1.03896
1.03896
1.03896
1.03896
1.03896
1.03896
1.03896
1.03896
1.03896
1.03896
1.03896
1.03896
1.03896
1.03896
1.03896
1.03896
1.03896
1.03896
1.03896
1.03896
1.03896
1.03896
1.03896
1.03896
1.03896
1.03896
1.03896
1.03896
1.03896
1.03896
1.03896
1.03896
1.03896
1.03896
1.03896
1.03896
1.03896
1.03896
1.03896
1.03896
1.03896
1.03896
1.03896
1.03896
1.03896
1.03896
1.03896
1.03896
1.03897
1.03897
1.03897
1.03897
1.03898
1.03899
1.039
1.03901
1.03906
1.03909
1.03936
1.03967
1.04198
0.968391
1.04925
1.02641
1.04139
1.03487
1.0376
1.03653
1.03734
1.03736
1.0377
1.03785
1.03804
1.03818
1.03831
1.03841
1.03851
1.03859
1.03865
1.03871
1.03876
1.0388
1.03883
1.03886
1.03888
1.0389
1.03891
1.03892
1.03893
1.03894
1.03895
1.03895
1.03895
1.03895
1.03896
1.03896
1.03896
1.03896
1.03896
1.03896
1.03896
1.03896
1.03896
1.03896
1.03896
1.03896
1.03896
1.03896
1.03896
1.03896
1.03896
1.03896
1.03896
1.03896
1.03896
1.03896
1.03896
1.03896
1.03896
1.03896
1.03896
1.03896
1.03896
1.03896
1.03896
1.03896
1.03896
1.03896
1.03896
1.03896
1.03896
1.03896
1.03896
1.03896
1.03896
1.03896
1.03896
1.03896
1.03896
1.03896
1.03896
1.03896
1.03896
1.03896
1.03896
1.03896
1.03896
1.03897
1.03897
1.03897
1.03897
1.03898
1.03898
1.03899
1.039
1.03902
1.03907
1.03911
1.0394
1.03973
1.04221
0.968201
1.04893
1.02634
1.04133
1.0348
1.03752
1.03646
1.03727
1.0373
1.03765
1.03781
1.038
1.03815
1.03828
1.03839
1.03849
1.03857
1.03864
1.0387
1.03875
1.03879
1.03883
1.03885
1.03888
1.0389
1.03891
1.03892
1.03893
1.03894
1.03894
1.03895
1.03895
1.03895
1.03896
1.03896
1.03896
1.03896
1.03896
1.03896
1.03896
1.03896
1.03896
1.03896
1.03896
1.03896
1.03896
1.03896
1.03896
1.03896
1.03896
1.03896
1.03896
1.03896
1.03896
1.03896
1.03896
1.03896
1.03896
1.03896
1.03896
1.03896
1.03896
1.03896
1.03896
1.03896
1.03896
1.03896
1.03896
1.03896
1.03896
1.03896
1.03896
1.03896
1.03896
1.03896
1.03896
1.03896
1.03896
1.03896
1.03896
1.03896
1.03896
1.03896
1.03896
1.03896
1.03896
1.03897
1.03897
1.03897
1.03897
1.03898
1.03898
1.03899
1.03901
1.03902
1.03908
1.03912
1.03943
1.03977
1.04236
0.968107
1.04877
1.0263
1.0413
1.03477
1.03748
1.03642
1.03724
1.03727
1.03762
1.03778
1.03798
1.03813
1.03827
1.03838
1.03848
1.03856
1.03863
1.03869
1.03874
1.03879
1.03882
1.03885
1.03888
1.03889
1.03891
1.03892
1.03893
1.03894
1.03894
1.03895
1.03895
1.03895
1.03896
1.03896
1.03896
1.03896
1.03896
1.03896
1.03896
1.03896
1.03896
1.03896
1.03896
1.03896
1.03896
1.03896
1.03896
1.03896
1.03896
1.03896
1.03896
1.03896
1.03896
1.03896
1.03896
1.03896
1.03896
1.03896
1.03896
1.03896
1.03896
1.03896
1.03896
1.03896
1.03896
1.03896
1.03896
1.03896
1.03896
1.03896
1.03896
1.03896
1.03896
1.03896
1.03896
1.03896
1.03896
1.03896
1.03896
1.03896
1.03896
1.03896
1.03896
1.03896
1.03896
1.03897
1.03897
1.03897
1.03897
1.03898
1.03898
1.03899
1.03901
1.03902
1.03908
1.03912
1.03944
1.03979
1.04244
0.968107
1.04877
1.0263
1.0413
1.03477
1.03748
1.03642
1.03724
1.03727
1.03762
1.03778
1.03798
1.03813
1.03827
1.03838
1.03848
1.03856
1.03863
1.03869
1.03874
1.03879
1.03882
1.03885
1.03888
1.03889
1.03891
1.03892
1.03893
1.03894
1.03894
1.03895
1.03895
1.03895
1.03896
1.03896
1.03896
1.03896
1.03896
1.03896
1.03896
1.03896
1.03896
1.03896
1.03896
1.03896
1.03896
1.03896
1.03896
1.03896
1.03896
1.03896
1.03896
1.03896
1.03896
1.03896
1.03896
1.03896
1.03896
1.03896
1.03896
1.03896
1.03896
1.03896
1.03896
1.03896
1.03896
1.03896
1.03896
1.03896
1.03896
1.03896
1.03896
1.03896
1.03896
1.03896
1.03896
1.03896
1.03896
1.03896
1.03896
1.03896
1.03896
1.03896
1.03896
1.03896
1.03896
1.03897
1.03897
1.03897
1.03897
1.03898
1.03898
1.03899
1.03901
1.03902
1.03908
1.03912
1.03944
1.03979
1.04244
0.968201
1.04893
1.02634
1.04133
1.0348
1.03752
1.03646
1.03727
1.0373
1.03765
1.03781
1.038
1.03815
1.03828
1.03839
1.03849
1.03857
1.03864
1.0387
1.03875
1.03879
1.03883
1.03885
1.03888
1.0389
1.03891
1.03892
1.03893
1.03894
1.03894
1.03895
1.03895
1.03895
1.03896
1.03896
1.03896
1.03896
1.03896
1.03896
1.03896
1.03896
1.03896
1.03896
1.03896
1.03896
1.03896
1.03896
1.03896
1.03896
1.03896
1.03896
1.03896
1.03896
1.03896
1.03896
1.03896
1.03896
1.03896
1.03896
1.03896
1.03896
1.03896
1.03896
1.03896
1.03896
1.03896
1.03896
1.03896
1.03896
1.03896
1.03896
1.03896
1.03896
1.03896
1.03896
1.03896
1.03896
1.03896
1.03896
1.03896
1.03896
1.03896
1.03896
1.03896
1.03896
1.03896
1.03897
1.03897
1.03897
1.03897
1.03898
1.03898
1.03899
1.03901
1.03902
1.03908
1.03912
1.03943
1.03977
1.04236
0.968391
1.04925
1.02641
1.04139
1.03487
1.0376
1.03653
1.03734
1.03736
1.0377
1.03785
1.03804
1.03818
1.03831
1.03841
1.03851
1.03859
1.03865
1.03871
1.03876
1.0388
1.03883
1.03886
1.03888
1.0389
1.03891
1.03892
1.03893
1.03894
1.03895
1.03895
1.03895
1.03895
1.03896
1.03896
1.03896
1.03896
1.03896
1.03896
1.03896
1.03896
1.03896
1.03896
1.03896
1.03896
1.03896
1.03896
1.03896
1.03896
1.03896
1.03896
1.03896
1.03896
1.03896
1.03896
1.03896
1.03896
1.03896
1.03896
1.03896
1.03896
1.03896
1.03896
1.03896
1.03896
1.03896
1.03896
1.03896
1.03896
1.03896
1.03896
1.03896
1.03896
1.03896
1.03896
1.03896
1.03896
1.03896
1.03896
1.03896
1.03896
1.03896
1.03896
1.03896
1.03896
1.03896
1.03897
1.03897
1.03897
1.03897
1.03898
1.03898
1.03899
1.039
1.03902
1.03907
1.03911
1.0394
1.03973
1.04221
0.968684
1.04974
1.02651
1.04148
1.03498
1.03771
1.03665
1.03744
1.03745
1.03777
1.03792
1.0381
1.03823
1.03835
1.03845
1.03854
1.03861
1.03867
1.03873
1.03877
1.03881
1.03884
1.03887
1.03889
1.0389
1.03892
1.03893
1.03894
1.03894
1.03895
1.03895
1.03895
1.03896
1.03896
1.03896
1.03896
1.03896
1.03896
1.03896
1.03896
1.03896
1.03896
1.03896
1.03896
1.03896
1.03896
1.03896
1.03896
1.03896
1.03896
1.03896
1.03896
1.03896
1.03896
1.03896
1.03896
1.03896
1.03896
1.03896
1.03896
1.03896
1.03896
1.03896
1.03896
1.03896
1.03896
1.03896
1.03896
1.03896
1.03896
1.03896
1.03896
1.03896
1.03896
1.03896
1.03896
1.03896
1.03896
1.03896
1.03896
1.03896
1.03896
1.03896
1.03896
1.03896
1.03896
1.03896
1.03897
1.03897
1.03897
1.03897
1.03898
1.03899
1.039
1.03901
1.03906
1.03909
1.03936
1.03967
1.04198
0.969092
1.0504
1.02665
1.04161
1.03512
1.03787
1.0368
1.03757
1.03757
1.03788
1.03801
1.03817
1.03829
1.03841
1.0385
1.03858
1.03864
1.0387
1.03875
1.03879
1.03883
1.03885
1.03888
1.0389
1.03891
1.03892
1.03893
1.03894
1.03894
1.03895
1.03895
1.03895
1.03896
1.03896
1.03896
1.03896
1.03896
1.03896
1.03896
1.03896
1.03896
1.03896
1.03896
1.03896
1.03896
1.03896
1.03896
1.03896
1.03896
1.03896
1.03896
1.03896
1.03896
1.03896
1.03896
1.03896
1.03896
1.03896
1.03896
1.03896
1.03896
1.03896
1.03896
1.03896
1.03896
1.03896
1.03896
1.03896
1.03896
1.03896
1.03896
1.03896
1.03896
1.03896
1.03896
1.03896
1.03896
1.03896
1.03896
1.03896
1.03896
1.03896
1.03896
1.03896
1.03896
1.03896
1.03896
1.03897
1.03897
1.03897
1.03897
1.03898
1.03898
1.039
1.03901
1.03905
1.03907
1.03931
1.03959
1.04168
0.969628
1.05124
1.02684
1.04176
1.0353
1.03806
1.03699
1.03774
1.03771
1.038
1.03811
1.03827
1.03837
1.03847
1.03855
1.03863
1.03869
1.03874
1.03878
1.03881
1.03884
1.03887
1.03889
1.0389
1.03892
1.03893
1.03894
1.03894
1.03895
1.03895
1.03895
1.03896
1.03896
1.03896
1.03896
1.03896
1.03896
1.03896
1.03896
1.03896
1.03896
1.03896
1.03896
1.03896
1.03896
1.03896
1.03896
1.03896
1.03896
1.03896
1.03896
1.03896
1.03896
1.03896
1.03896
1.03896
1.03896
1.03896
1.03896
1.03896
1.03896
1.03896
1.03896
1.03896
1.03896
1.03896
1.03896
1.03896
1.03896
1.03896
1.03896
1.03896
1.03896
1.03896
1.03896
1.03896
1.03896
1.03896
1.03896
1.03896
1.03896
1.03896
1.03896
1.03896
1.03896
1.03896
1.03896
1.03897
1.03897
1.03897
1.03897
1.03898
1.03898
1.03899
1.039
1.03903
1.03905
1.03925
1.03949
1.04131
0.970316
1.05228
1.02706
1.04196
1.03552
1.03829
1.03721
1.03793
1.03789
1.03815
1.03824
1.03838
1.03847
1.03855
1.03862
1.03868
1.03873
1.03878
1.03881
1.03884
1.03887
1.03889
1.0389
1.03892
1.03893
1.03893
1.03894
1.03895
1.03895
1.03895
1.03895
1.03896
1.03896
1.03896
1.03896
1.03896
1.03896
1.03896
1.03896
1.03896
1.03896
1.03896
1.03896
1.03896
1.03896
1.03896
1.03896
1.03896
1.03896
1.03896
1.03896
1.03896
1.03896
1.03896
1.03896
1.03896
1.03896
1.03896
1.03896
1.03896
1.03896
1.03896
1.03896
1.03896
1.03896
1.03896
1.03896
1.03896
1.03896
1.03896
1.03896
1.03896
1.03896
1.03896
1.03896
1.03896
1.03896
1.03896
1.03896
1.03896
1.03896
1.03896
1.03896
1.03896
1.03896
1.03896
1.03896
1.03896
1.03897
1.03897
1.03897
1.03897
1.03898
1.03898
1.03899
1.03901
1.03902
1.03918
1.03938
1.04087
0.971183
1.05353
1.02733
1.04218
1.03579
1.03856
1.03748
1.03816
1.03809
1.03832
1.03839
1.0385
1.03857
1.03864
1.0387
1.03875
1.03878
1.03882
1.03885
1.03887
1.03889
1.0389
1.03892
1.03893
1.03893
1.03894
1.03895
1.03895
1.03895
1.03895
1.03896
1.03896
1.03896
1.03896
1.03896
1.03896
1.03896
1.03896
1.03896
1.03896
1.03896
1.03896
1.03896
1.03896
1.03896
1.03896
1.03896
1.03896
1.03896
1.03896
1.03896
1.03896
1.03896
1.03896
1.03896
1.03896
1.03896
1.03896
1.03896
1.03896
1.03896
1.03896
1.03896
1.03896
1.03896
1.03896
1.03896
1.03896
1.03896
1.03896
1.03896
1.03896
1.03896
1.03896
1.03896
1.03896
1.03896
1.03896
1.03896
1.03896
1.03896
1.03896
1.03896
1.03896
1.03896
1.03896
1.03896
1.03896
1.03896
1.03897
1.03897
1.03897
1.03897
1.03898
1.03898
1.03899
1.039
1.0391
1.03926
1.04037
0.972268
1.055
1.02765
1.04244
1.03609
1.03886
1.03777
1.03841
1.03831
1.03851
1.03855
1.03864
1.03869
1.03874
1.03878
1.03881
1.03884
1.03887
1.03888
1.0389
1.03891
1.03892
1.03893
1.03894
1.03894
1.03895
1.03895
1.03895
1.03895
1.03896
1.03896
1.03896
1.03896
1.03896
1.03896
1.03896
1.03896
1.03896
1.03896
1.03896
1.03896
1.03896
1.03896
1.03896
1.03896
1.03896
1.03896
1.03896
1.03896
1.03896
1.03896
1.03896
1.03896
1.03896
1.03896
1.03896
1.03896
1.03896
1.03896
1.03896
1.03896
1.03896
1.03896
1.03896
1.03896
1.03896
1.03896
1.03896
1.03896
1.03896
1.03896
1.03896
1.03896
1.03896
1.03896
1.03896
1.03896
1.03896
1.03896
1.03896
1.03896
1.03896
1.03896
1.03896
1.03896
1.03896
1.03896
1.03896
1.03896
1.03896
1.03896
1.03896
1.03897
1.03897
1.03897
1.03897
1.03897
1.03901
1.03912
1.03982
0.973622
1.05673
1.02803
1.04273
1.03644
1.03919
1.0381
1.03869
1.03855
1.03871
1.03872
1.03878
1.03881
1.03884
1.03886
1.03888
1.0389
1.03891
1.03892
1.03893
1.03894
1.03894
1.03894
1.03895
1.03895
1.03895
1.03895
1.03895
1.03895
1.03895
1.03895
1.03895
1.03895
1.03895
1.03895
1.03895
1.03895
1.03895
1.03895
1.03895
1.03895
1.03895
1.03895
1.03895
1.03895
1.03895
1.03895
1.03895
1.03895
1.03895
1.03895
1.03895
1.03895
1.03895
1.03895
1.03895
1.03895
1.03895
1.03895
1.03895
1.03895
1.03895
1.03895
1.03895
1.03895
1.03895
1.03895
1.03895
1.03895
1.03895
1.03895
1.03895
1.03895
1.03895
1.03895
1.03895
1.03895
1.03895
1.03895
1.03895
1.03895
1.03895
1.03895
1.03895
1.03895
1.03895
1.03895
1.03895
1.03895
1.03895
1.03895
1.03896
1.03896
1.03896
1.03895
1.03895
1.03893
1.03892
1.03898
1.03921
0.975311
1.05872
1.02846
1.04305
1.03683
1.03955
1.03845
1.03898
1.03881
1.03892
1.0389
1.03893
1.03893
1.03894
1.03894
1.03895
1.03895
1.03895
1.03895
1.03895
1.03895
1.03895
1.03894
1.03894
1.03894
1.03894
1.03894
1.03894
1.03894
1.03894
1.03894
1.03894
1.03894
1.03894
1.03894
1.03894
1.03894
1.03894
1.03894
1.03894
1.03894
1.03894
1.03894
1.03894
1.03894
1.03894
1.03894
1.03894
1.03894
1.03894
1.03894
1.03894
1.03894
1.03894
1.03894
1.03894
1.03894
1.03894
1.03894
1.03894
1.03894
1.03894
1.03894
1.03894
1.03894
1.03894
1.03894
1.03894
1.03894
1.03894
1.03894
1.03894
1.03894
1.03894
1.03894
1.03894
1.03894
1.03894
1.03894
1.03894
1.03894
1.03894
1.03894
1.03894
1.03894
1.03894
1.03893
1.03893
1.03893
1.03893
1.03893
1.03893
1.03893
1.03893
1.03892
1.03891
1.03889
1.03882
1.03882
1.03856
0.977413
1.06099
1.02893
1.04335
1.03723
1.03991
1.0388
1.03927
1.03904
1.03911
1.03905
1.03905
1.03902
1.03901
1.03899
1.03898
1.03897
1.03895
1.03894
1.03893
1.03892
1.03892
1.03891
1.0389
1.0389
1.0389
1.03889
1.03889
1.03889
1.03889
1.03889
1.03889
1.03888
1.03888
1.03888
1.03888
1.03888
1.03888
1.03888
1.03888
1.03888
1.03888
1.03888
1.03888
1.03888
1.03888
1.03888
1.03888
1.03888
1.03888
1.03888
1.03888
1.03888
1.03888
1.03888
1.03888
1.03888
1.03888
1.03888
1.03888
1.03888
1.03888
1.03888
1.03888
1.03888
1.03888
1.03888
1.03888
1.03888
1.03888
1.03888
1.03888
1.03888
1.03888
1.03888
1.03888
1.03888
1.03888
1.03888
1.03888
1.03888
1.03888
1.03888
1.03888
1.03888
1.03888
1.03888
1.03888
1.03888
1.03888
1.03888
1.03888
1.03887
1.03887
1.03886
1.03884
1.03881
1.03869
1.03863
1.03784
0.980006
1.06352
1.02938
1.04358
1.03758
1.0402
1.03908
1.03947
1.0392
1.03921
1.03911
1.03907
1.03902
1.03898
1.03894
1.03891
1.03888
1.03885
1.03883
1.03881
1.0388
1.03878
1.03877
1.03876
1.03875
1.03875
1.03874
1.03874
1.03873
1.03873
1.03873
1.03873
1.03873
1.03873
1.03873
1.03873
1.03872
1.03872
1.03872
1.03872
1.03872
1.03872
1.03872
1.03872
1.03872
1.03872
1.03872
1.03872
1.03872
1.03872
1.03872
1.03872
1.03872
1.03872
1.03872
1.03872
1.03872
1.03872
1.03872
1.03872
1.03872
1.03872
1.03872
1.03872
1.03872
1.03872
1.03872
1.03872
1.03872
1.03872
1.03872
1.03872
1.03872
1.03872
1.03872
1.03872
1.03872
1.03872
1.03872
1.03872
1.03872
1.03872
1.03872
1.03872
1.03872
1.03872
1.03872
1.03872
1.03872
1.03872
1.03872
1.03872
1.03871
1.0387
1.03869
1.03867
1.03863
1.03847
1.03834
1.03701
0.983101
1.06614
1.02961
1.04351
1.03766
1.04019
1.03907
1.03937
1.03905
1.039
1.03886
1.03878
1.0387
1.03863
1.03857
1.03852
1.03847
1.03844
1.0384
1.03837
1.03835
1.03833
1.03831
1.0383
1.03829
1.03828
1.03827
1.03827
1.03826
1.03826
1.03826
1.03825
1.03825
1.03825
1.03825
1.03825
1.03825
1.03825
1.03825
1.03825
1.03825
1.03825
1.03825
1.03825
1.03825
1.03825
1.03825
1.03825
1.03825
1.03825
1.03825
1.03825
1.03825
1.03825
1.03825
1.03825
1.03825
1.03825
1.03825
1.03825
1.03825
1.03825
1.03825
1.03825
1.03825
1.03825
1.03825
1.03825
1.03825
1.03825
1.03825
1.03825
1.03825
1.03825
1.03825
1.03825
1.03825
1.03825
1.03825
1.03825
1.03825
1.03825
1.03825
1.03825
1.03825
1.03825
1.03825
1.03825
1.03824
1.03824
1.03824
1.03824
1.03823
1.03822
1.03821
1.03818
1.03814
1.03794
1.03774
1.03587
0.986407
1.06827
1.02899
1.04247
1.03684
1.03926
1.03813
1.03834
1.03796
1.03786
1.03767
1.03755
1.03743
1.03734
1.03725
1.03718
1.03712
1.03707
1.03702
1.03698
1.03695
1.03693
1.0369
1.03689
1.03687
1.03686
1.03685
1.03685
1.03684
1.03684
1.03683
1.03683
1.03683
1.03683
1.03683
1.03683
1.03683
1.03682
1.03682
1.03682
1.03682
1.03682
1.03682
1.03682
1.03682
1.03682
1.03682
1.03682
1.03682
1.03682
1.03682
1.03682
1.03682
1.03682
1.03682
1.03682
1.03682
1.03682
1.03682
1.03682
1.03682
1.03682
1.03682
1.03682
1.03682
1.03682
1.03682
1.03682
1.03682
1.03682
1.03682
1.03682
1.03682
1.03682
1.03682
1.03682
1.03682
1.03682
1.03682
1.03682
1.03682
1.03682
1.03682
1.03682
1.03682
1.03682
1.03682
1.03682
1.03682
1.03682
1.03681
1.03681
1.0368
1.03679
1.03678
1.03674
1.0367
1.03647
1.03621
1.03382
0.988593
1.068
1.02562
1.03854
1.03321
1.03549
1.03436
1.03447
1.03403
1.03386
1.03362
1.03346
1.03331
1.03319
1.03308
1.03299
1.03291
1.03284
1.03279
1.03274
1.0327
1.03267
1.03264
1.03262
1.03261
1.03259
1.03258
1.03257
1.03257
1.03256
1.03256
1.03256
1.03255
1.03255
1.03255
1.03255
1.03255
1.03255
1.03255
1.03255
1.03255
1.03255
1.03255
1.03255
1.03255
1.03255
1.03255
1.03255
1.03255
1.03255
1.03255
1.03255
1.03255
1.03255
1.03255
1.03255
1.03255
1.03255
1.03255
1.03255
1.03255
1.03255
1.03255
1.03255
1.03255
1.03255
1.03255
1.03255
1.03255
1.03255
1.03255
1.03255
1.03255
1.03255
1.03255
1.03255
1.03255
1.03255
1.03255
1.03255
1.03255
1.03255
1.03255
1.03255
1.03255
1.03255
1.03254
1.03254
1.03254
1.03254
1.03253
1.03253
1.03252
1.03251
1.03249
1.03246
1.03242
1.03218
1.03186
1.02902
0.984998
1.05955
1.01378
1.02595
1.02103
1.02314
1.02202
1.02202
1.02153
1.0213
1.02101
1.02081
1.02063
1.02048
1.02035
1.02024
1.02014
1.02006
1.02
1.01994
1.0199
1.01986
1.01983
1.01981
1.01979
1.01977
1.01976
1.01975
1.01974
1.01974
1.01973
1.01973
1.01973
1.01973
1.01972
1.01972
1.01972
1.01972
1.01972
1.01972
1.01972
1.01972
1.01972
1.01972
1.01972
1.01972
1.01972
1.01972
1.01972
1.01972
1.01972
1.01972
1.01972
1.01972
1.01972
1.01972
1.01972
1.01972
1.01972
1.01972
1.01972
1.01972
1.01972
1.01972
1.01972
1.01972
1.01972
1.01972
1.01972
1.01972
1.01972
1.01972
1.01972
1.01972
1.01972
1.01972
1.01972
1.01972
1.01972
1.01972
1.01972
1.01972
1.01972
1.01972
1.01972
1.01972
1.01972
1.01972
1.01971
1.01971
1.01971
1.0197
1.01969
1.01968
1.01966
1.01963
1.0196
1.01935
1.01899
1.01589
0.960352
1.02539
0.976352
0.987444
0.983126
0.985025
0.983944
0.983842
0.983308
0.983018
0.982701
0.982465
0.982254
0.982081
0.981932
0.981807
0.981702
0.981614
0.98154
0.981479
0.98143
0.981389
0.981356
0.98133
0.981309
0.981293
0.981281
0.981271
0.981263
0.981258
0.981253
0.98125
0.981248
0.981246
0.981245
0.981244
0.981243
0.981243
0.981243
0.981242
0.981242
0.981242
0.981242
0.981242
0.981242
0.981242
0.981242
0.981242
0.981242
0.981242
0.981242
0.981242
0.981242
0.981242
0.981242
0.981242
0.981242
0.981242
0.981242
0.981242
0.981242
0.981242
0.981242
0.981242
0.981242
0.981242
0.981242
0.981242
0.981242
0.981242
0.981242
0.981242
0.981242
0.981242
0.981242
0.981242
0.981242
0.981242
0.981242
0.981241
0.981241
0.981241
0.981241
0.98124
0.98124
0.981239
0.981237
0.981235
0.981233
0.981229
0.981224
0.981216
0.981207
0.981193
0.981179
0.981152
0.981132
0.980908
0.980541
0.977593
0.86494
0.911619
0.861991
0.871381
0.867984
0.869566
0.868598
0.86842
0.867895
0.867585
0.867265
0.867022
0.866807
0.866632
0.866482
0.866356
0.86625
0.866163
0.86609
0.86603
0.865981
0.865942
0.86591
0.865885
0.865865
0.86585
0.865838
0.865828
0.865821
0.865816
0.865812
0.865809
0.865807
0.865806
0.865804
0.865804
0.865803
0.865803
0.865802
0.865802
0.865802
0.865802
0.865802
0.865802
0.865802
0.865802
0.865801
0.865801
0.865801
0.865801
0.865801
0.865802
0.865802
0.865802
0.865802
0.865802
0.865802
0.865802
0.865802
0.865802
0.865802
0.865802
0.865802
0.865802
0.865802
0.865802
0.865802
0.865802
0.865802
0.865802
0.865802
0.865802
0.865802
0.865802
0.865802
0.865802
0.865802
0.865802
0.865802
0.865801
0.865801
0.865801
0.865801
0.8658
0.8658
0.865799
0.865797
0.865796
0.865793
0.865789
0.865784
0.865777
0.865767
0.865755
0.865742
0.865724
0.865718
0.865545
0.865252
0.863185
0.537562
0.552214
0.517087
0.522909
0.521087
0.522014
0.5214
0.521242
0.52089
0.520672
0.520455
0.520289
0.520144
0.520026
0.519925
0.519841
0.519771
0.519713
0.519665
0.519626
0.519594
0.519569
0.519549
0.519533
0.51952
0.51951
0.519503
0.519497
0.519493
0.51949
0.519487
0.519486
0.519484
0.519483
0.519483
0.519482
0.519482
0.519482
0.519481
0.519481
0.519481
0.519481
0.519481
0.519481
0.519481
0.519481
0.519481
0.519481
0.519481
0.519481
0.519481
0.519481
0.519481
0.519481
0.519481
0.519481
0.519481
0.519481
0.519481
0.519481
0.519481
0.519481
0.519481
0.519481
0.519481
0.519481
0.519481
0.519481
0.519481
0.519481
0.519481
0.519481
0.519481
0.519481
0.519481
0.519481
0.519481
0.519481
0.519481
0.519481
0.519481
0.519481
0.51948
0.51948
0.51948
0.519479
0.519478
0.519477
0.519475
0.519473
0.51947
0.519465
0.519459
0.519451
0.519444
0.519436
0.519442
0.51936
0.519228
0.518638
)
;

boundaryField
{
    inlet
    {
        type            calculated;
        value           uniform 1;
    }
    outlet
    {
        type            calculated;
        value           nonuniform List<scalar> 
40
(
0.518638
0.863185
0.977594
1.01589
1.02902
1.03382
1.03587
1.03701
1.03784
1.03856
1.03921
1.03982
1.04037
1.04087
1.04131
1.04168
1.04198
1.04221
1.04236
1.04244
1.04244
1.04236
1.04221
1.04198
1.04168
1.04131
1.04087
1.04037
1.03982
1.03921
1.03856
1.03784
1.03701
1.03587
1.03382
1.02902
1.01589
0.977593
0.863185
0.518638
)
;
    }
    lowerWall
    {
        type            calculated;
        value           uniform 0;
    }
    upperWall
    {
        type            calculated;
        value           uniform 0;
    }
    frontAndBack
    {
        type            empty;
    }
}


// ************************************************************************* //
