/*--------------------------------*- C++ -*----------------------------------*\
| =========                 |                                                 |
| \\      /  F ield         | OpenFOAM: The Open Source CFD Toolbox           |
|  \\    /   O peration     | Version:  5.x                                   |
|   \\  /    A nd           | Web:      www.OpenFOAM.org                      |
|    \\/     M anipulation  |                                                 |
\*---------------------------------------------------------------------------*/
FoamFile
{
    version     2.0;
    format      ascii;
    class       volScalarField;
    location    "1";
    object      Uy;
}
// * * * * * * * * * * * * * * * * * * * * * * * * * * * * * * * * * * * * * //

dimensions      [0 1 -1 0 0 0 0];

internalField   nonuniform List<scalar> 
4000
(
0.0563929
0.00359484
-0.00176415
-0.00200078
-0.0021304
-0.00203722
-0.00204423
-0.00203432
-0.00204381
-0.00204755
-0.00205309
-0.00205678
-0.00206025
-0.00206285
-0.00206499
-0.00206675
-0.00206824
-0.00206949
-0.00207053
-0.00207141
-0.00207212
-0.00207273
-0.00207322
-0.00207363
-0.00207396
-0.00207422
-0.00207442
-0.00207458
-0.00207471
-0.00207481
-0.00207488
-0.00207494
-0.00207497
-0.00207501
-0.00207503
-0.00207505
-0.00207506
-0.00207507
-0.00207507
-0.00207508
-0.00207508
-0.00207509
-0.00207508
-0.0020751
-0.00207509
-0.00207509
-0.00207509
-0.0020751
-0.00207509
-0.00207509
-0.00207509
-0.0020751
-0.00207509
-0.00207509
-0.00207508
-0.0020751
-0.00207509
-0.00207509
-0.00207509
-0.0020751
-0.00207509
-0.00207509
-0.00207509
-0.0020751
-0.00207509
-0.00207509
-0.00207509
-0.0020751
-0.00207509
-0.00207509
-0.00207509
-0.00207509
-0.00207509
-0.0020751
-0.00207509
-0.00207509
-0.00207509
-0.00207509
-0.00207509
-0.00207509
-0.00207508
-0.00207507
-0.00207507
-0.00207505
-0.00207503
-0.00207501
-0.00207497
-0.00207492
-0.00207485
-0.00207475
-0.00207463
-0.00207448
-0.00207434
-0.00207433
-0.00207462
-0.00207527
-0.00207437
-0.00206116
-0.00202115
-0.00215157
0.128442
0.0160005
0.000987775
-6.87848e-05
-0.000503149
-0.000188032
-0.000199332
-0.000160955
-0.00018999
-0.000202355
-0.000221572
-0.000234405
-0.000246638
-0.000256282
-0.000264333
-0.00027089
-0.000276481
-0.000281195
-0.000285236
-0.000288692
-0.000291569
-0.000294007
-0.000296015
-0.000297703
-0.000299036
-0.00030013
-0.000300979
-0.000301675
-0.000302194
-0.000302628
-0.000302916
-0.000303175
-0.000303344
-0.000303497
-0.000303568
-0.000303653
-0.000303688
-0.000303737
-0.000303759
-0.000303797
-0.000303802
-0.00030381
-0.000303799
-0.000303852
-0.000303837
-0.00030383
-0.000303832
-0.000303864
-0.000303841
-0.000303836
-0.000303824
-0.000303858
-0.000303834
-0.000303826
-0.000303814
-0.00030386
-0.000303854
-0.000303827
-0.000303829
-0.000303875
-0.000303848
-0.000303832
-0.00030385
-0.000303879
-0.000303836
-0.000303832
-0.000303851
-0.00030387
-0.000303843
-0.000303848
-0.000303843
-0.000303849
-0.000303843
-0.000303853
-0.000303839
-0.00030383
-0.000303839
-0.000303832
-0.000303828
-0.000303822
-0.000303788
-0.000303777
-0.000303755
-0.000303702
-0.000303635
-0.000303546
-0.000303398
-0.000303234
-0.000302975
-0.000302615
-0.000302155
-0.000301602
-0.000300978
-0.000300638
-0.000300853
-0.000301434
-0.000293317
-0.000239508
-7.33535e-05
-0.000219099
0.135881
0.0244284
0.00334604
0.000828601
0.000106303
0.000612109
0.000618178
0.000683126
0.000636402
0.000613439
0.000579643
0.000556348
0.000534565
0.000517186
0.000502482
0.000490408
0.000480033
0.000471203
0.000463658
0.000457159
0.00045169
0.000447046
0.000443222
0.000440004
0.000437414
0.0004353
0.000433646
0.000432282
0.000431248
0.00043039
0.0004298
0.000429312
0.00042898
0.000428673
0.000428508
0.000428339
0.000428268
0.000428179
0.000428137
0.000428066
0.000428043
0.000427999
0.000428032
0.000427964
0.000427968
0.000427966
0.000427965
0.000427921
0.000427958
0.000427961
0.000427987
0.00042795
0.000427976
0.00042797
0.000427994
0.000427952
0.000427949
0.00042796
0.000427977
0.000427921
0.000427938
0.000427953
0.000427955
0.00042791
0.000427946
0.00042795
0.000427949
0.000427917
0.000427947
0.000427934
0.000427946
0.000427947
0.000427965
0.000427947
0.000427958
0.000427964
0.000427971
0.00042797
0.000427991
0.000427993
0.000428043
0.000428079
0.000428138
0.000428228
0.000428366
0.000428534
0.00042881
0.000429147
0.000429643
0.00043032
0.000431218
0.000432311
0.00043363
0.000434599
0.000435256
0.000436381
0.000458808
0.000569136
0.000943254
0.00117816
0.123258
0.0286552
0.00469541
0.000705424
-0.000181297
0.000447735
0.000486705
0.000570595
0.000511104
0.000477668
0.000430983
0.000397662
0.000366807
0.000341839
0.000320382
0.000303347
0.000288693
0.00027615
0.000265407
0.000256131
0.000248257
0.000241538
0.00023597
0.000231286
0.000227451
0.00022433
0.000221883
0.000219882
0.000218354
0.000217095
0.000216196
0.000215481
0.000214977
0.000214529
0.000214281
0.000214043
0.000213916
0.000213781
0.000213711
0.000213621
0.000213584
0.000213503
0.000213537
0.000213466
0.000213456
0.000213445
0.000213449
0.000213404
0.000213438
0.000213439
0.000213483
0.000213452
0.000213475
0.000213458
0.000213487
0.000213452
0.000213439
0.000213433
0.000213461
0.000213403
0.000213408
0.000213421
0.000213436
0.000213388
0.000213418
0.000213422
0.00021343
0.000213389
0.000213422
0.000213411
0.000213425
0.00021343
0.000213452
0.000213435
0.000213443
0.000213444
0.000213461
0.000213456
0.00021349
0.000213496
0.00021356
0.00021362
0.000213714
0.000213848
0.000214055
0.000214303
0.000214696
0.0002152
0.00021592
0.000216905
0.000218224
0.000219856
0.000221938
0.00022377
0.000226162
0.000230547
0.000271546
0.000444185
0.00104985
0.00176947
0.109926
0.0309627
0.00570172
0.000552329
-0.000402968
0.000302745
0.000376205
0.000472017
0.00040417
0.000362155
0.000305729
0.000264651
0.000227035
0.000196472
0.000170189
0.000149071
0.000130862
0.000115162
0.000101662
8.99639e-05
7.99421e-05
7.12865e-05
6.40197e-05
5.78463e-05
5.26494e-05
4.8485e-05
4.53377e-05
4.27771e-05
4.0811e-05
3.91906e-05
3.80059e-05
3.70759e-05
3.64269e-05
3.58553e-05
3.55247e-05
3.52156e-05
3.50344e-05
3.48526e-05
3.47662e-05
3.46645e-05
3.46098e-05
3.44847e-05
3.45204e-05
3.44542e-05
3.44296e-05
3.44089e-05
3.44178e-05
3.43651e-05
3.44015e-05
3.44012e-05
3.44572e-05
3.44323e-05
3.44605e-05
3.44287e-05
3.44545e-05
3.44315e-05
3.44197e-05
3.4389e-05
3.44201e-05
3.43716e-05
3.43677e-05
3.43717e-05
3.43989e-05
3.435e-05
3.43724e-05
3.43731e-05
3.4395e-05
3.43452e-05
3.4378e-05
3.43688e-05
3.4388e-05
3.43973e-05
3.44217e-05
3.44048e-05
3.4413e-05
3.44086e-05
3.44335e-05
3.44241e-05
3.44665e-05
3.44788e-05
3.45551e-05
3.46373e-05
3.4765e-05
3.4935e-05
3.52018e-05
3.5523e-05
3.60172e-05
3.66644e-05
3.75754e-05
3.88184e-05
4.05034e-05
4.26165e-05
4.54555e-05
4.83127e-05
5.33045e-05
6.23734e-05
0.000123601
0.000349307
0.00116843
0.00229725
0.098239
0.0321883
0.00652738
0.000506775
-0.000468203
0.000281931
0.000387444
0.000489695
0.000417583
0.000369663
0.00030728
0.000261521
0.000220243
0.000186949
0.000158343
0.000134149
0.000113234
9.51334e-05
7.95115e-05
6.59578e-05
5.43214e-05
4.42366e-05
3.57313e-05
2.85298e-05
2.24565e-05
1.75485e-05
1.38052e-05
1.07646e-05
8.40974e-06
6.47371e-06
5.03526e-06
3.90017e-06
3.09484e-06
2.38306e-06
1.94148e-06
1.57742e-06
1.35382e-06
1.13584e-06
1.02045e-06
8.9886e-07
8.39321e-07
6.86069e-07
7.0906e-07
6.50426e-07
6.17147e-07
5.81664e-07
5.92028e-07
5.41461e-07
5.79648e-07
5.74918e-07
6.3577e-07
6.18558e-07
6.55165e-07
6.13647e-07
6.28783e-07
6.13988e-07
6.08593e-07
5.61212e-07
5.85638e-07
5.47013e-07
5.39364e-07
5.33443e-07
5.68532e-07
5.21898e-07
5.37676e-07
5.33556e-07
5.67704e-07
5.13185e-07
5.40274e-07
5.37042e-07
5.62549e-07
5.74803e-07
5.99535e-07
5.84435e-07
5.93416e-07
5.82211e-07
6.11765e-07
6.02349e-07
6.48705e-07
6.68595e-07
7.55898e-07
8.56777e-07
1.0108e-06
1.21219e-06
1.52982e-06
1.92122e-06
2.52662e-06
3.32153e-06
4.41134e-06
5.88114e-06
7.88712e-06
1.04314e-05
1.40025e-05
1.79677e-05
2.5631e-05
3.93971e-05
0.000119346
0.00038398
0.00139881
0.00284707
0.0876274
0.0325002
0.00711906
0.000482835
-0.000481818
0.0002868
0.0004228
0.000529344
0.000455185
0.000402793
0.000335895
0.00028629
0.000241731
0.000205686
0.000174712
0.000148341
0.000125543
0.000105797
8.87016e-05
7.38696e-05
6.11676e-05
5.01868e-05
4.09392e-05
3.32104e-05
2.67846e-05
2.14595e-05
1.7232e-05
1.3801e-05
1.11258e-05
8.9329e-06
7.27316e-06
5.94892e-06
4.98933e-06
4.14522e-06
3.61685e-06
3.21449e-06
2.95496e-06
2.70359e-06
2.55582e-06
2.41673e-06
2.35559e-06
2.18848e-06
2.19229e-06
2.13924e-06
2.09804e-06
2.05253e-06
2.06194e-06
2.01428e-06
2.05392e-06
2.05233e-06
2.11085e-06
2.09577e-06
2.14064e-06
2.09975e-06
2.09977e-06
2.08591e-06
2.08823e-06
2.03484e-06
2.04647e-06
2.01636e-06
2.00801e-06
1.99429e-06
2.03212e-06
1.99056e-06
2.00055e-06
1.99165e-06
2.03429e-06
1.98017e-06
1.99844e-06
2.00119e-06
2.0318e-06
2.04955e-06
2.07289e-06
2.05883e-06
2.06884e-06
2.05249e-06
2.08205e-06
2.07659e-06
2.12515e-06
2.15044e-06
2.24503e-06
2.36329e-06
2.53896e-06
2.76476e-06
3.12069e-06
3.568e-06
4.2546e-06
5.18911e-06
6.43842e-06
8.09854e-06
1.03766e-05
1.32971e-05
1.75506e-05
2.2632e-05
3.27663e-05
5.07445e-05
0.000147085
0.000446215
0.00162597
0.00331318
0.0779171
0.0320458
0.00746334
0.000446822
-0.000486776
0.000281814
0.00044488
0.000553443
0.000479422
0.000424239
0.000354706
0.000302635
0.00025589
0.000217868
0.000185179
0.000157425
0.000133398
0.000112576
9.44821e-05
7.87303e-05
6.52287e-05
5.35661e-05
4.36841e-05
3.54322e-05
2.85833e-05
2.28812e-05
1.82985e-05
1.4591e-05
1.16903e-05
9.32738e-06
7.51658e-06
6.07154e-06
5.02793e-06
4.13628e-06
3.55621e-06
3.10275e-06
2.80287e-06
2.53038e-06
2.35457e-06
2.19585e-06
2.13056e-06
1.96357e-06
1.94388e-06
1.89364e-06
1.84724e-06
1.79693e-06
1.80135e-06
1.75787e-06
1.79659e-06
1.80391e-06
1.85812e-06
1.842e-06
1.88952e-06
1.85758e-06
1.84342e-06
1.82552e-06
1.83151e-06
1.78201e-06
1.77974e-06
1.75566e-06
1.74637e-06
1.72732e-06
1.76449e-06
1.73109e-06
1.73568e-06
1.72166e-06
1.76807e-06
1.7201e-06
1.72889e-06
1.73742e-06
1.77049e-06
1.79447e-06
1.8158e-06
1.80289e-06
1.81303e-06
1.79439e-06
1.81964e-06
1.81983e-06
1.87001e-06
1.89901e-06
1.99643e-06
2.13099e-06
2.32546e-06
2.5713e-06
2.95388e-06
3.46386e-06
4.1823e-06
5.17432e-06
6.50243e-06
8.26827e-06
1.07303e-05
1.39384e-05
1.87735e-05
2.4911e-05
3.76441e-05
5.99105e-05
0.000170647
0.000496104
0.00179876
0.00365081
0.0690732
0.0309865
0.00758537
0.000402033
-0.000486702
0.000267421
0.00045258
0.000560908
0.000488964
0.000432718
0.000362528
0.000309557
0.000262028
0.00022317
0.000189732
0.000161376
0.000136772
0.000115433
9.68421e-05
8.05814e-05
6.66079e-05
5.4557e-05
4.42752e-05
3.56588e-05
2.84982e-05
2.25526e-05
1.77506e-05
1.38762e-05
1.0841e-05
8.38823e-06
6.49526e-06
4.99411e-06
3.92676e-06
3.05223e-06
2.4373e-06
1.95945e-06
1.63063e-06
1.34533e-06
1.14675e-06
9.65314e-07
8.85974e-07
7.2648e-07
6.85391e-07
6.37109e-07
5.85703e-07
5.31551e-07
5.31552e-07
4.9381e-07
5.27476e-07
5.45066e-07
5.98574e-07
5.8028e-07
6.22815e-07
6.04226e-07
5.82132e-07
5.57586e-07
5.61208e-07
5.20274e-07
5.06637e-07
4.85832e-07
4.75828e-07
4.51742e-07
4.84814e-07
4.61324e-07
4.63302e-07
4.44829e-07
4.89707e-07
4.50961e-07
4.52882e-07
4.6718e-07
4.99971e-07
5.29161e-07
5.48979e-07
5.36481e-07
5.46297e-07
5.28983e-07
5.46771e-07
5.50289e-07
6.02973e-07
6.3577e-07
7.32654e-07
8.83647e-07
1.10057e-06
1.36567e-06
1.76495e-06
2.30548e-06
3.02413e-06
4.00596e-06
5.34499e-06
7.14234e-06
9.70467e-06
1.31093e-05
1.84012e-05
2.54617e-05
4.05562e-05
6.65986e-05
0.000188537
0.000530372
0.00191174
0.00385995
0.0609988
0.0294494
0.00751397
0.000354954
-0.000479891
0.000247535
0.000448839
0.000554945
0.000486593
0.000430823
0.000361713
0.000309238
0.000262181
0.000223518
0.000190205
0.000161971
0.000137422
0.000116091
9.74914e-05
8.11517e-05
6.7054e-05
5.49269e-05
4.45359e-05
3.57837e-05
2.8504e-05
2.2475e-05
1.7585e-05
1.36375e-05
1.05401e-05
8.04844e-06
6.11495e-06
4.58192e-06
3.49659e-06
2.63846e-06
2.01799e-06
1.54984e-06
1.21235e-06
9.23161e-07
7.19644e-07
5.24923e-07
4.33753e-07
2.84732e-07
2.28426e-07
1.80349e-07
1.2489e-07
6.5102e-08
6.30484e-08
3.22409e-08
5.96494e-08
8.25721e-08
1.40926e-07
1.22088e-07
1.54847e-07
1.47331e-07
1.23743e-07
9.3451e-08
9.09535e-08
5.83206e-08
3.66781e-08
1.57698e-08
6.85573e-09
-2.31038e-08
3.83158e-09
-1.07581e-08
-7.52296e-09
-2.99562e-08
1.06121e-08
-1.83169e-08
-1.93373e-08
-8.35587e-10
3.13969e-08
6.29823e-08
8.31294e-08
7.00588e-08
7.76041e-08
6.50426e-08
7.57446e-08
7.84681e-08
1.33959e-07
1.722e-07
2.66322e-07
4.23959e-07
6.5108e-07
9.23983e-07
1.3243e-06
1.8485e-06
2.54821e-06
3.51831e-06
4.85732e-06
6.65659e-06
9.26758e-06
1.27963e-05
1.8416e-05
2.62137e-05
4.32037e-05
7.21451e-05
0.000201454
0.00055
0.0019672
0.00394884
0.0535733
0.0275284
0.0072731
0.000308686
-0.000465955
0.000224077
0.000434931
0.000537038
0.000473415
0.000419449
0.000352906
0.000302128
0.000256618
0.000219039
0.000186605
0.000159136
0.000135229
0.000114391
9.6222e-05
8.02132e-05
6.63288e-05
5.44046e-05
4.41801e-05
3.55186e-05
2.83006e-05
2.23375e-05
1.74878e-05
1.356e-05
1.04744e-05
7.99427e-06
6.06503e-06
4.52859e-06
3.43664e-06
2.59226e-06
1.97147e-06
1.50408e-06
1.16535e-06
8.78044e-07
6.83596e-07
4.89559e-07
3.93166e-07
2.5294e-07
1.88207e-07
1.40306e-07
8.71258e-08
1.91705e-08
1.46366e-08
-7.4586e-09
1.6202e-08
3.80915e-08
1.02181e-07
8.55018e-08
1.06761e-07
1.04244e-07
8.42825e-08
5.17588e-08
4.32864e-08
1.47526e-08
-1.0623e-08
-3.37315e-08
-3.90599e-08
-7.45386e-08
-5.56017e-08
-6.36513e-08
-5.51943e-08
-8.07594e-08
-4.58769e-08
-6.65531e-08
-6.86612e-08
-4.72159e-08
-1.34978e-08
1.67006e-08
3.86292e-08
2.37186e-08
2.75854e-08
2.0064e-08
2.71281e-08
2.46412e-08
8.09124e-08
1.25143e-07
2.1596e-07
3.68809e-07
5.92041e-07
8.60692e-07
1.24986e-06
1.76783e-06
2.45472e-06
3.41026e-06
4.73722e-06
6.50894e-06
9.11375e-06
1.26889e-05
1.84879e-05
2.67848e-05
4.50893e-05
7.59002e-05
0.00020854
0.000554682
0.001967
0.0039255
0.0466893
0.0252964
0.00688359
0.000264674
-0.00044476
0.000198398
0.000411826
0.000508289
0.000450227
0.000399212
0.000336516
0.000288486
0.000245461
0.00020975
0.000178871
0.00015274
0.000130005
0.000110112
9.27591e-05
7.74541e-05
6.41099e-05
5.26384e-05
4.28202e-05
3.44672e-05
2.74816e-05
2.1719e-05
1.70325e-05
1.32199e-05
1.02238e-05
7.81437e-06
5.94074e-06
4.4426e-06
3.37176e-06
2.55424e-06
1.95002e-06
1.48872e-06
1.15724e-06
8.71883e-07
6.84193e-07
4.95245e-07
3.94476e-07
2.59587e-07
1.89991e-07
1.42763e-07
9.85917e-08
2.25731e-08
1.36449e-08
1.72715e-09
2.65006e-08
4.20233e-08
1.08334e-07
9.68087e-08
1.07674e-07
1.03749e-07
8.90788e-08
5.87532e-08
4.66472e-08
1.76314e-08
-8.53624e-09
-3.49685e-08
-3.48272e-08
-7.34396e-08
-6.39513e-08
-6.87039e-08
-5.2221e-08
-7.90413e-08
-5.08908e-08
-6.5313e-08
-6.75748e-08
-4.42814e-08
-7.11558e-09
1.84315e-08
4.21043e-08
2.55376e-08
2.41681e-08
1.99801e-08
2.80913e-08
1.78714e-08
7.09207e-08
1.20706e-07
2.09296e-07
3.55173e-07
5.76608e-07
8.39749e-07
1.21346e-06
1.72011e-06
2.38555e-06
3.30515e-06
4.59245e-06
6.29756e-06
8.8305e-06
1.2363e-05
1.81753e-05
2.66934e-05
4.56555e-05
7.7228e-05
0.000209121
0.000544257
0.00191374
0.00379853
0.0402574
0.0228125
0.00636459
0.000223698
-0.000416059
0.000171773
0.000380691
0.000469964
0.00041806
0.000370973
0.000313219
0.000268857
0.000229134
0.00019599
0.00016727
0.000142985
0.000121888
0.000103361
8.717e-05
7.28941e-05
6.04014e-05
4.96198e-05
4.04135e-05
3.25715e-05
2.59856e-05
2.05482e-05
1.61364e-05
1.25321e-05
9.7001e-06
7.42083e-06
5.65179e-06
4.23287e-06
3.21515e-06
2.44245e-06
1.87484e-06
1.433e-06
1.11993e-06
8.40831e-07
6.58692e-07
4.79709e-07
3.82507e-07
2.50351e-07
1.77145e-07
1.2983e-07
9.73467e-08
1.74795e-08
3.58992e-09
4.14038e-10
3.06643e-08
3.66021e-08
1.02344e-07
9.78451e-08
1.00991e-07
9.14382e-08
8.04061e-08
5.55417e-08
4.27776e-08
9.85612e-09
-1.7295e-08
-4.72295e-08
-4.09029e-08
-7.97587e-08
-7.98265e-08
-8.53593e-08
-5.95317e-08
-8.50877e-08
-6.42993e-08
-7.35003e-08
-7.38614e-08
-5.15727e-08
-9.74962e-09
1.01901e-08
3.39405e-08
1.71734e-08
9.01488e-09
6.14032e-09
1.91733e-08
1.98488e-09
4.74655e-08
1.02206e-07
1.90299e-07
3.25943e-07
5.42081e-07
7.95999e-07
1.14802e-06
1.62986e-06
2.25912e-06
3.119e-06
4.33618e-06
5.93667e-06
8.33174e-06
1.17284e-05
1.73819e-05
2.58206e-05
4.47399e-05
7.59347e-05
0.000203096
0.000519195
0.00181116
0.00357747
0.0342013
0.0201252
0.0057339
0.000186044
-0.000379747
0.000145248
0.000342731
0.000423371
0.000378034
0.000335698
0.000283811
0.000243908
0.000208193
0.000178221
0.000152197
0.000130208
0.00011115
9.43664e-05
7.96559e-05
6.66857e-05
5.53243e-05
4.54634e-05
3.70495e-05
2.98944e-05
2.38705e-05
1.88765e-05
1.48373e-05
1.15269e-05
8.92771e-06
6.83335e-06
5.21448e-06
3.91064e-06
2.97574e-06
2.26468e-06
1.75197e-06
1.34211e-06
1.05701e-06
7.92053e-07
6.17544e-07
4.51447e-07
3.66536e-07
2.37835e-07
1.62104e-07
1.12826e-07
9.33674e-08
1.49992e-08
-3.02214e-09
-1.23685e-09
3.79809e-08
3.39963e-08
9.52496e-08
9.76291e-08
9.71326e-08
8.01079e-08
7.07069e-08
5.16755e-08
4.27486e-08
3.64709e-09
-2.50414e-08
-5.84007e-08
-4.67351e-08
-8.44861e-08
-9.13539e-08
-1.01248e-07
-6.67064e-08
-8.85652e-08
-7.4854e-08
-8.03176e-08
-7.66235e-08
-5.82403e-08
-1.18263e-08
3.17758e-09
2.54491e-08
9.54132e-09
-4.47654e-09
-9.83576e-09
1.04656e-08
-1.11579e-08
2.32767e-08
8.01425e-08
1.69608e-07
2.91287e-07
4.96118e-07
7.35207e-07
1.05959e-06
1.50375e-06
2.0835e-06
2.8638e-06
3.98236e-06
5.44467e-06
7.64101e-06
1.0809e-05
1.61328e-05
2.41864e-05
4.23523e-05
7.20472e-05
0.000190702
0.00048042
0.00166383
0.00327253
0.0284544
0.0172748
0.00500824
0.00015161
-0.000336023
0.000119551
0.000299082
0.000369754
0.000331253
0.000294353
0.000249099
0.000214325
0.000183216
0.000156935
0.000134068
0.000114767
9.80881e-05
8.33748e-05
7.04379e-05
5.90103e-05
4.90158e-05
4.02931e-05
3.28382e-05
2.65144e-05
2.11986e-05
1.67604e-05
1.31798e-05
1.02375e-05
7.93482e-06
6.07453e-06
4.64763e-06
3.48899e-06
2.66435e-06
2.03049e-06
1.5876e-06
1.22122e-06
9.71341e-07
7.28119e-07
5.66704e-07
4.12334e-07
3.46769e-07
2.2465e-07
1.48975e-07
9.5658e-08
8.81946e-08
1.58686e-08
-3.12262e-09
-1.85878e-09
4.87741e-08
3.63208e-08
8.96482e-08
9.68714e-08
9.68503e-08
7.27332e-08
6.371e-08
4.80595e-08
4.71325e-08
2.15462e-09
-2.86187e-08
-6.57596e-08
-5.02411e-08
-8.73781e-08
-9.63905e-08
-1.12815e-07
-7.18169e-08
-8.82367e-08
-7.99855e-08
-8.4064e-08
-7.35563e-08
-6.12712e-08
-1.17154e-08
-6.97531e-10
1.88929e-08
4.45157e-09
-1.29207e-08
-2.44067e-08
2.92834e-09
-1.92112e-08
2.66752e-09
5.70741e-08
1.48323e-07
2.53967e-07
4.42171e-07
6.6074e-07
9.52615e-07
1.34864e-06
1.86716e-06
2.55173e-06
3.54554e-06
4.83955e-06
6.78304e-06
9.63271e-06
1.44628e-05
2.18355e-05
3.85598e-05
6.56953e-05
0.000172385
0.000429159
0.00147687
0.00289432
0.022958
0.0142953
0.00420347
0.000120043
-0.000285414
9.51025e-05
0.000250791
0.000310294
0.000278791
0.000247889
0.000209889
0.000180801
0.000154794
0.000132635
0.000113311
9.70351e-05
8.30243e-05
7.06501e-05
5.97445e-05
5.00675e-05
4.16291e-05
3.42346e-05
2.78949e-05
2.25202e-05
1.80325e-05
1.42538e-05
1.12084e-05
8.69644e-06
6.74654e-06
5.16411e-06
3.96564e-06
2.97735e-06
2.28724e-06
1.74607e-06
1.38438e-06
1.07179e-06
8.63064e-07
6.47873e-07
5.07351e-07
3.62719e-07
3.18482e-07
2.07996e-07
1.36149e-07
7.70978e-08
7.94916e-08
1.65218e-08
2.05203e-09
-2.6e-09
5.90564e-08
4.12611e-08
8.38843e-08
9.2739e-08
9.62795e-08
6.74408e-08
5.89738e-08
4.28047e-08
5.20019e-08
3.41406e-09
-2.93475e-08
-7.14243e-08
-5.31921e-08
-9.06677e-08
-9.78061e-08
-1.20548e-07
-7.68765e-08
-8.69958e-08
-8.17554e-08
-8.72342e-08
-6.79378e-08
-6.19259e-08
-1.13242e-08
-3.58635e-09
1.22189e-08
-8.97324e-10
-1.80123e-08
-3.82775e-08
-6.9806e-09
-2.56758e-08
-1.53712e-08
3.14819e-08
1.23741e-07
2.12755e-07
3.8016e-07
5.7259e-07
8.27934e-07
1.16737e-06
1.61378e-06
2.18959e-06
3.03535e-06
4.13384e-06
5.7778e-06
8.22613e-06
1.24107e-05
1.88304e-05
3.34762e-05
5.70944e-05
0.000148763
0.000366893
0.0012558
0.00245373
0.0176591
0.011216
0.00333477
9.08696e-05
-0.000228742
7.20561e-05
0.000198832
0.000246125
0.000221702
0.00019725
0.000166995
0.000144036
0.000123535
0.000105844
9.03761e-05
7.74016e-05
6.62995e-05
5.648e-05
4.78172e-05
4.00717e-05
3.33391e-05
2.74255e-05
2.234e-05
1.80152e-05
1.44448e-05
1.14143e-05
8.97238e-06
6.94264e-06
5.39113e-06
4.12481e-06
3.18453e-06
2.38804e-06
1.8518e-06
1.41925e-06
1.14644e-06
8.96049e-07
7.33122e-07
5.52013e-07
4.40349e-07
3.04652e-07
2.78856e-07
1.85548e-07
1.22403e-07
5.78287e-08
6.65581e-08
1.5015e-08
1.09295e-08
-2.6955e-09
6.68423e-08
4.8064e-08
7.76501e-08
8.47554e-08
9.29361e-08
6.2916e-08
5.63478e-08
3.56974e-08
5.39108e-08
5.88211e-09
-2.76284e-08
-7.5957e-08
-5.63537e-08
-9.45964e-08
-9.75888e-08
-1.24115e-07
-8.23252e-08
-8.6346e-08
-8.1383e-08
-9.06694e-08
-6.19765e-08
-6.05184e-08
-1.1336e-08
-6.46292e-09
4.43004e-09
-8.13973e-09
-2.14386e-08
-5.06253e-08
-2.07593e-08
-3.32428e-08
-3.12672e-08
3.7067e-09
9.44289e-08
1.67575e-07
3.11021e-07
4.72009e-07
6.86897e-07
9.63542e-07
1.32793e-06
1.78464e-06
2.46282e-06
3.34168e-06
4.64746e-06
6.62182e-06
1.00266e-05
1.52568e-05
2.72644e-05
4.65398e-05
0.000120602
0.000295322
0.00100644
0.00196186
0.0125096
0.00806238
0.00241682
6.35624e-05
-0.000167082
5.03417e-05
0.0001441
0.000178341
0.000161025
0.000143371
0.000121234
0.000104741
9.00563e-05
7.71024e-05
6.57282e-05
5.62726e-05
4.82693e-05
4.11724e-05
3.49112e-05
2.92463e-05
2.43369e-05
2.00178e-05
1.62986e-05
1.3111e-05
1.05204e-05
8.30592e-06
6.52521e-06
5.02195e-06
3.90142e-06
2.98212e-06
2.32279e-06
1.73723e-06
1.36789e-06
1.05873e-06
8.79857e-07
6.98193e-07
5.83706e-07
4.42854e-07
3.66961e-07
2.4191e-07
2.27856e-07
1.56165e-07
1.06958e-07
3.93953e-08
5.00791e-08
1.09483e-08
2.22569e-08
-4.53112e-10
7.11213e-08
5.66366e-08
7.17182e-08
7.39979e-08
8.58047e-08
5.82555e-08
5.57833e-08
2.83523e-08
5.13796e-08
8.25833e-09
-2.37312e-08
-7.87146e-08
-6.00551e-08
-9.83397e-08
-9.69295e-08
-1.23281e-07
-8.73746e-08
-8.66671e-08
-7.95252e-08
-9.38481e-08
-5.71154e-08
-5.71765e-08
-1.19373e-08
-9.3276e-09
-4.2115e-09
-1.74185e-08
-2.43804e-08
-6.00223e-08
-3.76132e-08
-4.35138e-08
-4.52952e-08
-2.46249e-08
6.04618e-08
1.1914e-07
2.36381e-07
3.61412e-07
5.31783e-07
7.41759e-07
1.0158e-06
1.34536e-06
1.84085e-06
2.47995e-06
3.41719e-06
4.85834e-06
7.37161e-06
1.1221e-05
2.01303e-05
3.4394e-05
8.87889e-05
0.00021633
0.000734872
0.00142998
0.00746455
0.00485744
0.00146394
3.75825e-05
-0.000101713
2.97105e-05
8.74337e-05
0.000108005
9.77917e-05
8.71787e-05
7.34267e-05
6.36347e-05
5.49826e-05
4.69611e-05
3.98474e-05
3.40658e-05
2.92992e-05
2.50472e-05
2.12954e-05
1.78202e-05
1.48222e-05
1.21754e-05
9.90095e-06
7.92179e-06
6.35363e-06
4.99953e-06
3.92252e-06
2.98322e-06
2.31456e-06
1.76351e-06
1.40083e-06
1.04339e-06
8.48007e-07
6.73076e-07
5.91764e-07
4.84495e-07
4.18771e-07
3.23249e-07
2.88217e-07
1.78265e-07
1.68285e-07
1.19619e-07
8.90002e-08
2.35277e-08
3.16557e-08
4.24123e-09
3.43267e-08
5.48983e-09
7.14156e-08
6.59967e-08
6.69175e-08
6.19772e-08
7.49458e-08
5.24802e-08
5.66903e-08
2.26068e-08
4.45206e-08
9.25826e-09
-1.84861e-08
-7.89584e-08
-6.42157e-08
-1.01239e-07
-9.65512e-08
-1.18711e-07
-9.11099e-08
-8.80011e-08
-7.69237e-08
-9.60615e-08
-5.41562e-08
-5.22481e-08
-1.3213e-08
-1.22854e-08
-1.29855e-08
-2.81247e-08
-2.80305e-08
-6.57779e-08
-5.54733e-08
-5.71222e-08
-5.81979e-08
-5.17397e-08
2.26216e-08
6.80278e-08
1.57838e-07
2.43651e-07
3.65594e-07
5.0683e-07
6.84575e-07
8.8093e-07
1.18315e-06
1.56721e-06
2.11427e-06
2.9785e-06
4.51568e-06
6.84479e-06
1.23136e-05
2.1072e-05
5.43046e-05
0.000131938
0.000447315
0.000869438
0.00248127
0.0016224
0.000490193
1.23945e-05
-3.4061e-05
9.78393e-06
2.96207e-05
3.61491e-05
3.30278e-05
2.95941e-05
2.43912e-05
2.14397e-05
1.89456e-05
1.59767e-05
1.32231e-05
1.12086e-05
9.76144e-06
8.42971e-06
7.24842e-06
6.02798e-06
4.99811e-06
4.07033e-06
3.28402e-06
2.56146e-06
2.04312e-06
1.57226e-06
1.22222e-06
8.7531e-07
6.71435e-07
4.98761e-07
4.40695e-07
3.25171e-07
3.06971e-07
2.7123e-07
2.89695e-07
2.62374e-07
2.44559e-07
1.95993e-07
2.04674e-07
1.16326e-07
1.05263e-07
7.68195e-08
6.73098e-08
1.08856e-08
1.39065e-08
-4.88619e-09
4.51721e-08
1.57477e-08
6.80921e-08
7.40623e-08
6.37078e-08
5.00992e-08
6.134e-08
4.46211e-08
5.79881e-08
1.97984e-08
3.49712e-08
7.98922e-09
-1.31746e-08
-7.64501e-08
-6.81571e-08
-1.02953e-07
-9.67835e-08
-1.11836e-07
-9.26964e-08
-9.00986e-08
-7.41678e-08
-9.66644e-08
-5.32264e-08
-4.64265e-08
-1.51154e-08
-1.57273e-08
-2.10631e-08
-3.92675e-08
-3.32454e-08
-6.84428e-08
-7.19585e-08
-7.37226e-08
-7.10604e-08
-7.6398e-08
-1.77663e-08
1.46473e-08
7.69131e-08
1.21741e-07
1.92106e-07
2.63533e-07
3.4182e-07
4.01088e-07
5.03721e-07
6.22955e-07
7.67507e-07
1.02795e-06
1.53507e-06
2.26073e-06
4.07897e-06
7.02721e-06
1.81925e-05
4.42665e-05
0.000150124
0.000291683
-0.00248154
-0.00162256
-0.000490494
-1.25294e-05
3.43566e-05
-9.89632e-06
-2.85767e-05
-3.62107e-05
-3.22463e-05
-2.84608e-05
-2.50524e-05
-2.11191e-05
-1.74195e-05
-1.52904e-05
-1.36496e-05
-1.18657e-05
-9.9655e-06
-8.35228e-06
-6.94438e-06
-5.88975e-06
-4.92976e-06
-4.12248e-06
-3.40876e-06
-2.85544e-06
-2.3116e-06
-1.89437e-06
-1.5146e-06
-1.25439e-06
-9.85653e-07
-7.80007e-07
-5.34103e-07
-4.0004e-07
-2.39546e-07
-1.36722e-07
-1.87325e-08
3.86217e-08
6.8891e-08
6.44104e-08
1.1652e-07
5.68174e-08
4.4356e-08
2.99911e-08
4.06663e-08
4.60466e-10
-9.49714e-11
-1.52982e-08
5.28033e-08
2.98595e-08
6.2795e-08
7.85452e-08
6.19303e-08
3.94233e-08
4.66733e-08
3.42181e-08
5.83195e-08
2.0261e-08
2.51185e-08
4.26424e-09
-9.01983e-09
-7.16639e-08
-7.08518e-08
-1.03226e-07
-9.74576e-08
-1.04448e-07
-9.16929e-08
-9.23981e-08
-7.15795e-08
-9.52109e-08
-5.38442e-08
-4.05006e-08
-1.73179e-08
-2.02335e-08
-2.79176e-08
-4.96994e-08
-4.04208e-08
-6.94995e-08
-8.51748e-08
-9.19012e-08
-8.48817e-08
-9.81447e-08
-5.90076e-08
-4.0486e-08
-4.86035e-09
-1.30942e-09
1.56811e-08
1.66881e-08
-5.03285e-09
-8.40202e-08
-1.83265e-07
-3.32967e-07
-5.9325e-07
-9.45918e-07
-1.4898e-06
-2.39224e-06
-4.29493e-06
-7.26281e-06
-1.84655e-05
-4.45025e-05
-0.000150286
-0.000291815
-0.0074648
-0.0048576
-0.00146424
-3.77134e-05
0.000101993
-2.98167e-05
-8.64039e-05
-0.000108067
-9.70133e-05
-8.60629e-05
-7.40844e-05
-6.33171e-05
-5.34749e-05
-4.62783e-05
-4.02731e-05
-3.4721e-05
-2.95004e-05
-2.49699e-05
-2.09957e-05
-1.76877e-05
-1.47545e-05
-1.22274e-05
-1.00302e-05
-8.21225e-06
-6.61262e-06
-5.31773e-06
-4.22352e-06
-3.35971e-06
-2.61609e-06
-2.0394e-06
-1.49881e-06
-1.11638e-06
-7.77106e-07
-5.39652e-07
-3.25709e-07
-1.81799e-07
-1.00583e-07
-6.70354e-08
2.41658e-08
-1.3335e-09
-1.05161e-08
-1.73962e-08
8.74027e-09
-1.02858e-08
-8.35726e-09
-2.48607e-08
5.55965e-08
4.6049e-08
5.79572e-08
7.80826e-08
6.07385e-08
3.05058e-08
3.27628e-08
2.17051e-08
5.63037e-08
2.31606e-08
1.71059e-08
-1.36328e-09
-6.79727e-09
-6.5533e-08
-7.15443e-08
-1.01719e-07
-9.80625e-08
-9.80473e-08
-8.82836e-08
-9.41907e-08
-6.93109e-08
-9.15561e-08
-5.52673e-08
-3.528e-08
-1.93316e-08
-2.62239e-08
-3.36046e-08
-5.82769e-08
-4.9307e-08
-7.06826e-08
-9.42089e-08
-1.09586e-07
-1.00226e-07
-1.17237e-07
-9.93232e-08
-9.65895e-08
-8.59716e-08
-1.22656e-07
-1.5925e-07
-2.28755e-07
-3.49003e-07
-5.64219e-07
-8.63505e-07
-1.28071e-06
-1.93795e-06
-2.89497e-06
-4.47688e-06
-6.97307e-06
-1.2525e-05
-2.13117e-05
-5.4575e-05
-0.00013217
-0.000447479
-0.000869569
-0.0125098
-0.00806254
-0.00241713
-6.36856e-05
0.000167334
-5.04385e-05
-0.000143096
-0.000178403
-0.000160256
-0.000142286
-0.000121884
-0.000104431
-8.8583e-05
-7.64257e-05
-6.61512e-05
-5.69229e-05
-4.8463e-05
-4.10947e-05
-3.462e-05
-2.91199e-05
-2.42694e-05
-2.00707e-05
-1.64332e-05
-1.33902e-05
-1.07645e-05
-8.61746e-06
-6.83807e-06
-5.3941e-06
-4.18284e-06
-3.24665e-06
-2.42776e-06
-1.80838e-06
-1.29361e-06
-9.26352e-07
-6.22859e-07
-3.95439e-07
-2.58245e-07
-1.92719e-07
-7.08178e-08
-5.99275e-08
-5.81884e-08
-6.15088e-08
-2.6998e-08
-2.42208e-08
-1.13491e-08
-3.11793e-08
5.2957e-08
6.15783e-08
5.57034e-08
7.28789e-08
5.88651e-08
2.34248e-08
2.09839e-08
8.44311e-09
5.09804e-08
2.68035e-08
1.2158e-08
-7.76453e-09
-6.66274e-09
-5.90209e-08
-7.01962e-08
-9.81085e-08
-9.78147e-08
-9.34392e-08
-8.31961e-08
-9.48655e-08
-6.74984e-08
-8.59138e-08
-5.68234e-08
-3.15426e-08
-2.07283e-08
-3.35846e-08
-3.87221e-08
-6.4014e-08
-5.88488e-08
-7.32727e-08
-9.92097e-08
-1.24759e-07
-1.16954e-07
-1.34349e-07
-1.37077e-07
-1.52548e-07
-1.65035e-07
-2.39642e-07
-3.28643e-07
-4.67733e-07
-6.83486e-07
-1.02974e-06
-1.52267e-06
-2.20058e-06
-3.23732e-06
-4.77162e-06
-7.345e-06
-1.13431e-05
-2.03339e-05
-3.464e-05
-8.90538e-05
-0.000216556
-0.000735038
-0.0014301
-0.0176593
-0.0112162
-0.00333507
-9.09831e-05
0.000228955
-7.21436e-05
-0.000197861
-0.000246188
-0.000220955
-0.000196202
-0.000167632
-0.000143739
-0.000122109
-0.000105176
-9.07938e-05
-7.8042e-05
-6.64788e-05
-5.64019e-05
-4.75374e-05
-3.99438e-05
-3.32705e-05
-2.74824e-05
-2.24752e-05
-1.82708e-05
-1.4674e-05
-1.17176e-05
-9.29231e-06
-7.30911e-06
-5.65189e-06
-4.37141e-06
-3.295e-06
-2.45927e-06
-1.77856e-06
-1.28655e-06
-9.01094e-07
-5.98867e-07
-4.01273e-07
-3.0676e-07
-1.65024e-07
-1.20023e-07
-9.9828e-08
-9.91933e-08
-6.31644e-08
-4.28765e-08
-1.18163e-08
-3.26472e-08
4.58929e-08
7.37355e-08
5.69006e-08
6.45257e-08
5.51865e-08
1.79094e-08
1.19954e-08
-3.69486e-09
4.23332e-08
2.93267e-08
1.04235e-08
-1.35804e-08
-8.16547e-09
-5.27707e-08
-6.74112e-08
-9.23357e-08
-9.58553e-08
-9.05165e-08
-7.74472e-08
-9.40671e-08
-6.62097e-08
-7.87539e-08
-5.79567e-08
-2.98794e-08
-2.13616e-08
-4.14887e-08
-4.40242e-08
-6.64167e-08
-6.73214e-08
-7.76746e-08
-1.0114e-07
-1.35834e-07
-1.34208e-07
-1.5022e-07
-1.70857e-07
-2.06837e-07
-2.40835e-07
-3.49717e-07
-4.88869e-07
-6.95202e-07
-1.0019e-06
-1.47141e-06
-2.1467e-06
-3.07303e-06
-4.46359e-06
-6.53026e-06
-1.00162e-05
-1.53706e-05
-2.74593e-05
-4.67913e-05
-0.000120858
-0.000295542
-0.00100661
-0.00196199
-0.0229581
-0.0142955
-0.00420375
-0.000120149
0.000285583
-9.51818e-05
-0.000249861
-0.000310359
-0.000278078
-0.000246881
-0.000210509
-0.000180523
-0.000153427
-0.00013198
-0.000113721
-9.76588e-05
-8.31833e-05
-7.05739e-05
-5.94767e-05
-4.99264e-05
-4.15603e-05
-3.42987e-05
-2.80204e-05
-2.27398e-05
-1.82508e-05
-1.45475e-05
-1.1524e-05
-9.0547e-06
-6.99017e-06
-5.38674e-06
-4.07568e-06
-3.05042e-06
-2.2212e-06
-1.61144e-06
-1.15111e-06
-7.87256e-07
-5.28917e-07
-4.04645e-07
-2.53311e-07
-1.80881e-07
-1.37403e-07
-1.28781e-07
-9.52505e-08
-6.53332e-08
-1.31992e-08
-2.91115e-08
3.69093e-08
8.09929e-08
6.10213e-08
5.51363e-08
4.91882e-08
1.35672e-08
5.87071e-09
-1.30427e-08
3.14228e-08
2.93471e-08
1.12259e-08
-1.77316e-08
-1.04739e-08
-4.69759e-08
-6.3969e-08
-8.48583e-08
-9.13611e-08
-8.85841e-08
-7.18099e-08
-9.16151e-08
-6.52666e-08
-7.05772e-08
-5.81268e-08
-3.0485e-08
-2.14336e-08
-4.86684e-08
-4.99233e-08
-6.58197e-08
-7.29027e-08
-8.33764e-08
-1.014e-07
-1.42072e-07
-1.50544e-07
-1.65403e-07
-1.99564e-07
-2.57459e-07
-3.12228e-07
-4.50476e-07
-6.3642e-07
-9.06328e-07
-1.2975e-06
-1.88056e-06
-2.7222e-06
-3.87876e-06
-5.59069e-06
-8.12877e-06
-1.24181e-05
-1.89356e-05
-3.36626e-05
-5.73479e-05
-0.00014901
-0.000367106
-0.00125597
-0.00245385
-0.0284546
-0.0172749
-0.00500849
-0.000151715
0.00033615
-0.000119622
-0.000298203
-0.000369821
-0.000330585
-0.000293389
-0.000249701
-0.000214073
-0.000181918
-0.000156304
-0.000134465
-0.000115367
-9.82255e-05
-8.3305e-05
-7.0179e-05
-5.88478e-05
-4.89512e-05
-4.0364e-05
-3.29423e-05
-2.66918e-05
-2.14088e-05
-1.70417e-05
-1.34777e-05
-1.05825e-05
-8.16442e-06
-6.26952e-06
-4.7484e-06
-3.56297e-06
-2.60964e-06
-1.89385e-06
-1.36475e-06
-9.54337e-07
-6.41141e-07
-4.8456e-07
-3.30137e-07
-2.3999e-07
-1.72406e-07
-1.50414e-07
-1.19272e-07
-8.85068e-08
-1.78761e-08
-2.18907e-08
2.8987e-08
8.29952e-08
6.64266e-08
4.62884e-08
4.10287e-08
9.66155e-09
2.12426e-09
-1.9039e-08
1.97383e-08
2.6059e-08
1.32038e-08
-1.99939e-08
-1.29157e-08
-4.16828e-08
-6.04627e-08
-7.69056e-08
-8.40729e-08
-8.66243e-08
-6.66699e-08
-8.76096e-08
-6.44337e-08
-6.2024e-08
-5.68824e-08
-3.32549e-08
-2.16322e-08
-5.41267e-08
-5.6413e-08
-6.35913e-08
-7.45958e-08
-8.94624e-08
-1.01585e-07
-1.43936e-07
-1.64432e-07
-1.80353e-07
-2.22858e-07
-3.02264e-07
-3.78127e-07
-5.4014e-07
-7.6789e-07
-1.09679e-06
-1.56377e-06
-2.24896e-06
-3.23702e-06
-4.59942e-06
-6.59454e-06
-9.53006e-06
-1.44864e-05
-2.19335e-05
-3.87388e-05
-6.5945e-05
-0.000172622
-0.000429367
-0.00147704
-0.00289444
-0.0342014
-0.0201253
-0.00573411
-0.000186156
0.000379841
-0.000145309
-0.00034192
-0.00042344
-0.000377416
-0.000334789
-0.000284396
-0.000243686
-0.000206979
-0.000177627
-0.000152576
-0.000130777
-0.000111271
-9.43064e-05
-7.94002e-05
-6.65047e-05
-5.52697e-05
-4.55341e-05
-3.71246e-05
-3.00333e-05
-2.40701e-05
-1.9141e-05
-1.51078e-05
-1.18512e-05
-9.14299e-06
-7.00089e-06
-5.29792e-06
-3.98169e-06
-2.93224e-06
-2.12872e-06
-1.53684e-06
-1.09407e-06
-7.37904e-07
-5.48045e-07
-3.92028e-07
-2.94482e-07
-2.05822e-07
-1.66781e-07
-1.34252e-07
-1.09582e-07
-2.7124e-08
-1.43258e-08
2.32524e-08
7.97816e-08
7.01659e-08
3.74676e-08
3.06026e-08
4.55321e-09
-9.80102e-10
-2.31781e-08
7.60719e-09
1.84674e-08
1.39428e-08
-2.18401e-08
-1.6207e-08
-3.77861e-08
-5.78963e-08
-7.08754e-08
-7.50909e-08
-8.46818e-08
-6.28234e-08
-8.32743e-08
-6.42909e-08
-5.46553e-08
-5.48384e-08
-3.86296e-08
-2.37559e-08
-5.84545e-08
-6.38176e-08
-6.25053e-08
-7.3448e-08
-9.56771e-08
-1.03872e-07
-1.43992e-07
-1.75563e-07
-1.95982e-07
-2.42169e-07
-3.4019e-07
-4.3788e-07
-6.18484e-07
-8.80952e-07
-1.26332e-06
-1.79559e-06
-2.56937e-06
-3.68111e-06
-5.21911e-06
-7.45364e-06
-1.07036e-05
-1.61678e-05
-2.428e-05
-4.25251e-05
-7.22861e-05
-0.00019093
-0.000480622
-0.00166399
-0.00327265
-0.0402575
-0.0228126
-0.00636477
-0.000223821
0.000416133
-0.000171822
-0.000379963
-0.000470032
-0.000417493
-0.000370134
-0.000313788
-0.000268668
-0.000228017
-0.000195446
-0.000167623
-0.000143516
-0.000122004
-0.000103309
-8.69131e-05
-7.27104e-05
-6.03588e-05
-4.96775e-05
-4.04612e-05
-3.26826e-05
-2.61666e-05
-2.07919e-05
-1.63771e-05
-1.28289e-05
-9.89768e-06
-7.56454e-06
-5.71469e-06
-4.29672e-06
-3.17887e-06
-2.31206e-06
-1.66533e-06
-1.20195e-06
-8.18617e-07
-5.9907e-07
-4.38833e-07
-3.4271e-07
-2.38804e-07
-1.82418e-07
-1.43276e-07
-1.2788e-07
-4.19197e-08
-1.0677e-08
1.80563e-08
6.96954e-08
6.87089e-08
2.65143e-08
1.70562e-08
-4.35134e-09
-6.35935e-09
-2.89617e-08
-6.35466e-09
4.90313e-09
1.02176e-08
-2.62712e-08
-2.26134e-08
-3.75014e-08
-5.76913e-08
-7.00033e-08
-6.78973e-08
-8.46115e-08
-6.23906e-08
-8.11715e-08
-6.71186e-08
-5.1505e-08
-5.43085e-08
-4.81326e-08
-3.0759e-08
-6.39803e-08
-7.3386e-08
-6.60687e-08
-7.28612e-08
-1.03193e-07
-1.1064e-07
-1.46152e-07
-1.85301e-07
-2.13687e-07
-2.60793e-07
-3.71914e-07
-4.91411e-07
-6.86637e-07
-9.74512e-07
-1.40302e-06
-1.98891e-06
-2.8352e-06
-4.04553e-06
-5.72417e-06
-8.14845e-06
-1.16243e-05
-1.74215e-05
-2.5912e-05
-4.49072e-05
-7.61559e-05
-0.000203315
-0.000519391
-0.00181131
-0.00357758
-0.0466893
-0.0252965
-0.00688374
-0.000264807
0.000444824
-0.000198437
-0.000411191
-0.00050835
-0.000449708
-0.000398458
-0.000337067
-0.000288332
-0.000244451
-0.000209267
-0.000179186
-0.000153227
-0.000130123
-0.000110061
-9.25024e-05
-7.72885e-05
-6.40732e-05
-5.26714e-05
-4.28503e-05
-3.45617e-05
-2.76339e-05
-2.19407e-05
-1.72482e-05
-1.34859e-05
-1.03991e-05
-7.93877e-06
-5.98627e-06
-4.49745e-06
-3.33678e-06
-2.43523e-06
-1.74595e-06
-1.27219e-06
-8.78163e-07
-6.37084e-07
-4.68912e-07
-3.79159e-07
-2.67148e-07
-1.97625e-07
-1.47836e-07
-1.41075e-07
-5.83093e-08
-1.07036e-08
1.44679e-08
5.57341e-08
6.337e-08
1.55057e-08
4.07449e-09
-1.45989e-08
-1.25575e-08
-3.51826e-08
-1.95547e-08
-1.12425e-08
3.77076e-09
-3.16625e-08
-3.03619e-08
-3.86228e-08
-5.71186e-08
-7.2383e-08
-6.24582e-08
-8.46478e-08
-6.29833e-08
-7.93723e-08
-7.0217e-08
-5.0828e-08
-5.3098e-08
-5.85014e-08
-4.04223e-08
-6.88911e-08
-8.12668e-08
-7.1952e-08
-7.16735e-08
-1.08732e-07
-1.18718e-07
-1.49815e-07
-1.91647e-07
-2.29905e-07
-2.77598e-07
-3.95152e-07
-5.33848e-07
-7.41426e-07
-1.04484e-06
-1.50878e-06
-2.13515e-06
-3.03501e-06
-4.31625e-06
-6.09619e-06
-8.65463e-06
-1.22648e-05
-1.82124e-05
-2.67837e-05
-4.58179e-05
-7.74263e-05
-0.000209331
-0.000544445
-0.00191387
-0.00379864
-0.0535733
-0.0275285
-0.00727321
-0.000308823
0.000466011
-0.000224106
-0.000434387
-0.000537086
-0.000472941
-0.000418791
-0.000353432
-0.000302007
-0.00025572
-0.00021862
-0.000186874
-0.000159578
-0.000135351
-0.000114333
-9.59747e-05
-8.00798e-05
-6.62863e-05
-5.44104e-05
-4.42033e-05
-3.5601e-05
-2.8417e-05
-2.25395e-05
-1.76858e-05
-1.3797e-05
-1.06232e-05
-8.10189e-06
-6.09999e-06
-4.57581e-06
-3.39649e-06
-2.48994e-06
-1.77562e-06
-1.29942e-06
-9.08862e-07
-6.57493e-07
-4.77445e-07
-3.94244e-07
-2.78924e-07
-2.02714e-07
-1.41082e-07
-1.39166e-07
-6.36331e-08
-3.22699e-09
2.20158e-08
4.91809e-08
6.53357e-08
1.60537e-08
3.81341e-09
-1.44039e-08
-8.59601e-09
-3.13377e-08
-2.06194e-08
-1.79068e-08
5.78224e-09
-2.73165e-08
-2.83916e-08
-3.02279e-08
-4.42049e-08
-6.63396e-08
-4.92103e-08
-7.3868e-08
-5.3349e-08
-6.69002e-08
-6.26362e-08
-4.24056e-08
-4.11136e-08
-5.79766e-08
-4.12983e-08
-6.25228e-08
-7.5487e-08
-6.81298e-08
-6.00861e-08
-1.01026e-07
-1.15533e-07
-1.4442e-07
-1.84717e-07
-2.32203e-07
-2.82255e-07
-4.01749e-07
-5.5656e-07
-7.75864e-07
-1.08709e-06
-1.57326e-06
-2.22632e-06
-3.15788e-06
-4.47891e-06
-6.31718e-06
-8.94906e-06
-1.26009e-05
-1.85167e-05
-2.68737e-05
-4.52464e-05
-7.60734e-05
-0.000208737
-0.000554863
-0.00196712
-0.00392561
-0.0609988
-0.0294495
-0.00751404
-0.000355083
0.000479935
-0.000247554
-0.000448379
-0.000554978
-0.000486169
-0.000430264
-0.000362205
-0.000309151
-0.000261395
-0.000223165
-0.000190427
-0.000162369
-0.000137539
-0.000116024
-9.7266e-05
-8.10509e-05
-6.69963e-05
-5.49158e-05
-4.45565e-05
-3.58518e-05
-2.85829e-05
-2.26605e-05
-1.77695e-05
-1.385e-05
-1.06597e-05
-8.13996e-06
-6.14459e-06
-4.62303e-06
-3.44605e-06
-2.55758e-06
-1.83333e-06
-1.35436e-06
-9.75163e-07
-7.22989e-07
-5.28482e-07
-4.46156e-07
-3.27347e-07
-2.51609e-07
-1.80818e-07
-1.80016e-07
-1.13494e-07
-4.73935e-08
-2.09171e-08
-8.03243e-09
1.60667e-08
-3.15703e-08
-4.39716e-08
-6.33664e-08
-5.49823e-08
-7.71494e-08
-6.81638e-08
-7.12572e-08
-4.08296e-08
-7.06555e-08
-7.54041e-08
-7.21329e-08
-7.93782e-08
-1.10556e-07
-8.87512e-08
-1.12774e-07
-9.35193e-08
-1.04135e-07
-1.04013e-07
-8.60614e-08
-7.9074e-08
-1.05484e-07
-9.2083e-08
-1.05231e-07
-1.1569e-07
-1.13391e-07
-9.91732e-08
-1.39158e-07
-1.57081e-07
-1.86271e-07
-2.22068e-07
-2.75382e-07
-3.28926e-07
-4.51496e-07
-6.20677e-07
-8.52913e-07
-1.1684e-06
-1.67066e-06
-2.34141e-06
-3.28749e-06
-4.61988e-06
-6.47332e-06
-9.11757e-06
-1.27212e-05
-1.8433e-05
-2.62999e-05
-4.33535e-05
-7.22938e-05
-0.000201635
-0.000550171
-0.0019673
-0.00394894
-0.0690731
-0.0309865
-0.0075854
-0.000402141
0.000486731
-0.000267428
-0.000452198
-0.000560931
-0.000488595
-0.000432254
-0.000362977
-0.000309511
-0.000261354
-0.000222878
-0.000189913
-0.000161734
-0.000136874
-0.000115367
-9.66487e-05
-8.05032e-05
-6.65346e-05
-5.45465e-05
-4.42884e-05
-3.57074e-05
-2.8545e-05
-2.27249e-05
-1.79187e-05
-1.40654e-05
-1.09304e-05
-8.46451e-06
-6.52091e-06
-5.03151e-06
-3.86525e-06
-2.99496e-06
-2.26525e-06
-1.76833e-06
-1.41146e-06
-1.17481e-06
-9.75355e-07
-8.94598e-07
-7.82523e-07
-7.14904e-07
-6.40253e-07
-6.36893e-07
-5.7962e-07
-5.14542e-07
-4.86723e-07
-4.87329e-07
-4.57498e-07
-4.9985e-07
-5.11699e-07
-5.33558e-07
-5.23873e-07
-5.44467e-07
-5.35224e-07
-5.4346e-07
-5.08696e-07
-5.33973e-07
-5.43464e-07
-5.37435e-07
-5.36122e-07
-5.75202e-07
-5.52707e-07
-5.73928e-07
-5.55741e-07
-5.63649e-07
-5.66576e-07
-5.53115e-07
-5.39519e-07
-5.72176e-07
-5.64053e-07
-5.69741e-07
-5.75103e-07
-5.79085e-07
-5.61563e-07
-5.97073e-07
-6.15987e-07
-6.4725e-07
-6.77713e-07
-7.32336e-07
-7.89089e-07
-9.04896e-07
-1.07388e-06
-1.30805e-06
-1.61907e-06
-2.1418e-06
-2.83353e-06
-3.79656e-06
-5.13e-06
-6.96704e-06
-9.57126e-06
-1.30488e-05
-1.84052e-05
-2.55437e-05
-4.06949e-05
-6.67257e-05
-0.000188696
-0.00053053
-0.00191183
-0.00386004
-0.077917
-0.0320458
-0.00746333
-0.000446901
0.000486788
-0.000281807
-0.000444575
-0.000553464
-0.000479116
-0.000423856
-0.000355106
-0.000302639
-0.000255326
-0.000217635
-0.000185332
-0.000157742
-0.000133479
-0.000112527
-9.43234e-05
-7.86611e-05
-6.51463e-05
-5.35699e-05
-4.36838e-05
-3.5458e-05
-2.86063e-05
-2.30401e-05
-1.84426e-05
-1.47542e-05
-1.17515e-05
-9.38936e-06
-7.53588e-06
-6.10574e-06
-4.95982e-06
-4.10214e-06
-3.3985e-06
-2.92855e-06
-2.60422e-06
-2.39549e-06
-2.20349e-06
-2.12598e-06
-2.02873e-06
-1.9733e-06
-1.90148e-06
-1.89258e-06
-1.84333e-06
-1.78153e-06
-1.75353e-06
-1.76772e-06
-1.73528e-06
-1.76765e-06
-1.77812e-06
-1.80318e-06
-1.79335e-06
-1.81158e-06
-1.80254e-06
-1.81561e-06
-1.77906e-06
-1.79793e-06
-1.81173e-06
-1.80565e-06
-1.79459e-06
-1.83768e-06
-1.81861e-06
-1.83552e-06
-1.81817e-06
-1.82357e-06
-1.82891e-06
-1.82103e-06
-1.80121e-06
-1.83614e-06
-1.83504e-06
-1.83467e-06
-1.83339e-06
-1.84246e-06
-1.82546e-06
-1.85672e-06
-1.87455e-06
-1.90775e-06
-1.93404e-06
-1.98603e-06
-2.04453e-06
-2.14556e-06
-2.30209e-06
-2.52579e-06
-2.82095e-06
-3.32297e-06
-4.00255e-06
-4.98473e-06
-6.31196e-06
-8.10237e-06
-1.06136e-05
-1.38942e-05
-1.87651e-05
-2.4986e-05
-3.77673e-05
-6.00194e-05
-0.000170783
-0.000496242
-0.00179884
-0.00365088
-0.0876272
-0.0325002
-0.00711901
-0.000482892
0.000481818
-0.000286777
-0.000422576
-0.000529366
-0.000454941
-0.000402474
-0.000336241
-0.000286349
-0.000241278
-0.000205509
-0.000174847
-0.000148614
-0.000125606
-0.000105775
-8.85723e-05
-7.37987e-05
-6.10821e-05
-5.02054e-05
-4.09198e-05
-3.32125e-05
-2.67966e-05
-2.16035e-05
-1.73432e-05
-1.39319e-05
-1.11628e-05
-8.98137e-06
-7.2838e-06
-5.97787e-06
-4.9159e-06
-4.12392e-06
-3.47574e-06
-3.06919e-06
-2.78184e-06
-2.60186e-06
-2.42392e-06
-2.34535e-06
-2.25833e-06
-2.21467e-06
-2.15234e-06
-2.13723e-06
-2.09547e-06
-2.03908e-06
-2.0117e-06
-2.03647e-06
-2.00648e-06
-2.02615e-06
-2.03427e-06
-2.0617e-06
-2.05405e-06
-2.06847e-06
-2.06027e-06
-2.07618e-06
-2.04114e-06
-2.05169e-06
-2.0694e-06
-2.06636e-06
-2.04713e-06
-2.08831e-06
-2.07547e-06
-2.08779e-06
-2.07136e-06
-2.07385e-06
-2.08067e-06
-2.07882e-06
-2.0546e-06
-2.08739e-06
-2.09394e-06
-2.08962e-06
-2.08139e-06
-2.09295e-06
-2.07969e-06
-2.1079e-06
-2.12313e-06
-2.15566e-06
-2.17877e-06
-2.22517e-06
-2.28381e-06
-2.3741e-06
-2.51861e-06
-2.72924e-06
-3.00298e-06
-3.45095e-06
-4.09561e-06
-5.02615e-06
-6.279e-06
-7.94764e-06
-1.02759e-05
-1.32697e-05
-1.75323e-05
-2.26975e-05
-3.28722e-05
-5.08396e-05
-0.000147197
-0.00044633
-0.00162605
-0.00331324
-0.0982388
-0.0321883
-0.0065273
-0.000506829
0.000468195
-0.000281888
-0.000387299
-0.000489715
-0.000417397
-0.000369404
-0.000307576
-0.000261619
-0.000219893
-0.000186827
-0.000158462
-0.000134371
-0.000113289
-9.51386e-05
-7.94042e-05
-6.58841e-05
-5.42414e-05
-4.42599e-05
-3.56884e-05
-2.85103e-05
-2.247e-05
-1.76724e-05
-1.38786e-05
-1.08558e-05
-8.42599e-06
-6.50943e-06
-5.0364e-06
-3.92365e-06
-3.0213e-06
-2.36453e-06
-1.81418e-06
-1.45862e-06
-1.21286e-06
-1.0634e-06
-9.08511e-07
-8.30841e-07
-7.53841e-07
-7.19213e-07
-6.70601e-07
-6.50985e-07
-6.1757e-07
-5.68036e-07
-5.40929e-07
-5.71875e-07
-5.491e-07
-5.5556e-07
-5.60795e-07
-5.88983e-07
-5.85305e-07
-5.95018e-07
-5.8773e-07
-6.04377e-07
-5.74134e-07
-5.75443e-07
-5.95458e-07
-5.9772e-07
-5.73371e-07
-6.07581e-07
-6.02336e-07
-6.10394e-07
-5.9564e-07
-5.94776e-07
-6.01948e-07
-6.06093e-07
-5.8089e-07
-6.06739e-07
-6.19568e-07
-6.13875e-07
-6.00664e-07
-6.1149e-07
-6.02906e-07
-6.2918e-07
-6.41253e-07
-6.6995e-07
-6.9087e-07
-7.29053e-07
-7.85697e-07
-8.65292e-07
-9.94166e-07
-1.18501e-06
-1.42942e-06
-1.82951e-06
-2.40145e-06
-3.19335e-06
-4.28783e-06
-5.75211e-06
-7.80131e-06
-1.04197e-05
-1.39787e-05
-1.80207e-05
-2.57229e-05
-3.94821e-05
-0.000119437
-0.000384065
-0.00139888
-0.00284712
-0.109926
-0.0309626
-0.00570163
-0.000552391
0.000402967
-0.00030268
-0.000376133
-0.000472034
-0.000404036
-0.000361951
-0.00030598
-0.00026477
-0.000226785
-0.000196399
-0.000170283
-0.000149243
-0.000130923
-0.000115183
-0.000101573
-8.99002e-05
-7.98726e-05
-7.13046e-05
-6.39618e-05
-5.78164e-05
-5.26599e-05
-4.8578e-05
-4.53763e-05
-4.28319e-05
-4.08137e-05
-3.92157e-05
-3.79946e-05
-3.70913e-05
-3.63617e-05
-3.58397e-05
-3.54171e-05
-3.51228e-05
-3.49215e-05
-3.48032e-05
-3.46789e-05
-3.46078e-05
-3.45433e-05
-3.4516e-05
-3.44806e-05
-3.44599e-05
-3.44366e-05
-3.43959e-05
-3.43676e-05
-3.4399e-05
-3.43866e-05
-3.43829e-05
-3.43847e-05
-3.44116e-05
-3.44121e-05
-3.44169e-05
-3.44101e-05
-3.44265e-05
-3.44033e-05
-3.43958e-05
-3.44156e-05
-3.44244e-05
-3.43987e-05
-3.44224e-05
-3.44235e-05
-3.44289e-05
-3.4417e-05
-3.44132e-05
-3.4419e-05
-3.44285e-05
-3.44058e-05
-3.4422e-05
-3.44382e-05
-3.44326e-05
-3.44168e-05
-3.44263e-05
-3.44215e-05
-3.44459e-05
-3.44546e-05
-3.44766e-05
-3.44953e-05
-3.45253e-05
-3.45768e-05
-3.46431e-05
-3.47501e-05
-3.49156e-05
-3.51227e-05
-3.54611e-05
-3.5922e-05
-3.65692e-05
-3.7487e-05
-3.87162e-05
-4.04317e-05
-4.26173e-05
-4.54311e-05
-4.83503e-05
-5.33736e-05
-6.2444e-05
-0.000123674
-0.000349363
-0.0011685
-0.00229729
-0.123258
-0.0286551
-0.00469534
-0.000705486
0.000181329
-0.000447648
-0.000486704
-0.00057061
-0.000511015
-0.000477533
-0.000431183
-0.000397777
-0.000366663
-0.000341812
-0.00032044
-0.000303479
-0.000288768
-0.000276175
-0.000265338
-0.000256096
-0.00024821
-0.000241543
-0.000235906
-0.000231265
-0.000227459
-0.000224391
-0.000221893
-0.000219904
-0.000218355
-0.000217119
-0.000216167
-0.000215479
-0.000214922
-0.000214522
-0.000214207
-0.000213979
-0.000213825
-0.000213737
-0.00021365
-0.000213593
-0.00021354
-0.000213518
-0.000213495
-0.000213477
-0.000213465
-0.000213437
-0.000213404
-0.000213431
-0.000213434
-0.000213423
-0.00021342
-0.000213443
-0.000213446
-0.000213448
-0.00021344
-0.000213458
-0.000213444
-0.000213428
-0.000213443
-0.000213459
-0.000213435
-0.000213447
-0.000213454
-0.000213459
-0.000213448
-0.000213444
-0.000213446
-0.000213459
-0.000213442
-0.000213447
-0.000213463
-0.000213461
-0.000213447
-0.000213453
-0.000213448
-0.000213471
-0.000213477
-0.000213491
-0.000213509
-0.000213531
-0.000213571
-0.000213622
-0.000213703
-0.000213836
-0.000213997
-0.000214262
-0.000214624
-0.000215133
-0.000215862
-0.00021683
-0.000218165
-0.000219863
-0.00022192
-0.000223792
-0.000226202
-0.000230598
-0.000271599
-0.000444212
-0.00104991
-0.00176951
-0.135881
-0.0244283
-0.00334601
-0.000828663
-0.000106206
-0.000612006
-0.000618259
-0.000683155
-0.000636336
-0.000613365
-0.000579805
-0.000556467
-0.000534515
-0.000517188
-0.000502503
-0.000490508
-0.000480111
-0.000471236
-0.000463621
-0.000457161
-0.000451662
-0.000447049
-0.000443173
-0.000439998
-0.000437414
-0.000435335
-0.000433634
-0.000432278
-0.000431241
-0.000430414
-0.000429763
-0.000429307
-0.000428935
-0.000428668
-0.000428462
-0.000428309
-0.000428203
-0.000428147
-0.000428093
-0.000428056
-0.000428019
-0.000428005
-0.000427988
-0.000427975
-0.000427973
-0.000427961
-0.000427927
-0.000427946
-0.000427958
-0.000427948
-0.00042794
-0.000427958
-0.00042796
-0.000427962
-0.000427955
-0.00042797
-0.000427964
-0.000427945
-0.000427952
-0.000427974
-0.000427955
-0.000427956
-0.000427964
-0.00042797
-0.000427963
-0.000427959
-0.000427957
-0.00042797
-0.000427959
-0.000427958
-0.000427972
-0.000427972
-0.000427959
-0.000427965
-0.00042796
-0.000427978
-0.000427981
-0.000427988
-0.000428
-0.000428016
-0.000428042
-0.000428075
-0.000428129
-0.000428223
-0.000428332
-0.000428511
-0.000428759
-0.000429108
-0.000429613
-0.000430276
-0.000431175
-0.00043232
-0.000433618
-0.000434604
-0.000435274
-0.000436412
-0.000458841
-0.000569141
-0.000943294
-0.00117819
-0.128441
-0.0160004
-0.000987791
6.87491e-05
0.000503256
0.000188104
0.000199253
0.000160954
0.000190008
0.000202379
0.000221502
0.000234332
0.00024661
0.000256262
0.000264341
0.000270832
0.00027642
0.000281174
0.00028525
0.000288677
0.000291588
0.000294011
0.000296032
0.000297692
0.000299048
0.000300119
0.000300989
0.000301692
0.000302202
0.000302611
0.000302955
0.000303179
0.000303361
0.000303493
0.000303589
0.000303666
0.000303723
0.000303753
0.000303773
0.000303789
0.000303814
0.000303818
0.00030383
0.000303842
0.000303835
0.000303826
0.000303859
0.000303855
0.000303833
0.000303841
0.000303856
0.000303843
0.000303838
0.00030384
0.00030385
0.000303835
0.000303828
0.000303852
0.000303855
0.000303827
0.000303839
0.000303849
0.000303839
0.000303832
0.000303838
0.000303841
0.000303847
0.000303835
0.00030384
0.000303846
0.000303835
0.000303833
0.000303843
0.000303837
0.000303845
0.000303828
0.000303828
0.000303829
0.000303824
0.000303809
0.000303796
0.000303782
0.000303757
0.000303703
0.000303648
0.000303558
0.000303427
0.000303248
0.00030298
0.000302635
0.000302184
0.000301593
0.000300978
0.000300645
0.000300849
0.000301414
0.0002933
0.000239518
7.33307e-05
0.000219078
-0.0563929
-0.00359487
0.00176427
0.00200085
0.00213033
0.00203718
0.00204434
0.00203441
0.00204371
0.00204752
0.00205316
0.00205681
0.00206021
0.00206279
0.00206497
0.00206675
0.00206824
0.00206948
0.00207053
0.0020714
0.00207213
0.00207273
0.00207323
0.00207363
0.00207396
0.00207422
0.00207442
0.00207459
0.00207471
0.00207481
0.00207489
0.00207494
0.00207498
0.00207501
0.00207503
0.00207505
0.00207506
0.00207507
0.00207507
0.00207508
0.00207509
0.00207509
0.00207509
0.00207509
0.00207509
0.00207509
0.00207509
0.00207509
0.00207509
0.00207509
0.0020751
0.00207509
0.00207509
0.00207509
0.00207509
0.00207509
0.00207509
0.00207509
0.0020751
0.00207509
0.00207509
0.00207509
0.00207509
0.00207509
0.00207509
0.00207509
0.00207509
0.00207509
0.00207509
0.00207509
0.00207509
0.00207509
0.00207509
0.00207509
0.00207509
0.00207509
0.00207509
0.00207509
0.00207509
0.00207508
0.00207508
0.00207507
0.00207507
0.00207505
0.00207504
0.00207501
0.00207497
0.00207492
0.00207485
0.00207475
0.00207463
0.00207448
0.00207434
0.00207433
0.00207462
0.00207526
0.00207437
0.00206116
0.00202115
0.00215156
)
;

boundaryField
{
    inlet
    {
        type            calculated;
        value           uniform 0;
    }
    outlet
    {
        type            calculated;
        value           nonuniform List<scalar> 
40
(
-0.00215157
-0.000219099
0.00117816
0.00176947
0.00229725
0.00284707
0.00331318
0.00365081
0.00385995
0.00394884
0.0039255
0.00379853
0.00357747
0.00327253
0.00289432
0.00245373
0.00196186
0.00142998
0.000869438
0.000291683
-0.000291815
-0.000869569
-0.0014301
-0.00196199
-0.00245385
-0.00289444
-0.00327265
-0.00357758
-0.00379864
-0.00392561
-0.00394894
-0.00386004
-0.00365088
-0.00331324
-0.00284712
-0.00229729
-0.00176951
-0.00117819
0.000219078
0.00215156
)
;
    }
    lowerWall
    {
        type            calculated;
        value           uniform 0;
    }
    upperWall
    {
        type            calculated;
        value           uniform 0;
    }
    frontAndBack
    {
        type            empty;
    }
}


// ************************************************************************* //
